"Time (ps)"	"Counts per bin"
0	302692
100000000	304938
200000000	304781
300000000	304155
400000000	304421
500000000	305448
600000000	304891
700000000	305227
800000000	304933
900000000	303756
1000000000	305746
1100000000	304464
1200000000	304448
1300000000	305197
1400000000	304978
1500000000	305002
1600000000	304897
1700000000	304970
1800000000	304462
1900000000	304808
2000000000	304881
2100000000	304460
2200000000	305381
2300000000	305741
2400000000	305547
2500000000	305239
2600000000	305238
2700000000	304659
2800000000	305075
2900000000	305328
3000000000	304995
3100000000	305474
3200000000	306120
3300000000	304980
3400000000	305522
3500000000	305204
3600000000	305830
3700000000	305407
3800000000	305537
3900000000	305368
4000000000	304738
4100000000	304849
4200000000	305114
4300000000	304476
4400000000	304345
4500000000	304979
4600000000	305955
4700000000	304858
4800000000	304109
4900000000	304873
5000000000	305931
5100000000	304884
5200000000	305436
5300000000	305001
5400000000	304797
5500000000	304652
5600000000	304917
5700000000	305034
5800000000	304634
5900000000	305371
6000000000	305426
6100000000	304235
6200000000	305287
6300000000	305117
6400000000	305785
6500000000	305016
6600000000	305082
6700000000	305285
6800000000	305542
6900000000	304838
7000000000	303951
7100000000	304477
7200000000	304669
7300000000	305292
7400000000	305197
7500000000	305095
7600000000	305746
7700000000	305014
7800000000	304817
7900000000	304528
8000000000	305752
8100000000	305144
8200000000	304872
8300000000	305533
8400000000	304817
8500000000	304308
8600000000	305561
8700000000	305530
8800000000	304456
8900000000	305180
9000000000	304453
9100000000	304671
9200000000	304833
9300000000	305044
9400000000	304954
9500000000	305097
9600000000	305544
9700000000	305254
9800000000	305143
9900000000	306085
10000000000	305443
10100000000	305270
10200000000	304619
10300000000	304905
10400000000	304959
10500000000	305938
10600000000	304811
10700000000	305344
10800000000	305210
10900000000	304968
11000000000	304063
11100000000	305324
11200000000	304286
11300000000	305073
11400000000	304218
11500000000	304455
11600000000	304680
11700000000	304518
11800000000	305136
11900000000	304634
12000000000	305283
12100000000	305291
12200000000	304922
12300000000	304556
12400000000	305809
12500000000	304963
12600000000	305137
12700000000	306177
12800000000	305479
12900000000	304617
13000000000	304760
13100000000	305439
13200000000	305000
13300000000	305494
13400000000	306241
13500000000	304633
13600000000	304294
13700000000	305296
13800000000	304791
13900000000	304241
14000000000	304727
14100000000	305402
14200000000	305208
14300000000	305895
14400000000	305666
14500000000	304151
14600000000	305119
14700000000	304759
14800000000	305205
14900000000	304391
15000000000	305518
15100000000	306198
15200000000	305751
15300000000	304936
15400000000	304526
15500000000	305023
15600000000	304415
15700000000	305451
15800000000	305626
15900000000	303758
16000000000	305608
16100000000	305385
16200000000	304824
16300000000	304449
16400000000	304878
16500000000	304702
16600000000	305004
16700000000	305533
16800000000	305139
16900000000	305448
17000000000	304760
17100000000	304827
17200000000	305984
17300000000	304890
17400000000	305469
17500000000	305778
17600000000	304962
17700000000	305788
17800000000	305740
17900000000	305508
18000000000	304983
18100000000	304957
18200000000	304774
18300000000	305153
18400000000	304924
18500000000	304310
18600000000	305228
18700000000	305449
18800000000	303973
18900000000	304205
19000000000	305388
19100000000	304239
19200000000	304841
19300000000	304946
19400000000	304875
19500000000	304506
19600000000	305000
19700000000	304290
19800000000	305255
19900000000	304891
20000000000	304744
20100000000	304216
20200000000	305351
20300000000	304872
20400000000	305434
20500000000	305202
20600000000	304212
20700000000	305166
20800000000	305124
20900000000	305421
21000000000	304982
21100000000	305370
21200000000	304859
21300000000	305421
21400000000	305595
21500000000	305614
21600000000	304500
21700000000	305511
21800000000	304440
21900000000	304157
22000000000	304560
22100000000	305225
22200000000	304340
22300000000	306242
22400000000	304469
22500000000	306224
22600000000	305399
22700000000	305588
22800000000	304878
22900000000	304639
23000000000	305240
23100000000	304945
23200000000	305541
23300000000	304984
23400000000	304519
23500000000	305299
23600000000	304942
23700000000	304564
23800000000	305621
23900000000	305247
24000000000	305254
24100000000	304733
24200000000	305152
24300000000	304968
24400000000	304485
24500000000	304821
24600000000	304541
24700000000	304767
24800000000	305254
24900000000	304060
25000000000	303165
25100000000	302755
25200000000	302320
25300000000	303684
25400000000	303664
25500000000	301712
25600000000	302812
25700000000	302029
25800000000	302429
25900000000	302566
26000000000	302197
26100000000	301282
26200000000	302291
26300000000	302730
26400000000	301755
26500000000	300514
26600000000	301118
26700000000	300832
26800000000	301685
26900000000	301238
27000000000	300971
27100000000	300955
27200000000	302329
27300000000	302053
27400000000	302098
27500000000	300680
27600000000	301881
27700000000	301185
27800000000	300405
27900000000	301908
28000000000	301629
28100000000	300837
28200000000	301561
28300000000	300830
28400000000	301313
28500000000	301054
28600000000	301060
28700000000	300887
28800000000	300730
28900000000	300229
29000000000	301160
29100000000	301278
29200000000	300799
29300000000	300447
29400000000	300599
29500000000	301238
29600000000	301733
29700000000	301562
29800000000	301410
29900000000	301075
30000000000	300804
30100000000	300042
30200000000	299926
30300000000	301085
30400000000	300292
30500000000	299564
30600000000	299662
30700000000	300542
30800000000	300306
30900000000	300166
31000000000	299877
31100000000	299240
31200000000	299414
31300000000	299813
31400000000	300100
31500000000	301125
31600000000	299823
31700000000	299977
31800000000	299750
31900000000	299771
32000000000	301279
32100000000	300546
32200000000	299577
32300000000	299739
32400000000	301766
32500000000	300110
32600000000	300726
32700000000	299733
32800000000	300713
32900000000	299467
33000000000	299629
33100000000	299828
33200000000	299784
33300000000	299173
33400000000	300850
33500000000	299840
33600000000	298250
33700000000	298750
33800000000	300395
33900000000	299356
34000000000	298954
34100000000	299614
34200000000	299743
34300000000	298694
34400000000	299951
34500000000	300103
34600000000	300358
34700000000	299030
34800000000	299364
34900000000	299656
35000000000	300040
35100000000	299169
35200000000	299482
35300000000	299835
35400000000	298983
35500000000	301070
35600000000	299642
35700000000	299117
35800000000	299505
35900000000	300344
36000000000	299699
36100000000	299620
36200000000	299792
36300000000	300053
36400000000	299399
36500000000	299930
36600000000	299544
36700000000	299726
36800000000	299535
36900000000	299027
37000000000	299543
37100000000	299078
37200000000	299555
37300000000	299504
37400000000	300783
37500000000	300776
37600000000	299291
37700000000	300229
37800000000	300470
37900000000	300295
38000000000	300388
38100000000	299710
38200000000	299751
38300000000	299927
38400000000	300850
38500000000	298522
38600000000	298062
38700000000	300100
38800000000	298922
38900000000	299869
39000000000	299124
39100000000	299705
39200000000	299011
39300000000	299101
39400000000	300466
39500000000	298569
39600000000	298718
39700000000	299692
39800000000	299067
39900000000	298905
40000000000	299185
40100000000	298318
40200000000	299153
40300000000	299334
40400000000	298134
40500000000	298516
40600000000	298413
40700000000	298763
40800000000	297770
40900000000	298682
41000000000	298082
41100000000	299305
41200000000	297619
41300000000	299025
41400000000	298872
41500000000	299053
41600000000	298858
41700000000	298417
41800000000	297472
41900000000	298137
42000000000	298743
42100000000	298318
42200000000	299357
42300000000	299870
42400000000	299459
42500000000	299041
42600000000	298509
42700000000	298687
42800000000	298318
42900000000	297932
43000000000	298653
43100000000	299191
43200000000	299883
43300000000	298755
43400000000	297201
43500000000	299065
43600000000	298806
43700000000	299186
43800000000	298701
43900000000	299673
44000000000	299994
44100000000	299595
44200000000	298576
44300000000	299519
44400000000	298999
44500000000	299404
44600000000	299953
44700000000	299986
44800000000	298146
44900000000	298956
45000000000	298612
45100000000	298577
45200000000	299233
45300000000	298546
45400000000	298892
45500000000	298979
45600000000	298281
45700000000	298495
45800000000	298504
45900000000	299106
46000000000	298901
46100000000	299415
46200000000	298901
46300000000	298513
46400000000	299772
46500000000	299175
46600000000	298925
46700000000	298964
46800000000	300160
46900000000	299549
47000000000	299268
47100000000	298971
47200000000	298276
47300000000	299756
47400000000	298953
47500000000	299749
47600000000	300190
47700000000	297819
47800000000	299380
47900000000	299393
48000000000	298393
48100000000	299030
48200000000	298930
48300000000	299386
48400000000	298626
48500000000	299736
48600000000	299438
48700000000	299310
48800000000	299309
48900000000	299768
49000000000	298850
49100000000	298424
49200000000	298616
49300000000	298762
49400000000	300204
49500000000	298871
49600000000	299856
49700000000	298201
49800000000	299264
49900000000	298607
50000000000	302511
50100000000	304915
50200000000	304458
50300000000	304321
50400000000	304209
50500000000	305403
50600000000	304931
50700000000	305167
50800000000	305038
50900000000	303444
51000000000	305710
51100000000	304396
51200000000	304552
51300000000	304965
51400000000	305035
51500000000	305068
51600000000	304707
51700000000	304956
51800000000	304565
51900000000	304591
52000000000	304875
52100000000	304345
52200000000	305318
52300000000	305768
52400000000	305642
52500000000	305159
52600000000	305250
52700000000	304505
52800000000	304767
52900000000	305583
53000000000	304864
53100000000	305479
53200000000	306041
53300000000	304985
53400000000	305436
53500000000	305180
53600000000	305665
53700000000	305387
53800000000	305478
53900000000	305113
54000000000	304907
54100000000	304883
54200000000	304943
54300000000	304384
54400000000	304382
54500000000	304873
54600000000	306046
54700000000	304883
54800000000	303982
54900000000	304615
55000000000	305992
55100000000	304943
55200000000	305192
55300000000	304860
55400000000	304994
55500000000	304609
55600000000	304860
55700000000	304940
55800000000	304572
55900000000	305395
56000000000	305361
56100000000	304168
56200000000	305111
56300000000	305282
56400000000	305608
56500000000	304942
56600000000	305079
56700000000	305194
56800000000	305473
56900000000	304680
57000000000	303852
57100000000	304725
57200000000	304535
57300000000	305226
57400000000	305136
57500000000	304887
57600000000	305878
57700000000	304705
57800000000	305096
57900000000	304430
58000000000	305500
58100000000	305115
58200000000	304974
58300000000	305523
58400000000	304477
58500000000	304535
58600000000	305235
58700000000	305670
58800000000	304303
58900000000	305326
59000000000	304383
59100000000	304625
59200000000	304705
59300000000	305035
59400000000	304909
59500000000	305063
59600000000	305406
59700000000	305446
59800000000	304932
59900000000	306055
60000000000	305497
60100000000	305139
60200000000	304520
60300000000	304820
60400000000	305080
60500000000	305782
60600000000	304762
60700000000	305174
60800000000	305254
60900000000	305051
61000000000	303834
61100000000	305224
61200000000	304334
61300000000	305029
61400000000	304224
61500000000	304446
61600000000	304362
61700000000	304554
61800000000	305155
61900000000	304632
62000000000	305227
62100000000	305435
62200000000	304604
62300000000	304566
62400000000	305768
62500000000	304936
62600000000	305064
62700000000	305952
62800000000	305557
62900000000	304474
63000000000	304886
63100000000	305261
63200000000	305007
63300000000	305463
63400000000	306286
63500000000	304562
63600000000	304129
63700000000	305229
63800000000	304804
63900000000	304070
64000000000	304803
64100000000	305252
64200000000	305229
64300000000	305809
64400000000	305867
64500000000	304024
64600000000	304931
64700000000	304763
64800000000	305349
64900000000	304058
65000000000	305497
65100000000	306184
65200000000	305493
65300000000	305015
65400000000	304596
65500000000	304676
65600000000	304575
65700000000	305428
65800000000	305559
65900000000	303687
66000000000	305540
66100000000	305286
66200000000	304778
66300000000	304561
66400000000	304781
66500000000	304641
66600000000	304945
66700000000	305485
66800000000	305061
66900000000	305427
67000000000	304661
67100000000	304808
67200000000	306019
67300000000	304779
67400000000	305489
67500000000	305500
67600000000	304901
67700000000	305938
67800000000	305518
67900000000	305513
68000000000	305118
68100000000	304656
68200000000	304858
68300000000	305005
68400000000	305092
68500000000	304117
68600000000	305155
68700000000	305271
68800000000	304040
68900000000	304191
69000000000	305449
69100000000	304158
69200000000	304820
69300000000	304778
69400000000	304918
69500000000	304388
69600000000	304932
69700000000	304338
69800000000	305129
69900000000	304898
70000000000	304503
70100000000	304393
70200000000	305230
70300000000	304788
70400000000	305376
70500000000	305121
70600000000	304415
70700000000	304979
70800000000	305043
70900000000	305469
71000000000	304874
71100000000	305396
71200000000	304622
71300000000	305403
71400000000	305457
71500000000	305728
71600000000	304274
71700000000	305541
71800000000	304593
71900000000	304047
72000000000	304454
72100000000	304994
72200000000	304343
72300000000	306290
72400000000	304529
72500000000	305920
72600000000	305554
72700000000	305569
72800000000	304697
72900000000	304721
73000000000	304999
73100000000	305057
73200000000	305255
73300000000	305118
73400000000	304551
73500000000	305292
73600000000	304842
73700000000	304472
73800000000	305539
73900000000	305193
74000000000	305186
74100000000	304758
74200000000	305065
74300000000	304976
74400000000	304390
74500000000	304711
74600000000	304737
74700000000	304539
74800000000	305252
74900000000	304068
75000000000	303044
75100000000	302754
75200000000	302256
75300000000	303528
75400000000	303625
75500000000	301806
75600000000	302705
75700000000	302182
75800000000	302187
75900000000	302619
76000000000	302033
76100000000	301179
76200000000	302411
76300000000	302656
76400000000	301577
76500000000	300662
76600000000	300991
76700000000	300768
76800000000	301542
76900000000	301359
77000000000	301026
77100000000	300858
77200000000	302129
77300000000	301954
77400000000	302170
77500000000	300533
77600000000	301765
77700000000	301323
77800000000	300330
77900000000	301830
78000000000	301479
78100000000	300713
78200000000	301755
78300000000	300797
78400000000	301040
78500000000	301199
78600000000	300992
78700000000	300759
78800000000	300726
78900000000	300269
79000000000	300996
79100000000	301302
79200000000	300684
79300000000	300632
79400000000	300366
79500000000	301305
79600000000	301546
79700000000	301609
79800000000	301283
79900000000	300887
80000000000	300859
80100000000	300169
80200000000	299808
80300000000	301123
80400000000	300196
80500000000	299500
80600000000	299580
80700000000	300553
80800000000	300117
80900000000	300277
81000000000	299636
81100000000	299308
81200000000	299435
81300000000	299576
81400000000	300214
81500000000	301043
81600000000	299706
81700000000	300100
81800000000	299590
81900000000	299758
82000000000	301063
82100000000	300475
82200000000	299692
82300000000	299576
82400000000	301836
82500000000	299984
82600000000	300661
82700000000	299885
82800000000	300421
82900000000	299552
83000000000	299441
83100000000	299842
83200000000	299709
83300000000	299223
83400000000	300717
83500000000	299761
83600000000	298242
83700000000	298776
83800000000	300275
83900000000	299388
84000000000	299026
84100000000	299423
84200000000	299544
84300000000	298737
84400000000	299937
84500000000	299996
84600000000	300203
84700000000	299136
84800000000	299329
84900000000	299592
85000000000	299981
85100000000	299078
85200000000	299419
85300000000	299702
85400000000	299000
85500000000	301147
85600000000	299476
85700000000	299175
85800000000	299497
85900000000	300124
86000000000	299714
86100000000	299584
86200000000	299763
86300000000	299881
86400000000	299534
86500000000	299860
86600000000	299500
86700000000	299646
86800000000	299578
86900000000	299049
87000000000	299313
87100000000	299046
87200000000	299656
87300000000	299364
87400000000	300613
87500000000	300806
87600000000	299155
87700000000	300487
87800000000	300122
87900000000	300288
88000000000	300506
88100000000	299495
88200000000	299862
88300000000	299668
88400000000	301009
88500000000	298447
88600000000	297997
88700000000	299974
88800000000	298769
88900000000	300006
89000000000	299152
89100000000	299587
89200000000	298857
89300000000	299156
89400000000	300281
89500000000	298648
89600000000	298528
89700000000	299696
89800000000	298964
89900000000	298830
90000000000	299261
90100000000	298238
90200000000	298922
90300000000	299379
90400000000	298055
90500000000	298588
90600000000	298402
90700000000	298689
90800000000	297584
90900000000	298830
91000000000	297911
91100000000	299166
91200000000	297833
91300000000	298930
91400000000	298772
91500000000	299066
91600000000	298707
91700000000	298519
91800000000	297255
91900000000	298210
92000000000	298573
92100000000	298421
92200000000	299123
92300000000	299809
92400000000	299383
92500000000	299283
92600000000	298369
92700000000	298417
92800000000	298326
92900000000	297898
93000000000	298645
93100000000	298983
93200000000	299930
93300000000	298793
93400000000	297307
93500000000	298872
93600000000	298574
93700000000	299364
93800000000	298546
93900000000	299664
94000000000	299765
94100000000	299704
94200000000	298525
94300000000	299353
94400000000	298985
94500000000	299487
94600000000	299837
94700000000	299871
94800000000	298260
94900000000	298703
95000000000	298731
95100000000	298639
95200000000	299116
95300000000	298462
95400000000	298878
95500000000	298944
95600000000	298196
95700000000	298389
95800000000	298567
95900000000	298983
96000000000	299007
96100000000	299121
96200000000	298932
96300000000	298513
96400000000	299838
96500000000	299150
96600000000	298957
96700000000	298793
96800000000	300100
96900000000	299497
97000000000	299078
97100000000	298977
97200000000	298011
97300000000	299931
97400000000	298954
97500000000	299761
97600000000	300093
97700000000	297969
97800000000	299078
97900000000	299373
98000000000	298234
98100000000	299053
98200000000	298753
98300000000	299453
98400000000	298687
98500000000	299474
98600000000	299477
98700000000	299305
98800000000	299275
98900000000	299841
99000000000	298730
99100000000	298293
99200000000	298624
99300000000	298565
99400000000	300179
99500000000	298908
99600000000	299865
99700000000	298119
99800000000	299276
99900000000	298492
