"Time (ps)"	"Counts per bin"
0	252195
100000000	254542
200000000	254777
300000000	253779
400000000	254299
500000000	254519
600000000	254773
700000000	255336
800000000	254407
900000000	253541
1000000000	255435
1100000000	254271
1200000000	254522
1300000000	254748
1400000000	254616
1500000000	254455
1600000000	254385
1700000000	254830
1800000000	253773
1900000000	253905
2000000000	254226
2100000000	254059
2200000000	254972
2300000000	255877
2400000000	255105
2500000000	254721
2600000000	254838
2700000000	254378
2800000000	255022
2900000000	254991
3000000000	254424
3100000000	254787
3200000000	255062
3300000000	255116
3400000000	255173
3500000000	255047
3600000000	255083
3700000000	255190
3800000000	255268
3900000000	254849
4000000000	254551
4100000000	254867
4200000000	254721
4300000000	253883
4400000000	254458
4500000000	254746
4600000000	255395
4700000000	254534
4800000000	253767
4900000000	254526
5000000000	255417
5100000000	255031
5200000000	255082
5300000000	254427
5400000000	254445
5500000000	254098
5600000000	254460
5700000000	254704
5800000000	254111
5900000000	255417
6000000000	254784
6100000000	254558
6200000000	254994
6300000000	254817
6400000000	255266
6500000000	254928
6600000000	254650
6700000000	254893
6800000000	255286
6900000000	254225
7000000000	253539
7100000000	254250
7200000000	254398
7300000000	254837
7400000000	254672
7500000000	254356
7600000000	255676
7700000000	254802
7800000000	254611
7900000000	254058
8000000000	255489
8100000000	254830
8200000000	254758
8300000000	254756
8400000000	254255
8500000000	253997
8600000000	254910
8700000000	254861
8800000000	254361
8900000000	254664
9000000000	254052
9100000000	254092
9200000000	254379
9300000000	254596
9400000000	254534
9500000000	254278
9600000000	254789
9700000000	254601
9800000000	254691
9900000000	255571
10000000000	255062
10100000000	254651
10200000000	253938
10300000000	254184
10400000000	254346
10500000000	255641
10600000000	254414
10700000000	255206
10800000000	255049
10900000000	254777
11000000000	253765
11100000000	255021
11200000000	254164
11300000000	254750
11400000000	254056
11500000000	254080
11600000000	254174
11700000000	254347
11800000000	254392
11900000000	254498
12000000000	254959
12100000000	254651
12200000000	254563
12300000000	254475
12400000000	255393
12500000000	254330
12600000000	254850
12700000000	255605
12800000000	255135
12900000000	254223
13000000000	254400
13100000000	255100
13200000000	254561
13300000000	255051
13400000000	255708
13500000000	253954
13600000000	254079
13700000000	254641
13800000000	254490
13900000000	253987
14000000000	254342
14100000000	255102
14200000000	255109
14300000000	255779
14400000000	255226
14500000000	253862
14600000000	254651
14700000000	254325
14800000000	254902
14900000000	254015
15000000000	255049
15100000000	255564
15200000000	254871
15300000000	254526
15400000000	254492
15500000000	254872
15600000000	253729
15700000000	255609
15800000000	255127
15900000000	253320
16000000000	254962
16100000000	255126
16200000000	254621
16300000000	254388
16400000000	254655
16500000000	254480
16600000000	254769
16700000000	255218
16800000000	254915
16900000000	254619
17000000000	254592
17100000000	254364
17200000000	255633
17300000000	254119
17400000000	255191
17500000000	255470
17600000000	254462
17700000000	255244
17800000000	255355
17900000000	254934
18000000000	254389
18100000000	254555
18200000000	254691
18300000000	254148
18400000000	254600
18500000000	254193
18600000000	254582
18700000000	255325
18800000000	253694
18900000000	253589
19000000000	254681
19100000000	254138
19200000000	254399
19300000000	254413
19400000000	254605
19500000000	254544
19600000000	254637
19700000000	254206
19800000000	254946
19900000000	254540
20000000000	254458
20100000000	253517
20200000000	254940
20300000000	254260
20400000000	254862
20500000000	254527
20600000000	254087
20700000000	254877
20800000000	254783
20900000000	254974
21000000000	254907
21100000000	254703
21200000000	254522
21300000000	255226
21400000000	255093
21500000000	254910
21600000000	254288
21700000000	255318
21800000000	254227
21900000000	253893
22000000000	254227
22100000000	254801
22200000000	253973
22300000000	255426
22400000000	254422
22500000000	255485
22600000000	255113
22700000000	255273
22800000000	254536
22900000000	254251
23000000000	254672
23100000000	254851
23200000000	255319
23300000000	254547
23400000000	254483
23500000000	254938
23600000000	254690
23700000000	253921
23800000000	254968
23900000000	254652
24000000000	254909
24100000000	254323
24200000000	254769
24300000000	254801
24400000000	254004
24500000000	254556
24600000000	254360
24700000000	254355
24800000000	255208
24900000000	253706
25000000000	253040
25100000000	252748
25200000000	252609
25300000000	253492
25400000000	253578
25500000000	251679
25600000000	252551
25700000000	252100
25800000000	252156
25900000000	252914
26000000000	252410
26100000000	251313
26200000000	251993
26300000000	252523
26400000000	251761
26500000000	250723
26600000000	251626
26700000000	250748
26800000000	251455
26900000000	251638
27000000000	250809
27100000000	251292
27200000000	252461
27300000000	252502
27400000000	252056
27500000000	251190
27600000000	252196
27700000000	251453
27800000000	250423
27900000000	252271
28000000000	251687
28100000000	250847
28200000000	251958
28300000000	251056
28400000000	251675
28500000000	251334
28600000000	251316
28700000000	251200
28800000000	251517
28900000000	250355
29000000000	251380
29100000000	251427
29200000000	251175
29300000000	250777
29400000000	250643
29500000000	251533
29600000000	252262
29700000000	251289
29800000000	251806
29900000000	251304
30000000000	250886
30100000000	250470
30200000000	250420
30300000000	250996
30400000000	250693
30500000000	250224
30600000000	250531
30700000000	250847
30800000000	251085
30900000000	250578
31000000000	250523
31100000000	249773
31200000000	250318
31300000000	250478
31400000000	250252
31500000000	251430
31600000000	250503
31700000000	250629
31800000000	249963
31900000000	250672
32000000000	251707
32100000000	250837
32200000000	250053
32300000000	249826
32400000000	251850
32500000000	250641
32600000000	251231
32700000000	249855
32800000000	250850
32900000000	249912
33000000000	249711
33100000000	250337
33200000000	249851
33300000000	249741
33400000000	251096
33500000000	250346
33600000000	248879
33700000000	249267
33800000000	250721
33900000000	249826
34000000000	249509
34100000000	250334
34200000000	250151
34300000000	249142
34400000000	250432
34500000000	249869
34600000000	250950
34700000000	249388
34800000000	249730
34900000000	249867
35000000000	250592
35100000000	250016
35200000000	249980
35300000000	249947
35400000000	249512
35500000000	251196
35600000000	249844
35700000000	249519
35800000000	249915
35900000000	250773
36000000000	250157
36100000000	250147
36200000000	249758
36300000000	250269
36400000000	249953
36500000000	250110
36600000000	249942
36700000000	250556
36800000000	249755
36900000000	249562
37000000000	250123
37100000000	249664
37200000000	249987
37300000000	249732
37400000000	250923
37500000000	250931
37600000000	249788
37700000000	250660
37800000000	250909
37900000000	250493
38000000000	250892
38100000000	250392
38200000000	250319
38300000000	250424
38400000000	251392
38500000000	249151
38600000000	248732
38700000000	250340
38800000000	250254
38900000000	250074
39000000000	249026
39100000000	250613
39200000000	249690
39300000000	249610
39400000000	250867
39500000000	249201
39600000000	248874
39700000000	250078
39800000000	249742
39900000000	249279
40000000000	249804
40100000000	249157
40200000000	249356
40300000000	250000
40400000000	248636
40500000000	249276
40600000000	248836
40700000000	249576
40800000000	248489
40900000000	249195
41000000000	248719
41100000000	249729
41200000000	248212
41300000000	249473
41400000000	249601
41500000000	249495
41600000000	249599
41700000000	249012
41800000000	248486
41900000000	248855
42000000000	249517
42100000000	249092
42200000000	249869
42300000000	250199
42400000000	250072
42500000000	249872
42600000000	249054
42700000000	249306
42800000000	248892
42900000000	248435
43000000000	249708
43100000000	249569
43200000000	250385
43300000000	249621
43400000000	248396
43500000000	249284
43600000000	249414
43700000000	249462
43800000000	249207
43900000000	250348
44000000000	250474
44100000000	249855
44200000000	249335
44300000000	249960
44400000000	249846
44500000000	249623
44600000000	250421
44700000000	250622
44800000000	248922
44900000000	249527
45000000000	249344
45100000000	248842
45200000000	249638
45300000000	249072
45400000000	249189
45500000000	249336
45600000000	249410
45700000000	249397
45800000000	249187
45900000000	249631
46000000000	249537
46100000000	250057
46200000000	249465
46300000000	248865
46400000000	250512
46500000000	249234
46600000000	249933
46700000000	249511
46800000000	250611
46900000000	250295
47000000000	249834
47100000000	249916
47200000000	248995
47300000000	250354
47400000000	249409
47500000000	250296
47600000000	250545
47700000000	248354
47800000000	249990
47900000000	250137
48000000000	249223
48100000000	249609
48200000000	249756
48300000000	249958
48400000000	249222
48500000000	249998
48600000000	249797
48700000000	249931
48800000000	249938
48900000000	250231
49000000000	249284
49100000000	249288
49200000000	249407
49300000000	249088
49400000000	250459
49500000000	249308
49600000000	250107
49700000000	249094
49800000000	249772
49900000000	249379
50000000000	252039
50100000000	254439
50200000000	254474
50300000000	253968
50400000000	254135
50500000000	254426
50600000000	254779
50700000000	255249
50800000000	254507
50900000000	253311
51000000000	255419
51100000000	254141
51200000000	254657
51300000000	254540
51400000000	254634
51500000000	254547
51600000000	254128
51700000000	254806
51800000000	253911
51900000000	253710
52000000000	254229
52100000000	253900
52200000000	254883
52300000000	255919
52400000000	255193
52500000000	254686
52600000000	254823
52700000000	254203
52800000000	254724
52900000000	255249
53000000000	254322
53100000000	254806
53200000000	254978
53300000000	255082
53400000000	255063
53500000000	255107
53600000000	254957
53700000000	255056
53800000000	255224
53900000000	254636
54000000000	254712
54100000000	254858
54200000000	254587
54300000000	253810
54400000000	254479
54500000000	254623
54600000000	255490
54700000000	254556
54800000000	253659
54900000000	254279
55000000000	255454
55100000000	255064
55200000000	254875
55300000000	254273
55400000000	254632
55500000000	254076
55600000000	254359
55700000000	254568
55800000000	254136
55900000000	255436
56000000000	254732
56100000000	254457
56200000000	254845
56300000000	254900
56400000000	255142
56500000000	254844
56600000000	254707
56700000000	254720
56800000000	255291
56900000000	254122
57000000000	253438
57100000000	254420
57200000000	254308
57300000000	254790
57400000000	254530
57500000000	254199
57600000000	255826
57700000000	254451
57800000000	254869
57900000000	253979
58000000000	255274
58100000000	254862
58200000000	254734
58300000000	254747
58400000000	253920
58500000000	254221
58600000000	254651
58700000000	255000
58800000000	254197
58900000000	254764
59000000000	253969
59100000000	254070
59200000000	254254
59300000000	254601
59400000000	254449
59500000000	254296
59600000000	254632
59700000000	254762
59800000000	254496
59900000000	255621
60000000000	255026
60100000000	254577
60200000000	253762
60300000000	254216
60400000000	254358
60500000000	255514
60600000000	254371
60700000000	255043
60800000000	255032
60900000000	254933
61000000000	253544
61100000000	254874
61200000000	254226
61300000000	254700
61400000000	254092
61500000000	254049
61600000000	253903
61700000000	254413
61800000000	254307
61900000000	254513
62000000000	254907
62100000000	254820
62200000000	254194
62300000000	254592
62400000000	255250
62500000000	254305
62600000000	254724
62700000000	255453
62800000000	255180
62900000000	254107
63000000000	254572
63100000000	254944
63200000000	254534
63300000000	255000
63400000000	255757
63500000000	253885
63600000000	253887
63700000000	254615
63800000000	254510
63900000000	253706
64000000000	254500
64100000000	254968
64200000000	255080
64300000000	255720
64400000000	255351
64500000000	253787
64600000000	254480
64700000000	254288
64800000000	255065
64900000000	253692
65000000000	255078
65100000000	255543
65200000000	254676
65300000000	254532
65400000000	254488
65500000000	254674
65600000000	253795
65700000000	255575
65800000000	255071
65900000000	253280
66000000000	254858
66100000000	255103
66200000000	254444
66300000000	254589
66400000000	254562
66500000000	254391
66600000000	254674
66700000000	255218
66800000000	254860
66900000000	254551
67000000000	254549
67100000000	254283
67200000000	255670
67300000000	254016
67400000000	255224
67500000000	255196
67600000000	254437
67700000000	255377
67800000000	255112
67900000000	254987
68000000000	254512
68100000000	254254
68200000000	254720
68300000000	254010
68400000000	254757
68500000000	253988
68600000000	254544
68700000000	255119
68800000000	253808
68900000000	253590
69000000000	254752
69100000000	253965
69200000000	254388
69300000000	254295
69400000000	254571
69500000000	254489
69600000000	254603
69700000000	254234
69800000000	254857
69900000000	254522
70000000000	254187
70100000000	253715
70200000000	254836
70300000000	254184
70400000000	254815
70500000000	254381
70600000000	254273
70700000000	254681
70800000000	254759
70900000000	254961
71000000000	254809
71100000000	254735
71200000000	254363
71300000000	255143
71400000000	254985
71500000000	254995
71600000000	254075
71700000000	255348
71800000000	254325
71900000000	253840
72000000000	254095
72100000000	254589
72200000000	254083
72300000000	255363
72400000000	254447
72500000000	255192
72600000000	255261
72700000000	255233
72800000000	254432
72900000000	254265
73000000000	254493
73100000000	254967
73200000000	255008
73300000000	254666
73400000000	254521
73500000000	254865
73600000000	254650
73700000000	253778
73800000000	254971
73900000000	254565
74000000000	254863
74100000000	254347
74200000000	254684
74300000000	254778
74400000000	253889
74500000000	254572
74600000000	254493
74700000000	254102
74800000000	255187
74900000000	253721
75000000000	252957
75100000000	252721
75200000000	252486
75300000000	253415
75400000000	253466
75500000000	251786
75600000000	252517
75700000000	252212
75800000000	251916
75900000000	252912
76000000000	252265
76100000000	251252
76200000000	252103
76300000000	252488
76400000000	251538
76500000000	250866
76600000000	251460
76700000000	250762
76800000000	251381
76900000000	251634
77000000000	250894
77100000000	251119
77200000000	252387
77300000000	252349
77400000000	252208
77500000000	250963
77600000000	252020
77700000000	251695
77800000000	250274
77900000000	252184
78000000000	251634
78100000000	250627
78200000000	252135
78300000000	251037
78400000000	251495
78500000000	251425
78600000000	251244
78700000000	251100
78800000000	251490
78900000000	250358
79000000000	251316
79100000000	251411
79200000000	251070
79300000000	250896
79400000000	250413
79500000000	251616
79600000000	252117
79700000000	251355
79800000000	251625
79900000000	251159
80000000000	250901
80100000000	250579
80200000000	250324
80300000000	250984
80400000000	250580
80500000000	250182
80600000000	250452
80700000000	250896
80800000000	250886
80900000000	250605
81000000000	250348
81100000000	249884
81200000000	250325
81300000000	250268
81400000000	250370
81500000000	251351
81600000000	250398
81700000000	250729
81800000000	249815
81900000000	250608
82000000000	251552
82100000000	250775
82200000000	250142
82300000000	249608
82400000000	251904
82500000000	250578
82600000000	251139
82700000000	249944
82800000000	250617
82900000000	249995
83000000000	249614
83100000000	250278
83200000000	249770
83300000000	249801
83400000000	250972
83500000000	250242
83600000000	248881
83700000000	249306
83800000000	250586
83900000000	249783
84000000000	249582
84100000000	250225
84200000000	249981
84300000000	249144
84400000000	250447
84500000000	249736
84600000000	250803
84700000000	249509
84800000000	249645
84900000000	249817
85000000000	250487
85100000000	249972
85200000000	249986
85300000000	249757
85400000000	249519
85500000000	251342
85600000000	249611
85700000000	249591
85800000000	249893
85900000000	250582
86000000000	250182
86100000000	250143
86200000000	249691
86300000000	250153
86400000000	250023
86500000000	250026
86600000000	249858
86700000000	250521
86800000000	249788
86900000000	249566
87000000000	249918
87100000000	249627
87200000000	250098
87300000000	249612
87400000000	250761
87500000000	250940
87600000000	249631
87700000000	250922
87800000000	250593
87900000000	250477
88000000000	250940
88100000000	250267
88200000000	250373
88300000000	250182
88400000000	251523
88500000000	249098
88600000000	248625
88700000000	250304
88800000000	250096
88900000000	250136
89000000000	249114
89100000000	250486
89200000000	249541
89300000000	249618
89400000000	250732
89500000000	249271
89600000000	248657
89700000000	250111
89800000000	249653
89900000000	249168
90000000000	249863
90100000000	249073
90200000000	249176
90300000000	250071
90400000000	248534
90500000000	249292
90600000000	248918
90700000000	249482
90800000000	248243
90900000000	249419
91000000000	248510
91100000000	249569
91200000000	248429
91300000000	249391
91400000000	249441
91500000000	249514
91600000000	249506
91700000000	249093
91800000000	248305
91900000000	248854
92000000000	249397
92100000000	249176
92200000000	249608
92300000000	250170
92400000000	250018
92500000000	250028
92600000000	248987
92700000000	249025
92800000000	248932
92900000000	248356
93000000000	249646
93100000000	249481
93200000000	250421
93300000000	249661
93400000000	248390
93500000000	249199
93600000000	249168
93700000000	249646
93800000000	249038
93900000000	250285
94000000000	250324
94100000000	249990
94200000000	249234
94300000000	249829
94400000000	249770
94500000000	249744
94600000000	250280
94700000000	250558
94800000000	249001
94900000000	249305
95000000000	249407
95100000000	248885
95200000000	249540
95300000000	248959
95400000000	249246
95500000000	249299
95600000000	249328
95700000000	249230
95800000000	249321
95900000000	249486
96000000000	249608
96100000000	249768
96200000000	249530
96300000000	248901
96400000000	250472
96500000000	249292
96600000000	249835
96700000000	249508
96800000000	250464
96900000000	250237
97000000000	249682
97100000000	249857
97200000000	248786
97300000000	250570
97400000000	249359
97500000000	250277
97600000000	250506
97700000000	248411
97800000000	249660
97900000000	250170
98000000000	249136
98100000000	249579
98200000000	249623
98300000000	249993
98400000000	249323
98500000000	249726
98600000000	249861
98700000000	249891
98800000000	249907
98900000000	250252
99000000000	249194
99100000000	249153
99200000000	249447
99300000000	248855
99400000000	250477
99500000000	249334
99600000000	250077
99700000000	249035
99800000000	249737
99900000000	249228
