"Time (ps)"	"Counts per bin"
0	550131
100000000	552999
200000000	553574
300000000	552862
400000000	553802
500000000	554069
600000000	552823
700000000	553920
800000000	554311
900000000	555187
1000000000	552269
1100000000	553834
1200000000	553504
1300000000	554516
1400000000	553697
1500000000	553244
1600000000	553694
1700000000	554195
1800000000	553184
1900000000	553868
2000000000	553639
2100000000	554635
2200000000	553435
2300000000	553649
2400000000	554709
2500000000	553511
2600000000	554645
2700000000	554922
2800000000	552602
2900000000	553837
3000000000	554671
3100000000	554007
3200000000	553911
3300000000	553551
3400000000	553960
3500000000	555048
3600000000	554185
3700000000	553621
3800000000	554670
3900000000	554231
4000000000	554114
4100000000	554089
4200000000	553472
4300000000	554656
4400000000	554791
4500000000	553796
4600000000	555573
4700000000	553514
4800000000	554925
4900000000	554956
5000000000	554963
5100000000	553820
5200000000	553927
5300000000	553327
5400000000	553193
5500000000	554003
5600000000	553913
5700000000	554974
5800000000	554233
5900000000	553613
6000000000	554619
6100000000	554854
6200000000	555611
6300000000	553459
6400000000	553823
6500000000	554335
6600000000	554480
6700000000	554769
6800000000	553908
6900000000	554363
7000000000	554503
7100000000	554907
7200000000	554249
7300000000	553318
7400000000	554469
7500000000	554105
7600000000	556221
7700000000	555030
7800000000	554802
7900000000	552883
8000000000	555231
8100000000	554451
8200000000	553773
8300000000	554919
8400000000	554958
8500000000	554686
8600000000	555994
8700000000	554514
8800000000	554103
8900000000	554565
9000000000	554942
9100000000	554877
9200000000	554006
9300000000	553979
9400000000	554862
9500000000	555314
9600000000	554214
9700000000	556930
9800000000	554339
9900000000	554767
10000000000	554479
10100000000	554279
10200000000	554659
10300000000	554482
10400000000	555028
10500000000	554434
10600000000	554545
10700000000	555156
10800000000	554997
10900000000	554596
11000000000	555535
11100000000	554635
11200000000	555467
11300000000	554993
11400000000	555252
11500000000	555545
11600000000	554570
11700000000	555237
11800000000	555463
11900000000	556590
12000000000	554788
12100000000	554469
12200000000	555063
12300000000	555252
12400000000	554277
12500000000	553917
12600000000	554096
12700000000	554220
12800000000	554963
12900000000	553639
13000000000	553689
13100000000	554046
13200000000	554390
13300000000	554482
13400000000	554997
13500000000	555672
13600000000	555135
13700000000	554009
13800000000	554578
13900000000	555565
14000000000	555388
14100000000	555358
14200000000	554994
14300000000	554816
14400000000	555732
14500000000	555275
14600000000	554846
14700000000	554220
14800000000	555412
14900000000	555006
15000000000	554714
15100000000	555075
15200000000	553778
15300000000	554586
15400000000	554899
15500000000	554499
15600000000	555197
15700000000	554927
15800000000	554864
15900000000	554800
16000000000	554699
16100000000	554109
16200000000	554705
16300000000	555602
16400000000	555835
16500000000	554454
16600000000	555337
16700000000	555961
16800000000	555732
16900000000	555664
17000000000	554409
17100000000	556027
17200000000	554330
17300000000	555339
17400000000	555682
17500000000	554522
17600000000	555087
17700000000	554673
17800000000	554932
17900000000	555646
18000000000	555310
18100000000	554090
18200000000	555658
18300000000	555162
18400000000	555456
18500000000	554904
18600000000	554996
18700000000	555335
18800000000	555201
18900000000	555103
19000000000	555278
19100000000	554986
19200000000	554800
19300000000	554799
19400000000	555132
19500000000	555713
19600000000	554110
19700000000	555069
19800000000	555287
19900000000	554307
20000000000	554806
20100000000	554365
20200000000	554682
20300000000	554666
20400000000	553007
20500000000	554220
20600000000	554380
20700000000	554222
20800000000	555196
20900000000	554671
21000000000	555330
21100000000	555523
21200000000	554750
21300000000	555437
21400000000	555946
21500000000	554598
21600000000	555443
21700000000	556187
21800000000	554753
21900000000	554335
22000000000	554518
22100000000	554550
22200000000	556257
22300000000	555185
22400000000	555284
22500000000	555013
22600000000	556044
22700000000	555035
22800000000	555691
22900000000	554642
23000000000	554789
23100000000	554501
23200000000	554461
23300000000	555701
23400000000	555381
23500000000	554940
23600000000	555133
23700000000	555063
23800000000	554661
23900000000	555230
24000000000	554045
24100000000	555250
24200000000	555298
24300000000	555824
24400000000	555205
24500000000	554758
24600000000	554558
24700000000	555213
24800000000	554274
24900000000	556158
25000000000	553971
25100000000	554954
25200000000	552857
25300000000	552017
25400000000	550879
25500000000	552983
25600000000	553997
25700000000	552676
25800000000	552118
25900000000	551761
26000000000	551060
26100000000	551363
26200000000	550262
26300000000	552038
26400000000	551647
26500000000	550950
26600000000	550761
26700000000	552550
26800000000	549875
26900000000	551907
27000000000	551033
27100000000	551385
27200000000	550965
27300000000	550725
27400000000	550538
27500000000	550848
27600000000	550497
27700000000	550440
27800000000	550793
27900000000	550917
28000000000	550980
28100000000	551110
28200000000	550890
28300000000	550618
28400000000	550206
28500000000	548665
28600000000	550459
28700000000	550400
28800000000	548312
28900000000	549747
29000000000	550114
29100000000	551446
29200000000	550789
29300000000	550185
29400000000	549958
29500000000	550698
29600000000	548820
29700000000	550004
29800000000	548319
29900000000	548904
30000000000	549492
30100000000	548832
30200000000	549562
30300000000	549349
30400000000	548302
30500000000	549387
30600000000	549206
30700000000	550563
30800000000	550465
30900000000	550415
31000000000	549306
31100000000	549769
31200000000	549170
31300000000	549515
31400000000	549394
31500000000	548994
31600000000	550323
31700000000	549772
31800000000	549345
31900000000	550212
32000000000	549483
32100000000	549746
32200000000	550273
32300000000	547522
32400000000	549759
32500000000	548438
32600000000	549811
32700000000	549698
32800000000	549336
32900000000	548852
33000000000	549248
33100000000	549847
33200000000	550168
33300000000	548687
33400000000	548058
33500000000	548193
33600000000	549325
33700000000	548377
33800000000	549073
33900000000	549586
34000000000	547987
34100000000	549275
34200000000	549403
34300000000	550806
34400000000	547761
34500000000	549255
34600000000	550063
34700000000	549186
34800000000	549138
34900000000	548660
35000000000	547702
35100000000	549110
35200000000	547535
35300000000	548175
35400000000	549081
35500000000	548643
35600000000	548321
35700000000	548236
35800000000	548640
35900000000	549143
36000000000	549695
36100000000	548792
36200000000	548602
36300000000	548141
36400000000	548547
36500000000	547809
36600000000	548772
36700000000	549267
36800000000	548553
36900000000	548875
37000000000	550511
37100000000	548656
37200000000	548321
37300000000	547189
37400000000	548980
37500000000	548653
37600000000	548769
37700000000	549112
37800000000	548211
37900000000	548992
38000000000	549626
38100000000	549618
38200000000	547666
38300000000	548229
38400000000	548847
38500000000	548430
38600000000	548948
38700000000	548655
38800000000	548794
38900000000	547458
39000000000	547953
39100000000	548154
39200000000	549054
39300000000	549275
39400000000	546913
39500000000	547861
39600000000	548015
39700000000	547015
39800000000	548643
39900000000	547757
40000000000	547306
40100000000	548127
40200000000	549518
40300000000	547936
40400000000	548420
40500000000	547284
40600000000	547975
40700000000	547860
40800000000	547071
40900000000	548049
41000000000	549218
41100000000	548587
41200000000	548021
41300000000	548509
41400000000	548218
41500000000	548839
41600000000	547358
41700000000	548626
41800000000	549189
41900000000	548252
42000000000	547594
42100000000	548981
42200000000	547719
42300000000	548746
42400000000	549066
42500000000	547594
42600000000	549013
42700000000	547557
42800000000	548820
42900000000	547504
43000000000	548723
43100000000	548217
43200000000	547758
43300000000	548643
43400000000	546752
43500000000	548753
43600000000	547409
43700000000	548631
43800000000	548814
43900000000	548221
44000000000	548081
44100000000	548068
44200000000	549398
44300000000	547744
44400000000	547416
44500000000	547571
44600000000	548788
44700000000	548055
44800000000	548498
44900000000	547577
45000000000	546879
45100000000	547487
45200000000	547904
45300000000	546489
45400000000	547561
45500000000	547276
45600000000	547958
45700000000	549201
45800000000	546847
45900000000	547657
46000000000	548368
46100000000	548936
46200000000	548566
46300000000	548297
46400000000	547124
46500000000	548625
46600000000	547131
46700000000	547621
46800000000	546139
46900000000	547360
47000000000	547558
47100000000	547522
47200000000	547713
47300000000	547491
47400000000	545601
47500000000	546349
47600000000	547776
47700000000	547643
47800000000	547770
47900000000	546929
48000000000	546087
48100000000	546911
48200000000	547170
48300000000	546761
48400000000	547279
48500000000	548012
48600000000	547521
48700000000	546970
48800000000	547825
48900000000	546341
49000000000	546920
49100000000	547453
49200000000	546982
49300000000	546796
49400000000	546157
49500000000	547077
49600000000	547234
49700000000	548010
49800000000	547594
49900000000	547628
50000000000	549664
50100000000	552419
50200000000	553370
50300000000	552551
50400000000	553129
50500000000	554055
50600000000	552475
50700000000	553690
50800000000	553842
50900000000	555025
51000000000	552110
51100000000	553450
51200000000	553226
51300000000	554102
51400000000	553246
51500000000	553083
51600000000	553222
51700000000	553950
51800000000	552958
51900000000	553234
52000000000	553314
52100000000	554503
52200000000	553129
52300000000	553317
52400000000	554372
52500000000	553135
52600000000	554579
52700000000	554305
52800000000	552503
52900000000	553408
53000000000	554146
53100000000	553938
53200000000	553470
53300000000	553152
53400000000	553763
53500000000	554737
53600000000	553843
53700000000	553299
53800000000	554347
53900000000	553949
54000000000	553742
54100000000	553876
54200000000	553071
54300000000	554371
54400000000	554417
54500000000	553386
54600000000	555228
54700000000	553382
54800000000	554530
54900000000	554654
55000000000	554520
55100000000	553853
55200000000	553389
55300000000	553028
55400000000	552746
55500000000	553776
55600000000	553667
55700000000	554580
55800000000	554029
55900000000	553357
56000000000	554261
56100000000	554401
56200000000	555125
56300000000	553471
56400000000	553262
56500000000	554204
56600000000	554181
56700000000	554321
56800000000	553427
56900000000	554234
57000000000	554190
57100000000	554468
57200000000	553776
57300000000	553134
57400000000	554314
57500000000	553829
57600000000	555735
57700000000	554907
57800000000	554445
57900000000	552547
58000000000	554855
58100000000	553975
58200000000	553506
58300000000	554645
58400000000	554926
58500000000	554144
58600000000	555631
58700000000	554249
58800000000	553668
58900000000	554347
59000000000	554546
59100000000	554629
59200000000	553701
59300000000	553516
59400000000	554502
59500000000	555344
59600000000	553956
59700000000	556175
59800000000	554254
59900000000	554429
60000000000	554209
60100000000	553842
60200000000	554379
60300000000	553985
60400000000	555029
60500000000	553934
60600000000	554374
60700000000	554839
60800000000	554613
60900000000	554198
61000000000	555484
61100000000	554139
61200000000	555005
61300000000	554837
61400000000	554991
61500000000	555231
61600000000	554323
61700000000	554615
61800000000	555353
61900000000	556171
62000000000	554589
62100000000	554184
62200000000	554607
62300000000	555037
62400000000	553785
62500000000	553812
62600000000	553684
62700000000	553951
62800000000	554485
62900000000	553443
63000000000	553302
63100000000	553826
63200000000	553963
63300000000	554265
63400000000	554589
63500000000	555469
63600000000	554809
63700000000	553635
63800000000	554279
63900000000	555309
64000000000	554971
64100000000	554966
64200000000	554642
64300000000	554381
64400000000	555564
64500000000	555010
64600000000	554342
64700000000	554096
64800000000	554884
64900000000	554911
65000000000	554318
65100000000	554889
65200000000	553536
65300000000	554405
65400000000	554271
65500000000	554315
65600000000	554840
65700000000	554421
65800000000	554796
65900000000	554419
66000000000	554227
66100000000	553942
66200000000	554361
66300000000	555137
66400000000	555803
66500000000	554228
66600000000	554595
66700000000	555632
66800000000	555547
66900000000	555314
67000000000	554033
67100000000	555873
67200000000	553911
67300000000	555255
67400000000	555245
67500000000	554088
67600000000	554924
67700000000	554183
67800000000	554651
67900000000	555326
68000000000	555090
68100000000	553661
68200000000	555149
68300000000	554827
68400000000	555319
68500000000	554646
68600000000	554747
68700000000	554934
68800000000	555101
68900000000	554608
69000000000	554800
69100000000	554605
69200000000	554738
69300000000	554513
69400000000	554583
69500000000	555506
69600000000	554025
69700000000	554662
69800000000	554779
69900000000	554053
70000000000	554632
70100000000	554065
70200000000	554351
70300000000	554490
70400000000	552596
70500000000	553843
70600000000	553981
70700000000	553951
70800000000	555124
70900000000	553966
71000000000	555072
71100000000	555407
71200000000	554404
71300000000	555202
71400000000	555415
71500000000	554392
71600000000	555212
71700000000	555629
71800000000	554685
71900000000	553843
72000000000	554264
72100000000	554193
72200000000	555950
72300000000	555138
72400000000	554977
72500000000	554352
72600000000	555671
72700000000	555009
72800000000	555328
72900000000	554365
73000000000	554560
73100000000	554064
73200000000	554410
73300000000	555157
73400000000	555337
73500000000	554630
73600000000	554366
73700000000	555133
73800000000	554318
73900000000	554816
74000000000	553729
74100000000	554794
74200000000	555018
74300000000	555412
74400000000	555098
74500000000	554473
74600000000	554054
74700000000	554933
74800000000	554133
74900000000	555574
75000000000	553870
75100000000	554691
75200000000	552466
75300000000	551821
75400000000	550403
75500000000	552669
75600000000	553562
75700000000	552513
75800000000	551727
75900000000	551558
76000000000	550754
76100000000	551052
76200000000	549942
76300000000	551757
76400000000	551295
76500000000	550697
76600000000	550655
76700000000	551991
76800000000	549527
76900000000	551725
77000000000	550471
77100000000	551310
77200000000	550593
77300000000	550133
77400000000	550412
77500000000	550787
77600000000	550105
77700000000	550151
77800000000	550133
77900000000	550581
78000000000	550856
78100000000	550855
78200000000	550335
78300000000	550430
78400000000	549967
78500000000	548506
78600000000	550302
78700000000	549767
78800000000	548014
78900000000	549573
79000000000	549656
79100000000	550997
79200000000	550520
79300000000	550087
79400000000	549487
79500000000	550606
79600000000	548510
79700000000	549533
79800000000	547979
79900000000	548771
80000000000	549068
80100000000	548658
80200000000	549219
80300000000	549101
80400000000	547877
80500000000	549114
80600000000	548906
80700000000	549997
80800000000	550349
80900000000	550023
81000000000	549089
81100000000	549629
81200000000	548967
81300000000	548772
81400000000	549499
81500000000	548289
81600000000	550119
81700000000	549349
81800000000	549165
81900000000	549775
82000000000	549240
82100000000	549209
82200000000	550259
82300000000	547110
82400000000	549465
82500000000	548304
82600000000	549178
82700000000	549695
82800000000	548734
82900000000	548620
83000000000	548868
83100000000	549597
83200000000	549809
83300000000	548376
83400000000	547881
83500000000	547805
83600000000	548972
83700000000	548134
83800000000	548667
83900000000	549459
84000000000	547810
84100000000	548553
84200000000	549421
84300000000	550174
84400000000	547514
84500000000	549066
84600000000	549643
84700000000	548963
84800000000	548838
84900000000	548079
85000000000	547535
85100000000	548876
85200000000	547230
85300000000	547764
85400000000	548783
85500000000	548558
85600000000	547845
85700000000	547741
85800000000	548345
85900000000	548956
86000000000	549393
86100000000	548418
86200000000	548240
86300000000	547966
86400000000	548306
86500000000	547305
86600000000	548515
86700000000	549132
86800000000	548168
86900000000	548459
87000000000	550274
87100000000	548522
87200000000	547815
87300000000	547089
87400000000	548464
87500000000	548290
87600000000	548290
87700000000	548777
87800000000	548110
87900000000	548682
88000000000	549033
88100000000	549275
88200000000	547513
88300000000	547908
88400000000	548545
88500000000	548097
88600000000	548758
88700000000	548381
88800000000	548473
88900000000	547054
89000000000	547582
89100000000	547916
89200000000	548715
89300000000	549122
89400000000	546312
89500000000	547822
89600000000	547536
89700000000	546720
89800000000	548338
89900000000	547577
90000000000	547102
90100000000	547716
90200000000	549119
90300000000	547548
90400000000	547978
90500000000	547249
90600000000	547603
90700000000	547456
90800000000	546853
90900000000	547652
91000000000	548958
91100000000	548065
91200000000	547875
91300000000	548243
91400000000	548030
91500000000	548250
91600000000	547319
91700000000	548118
91800000000	548992
91900000000	547922
92000000000	547175
92100000000	548974
92200000000	547137
92300000000	548385
92400000000	548496
92500000000	547622
92600000000	548507
92700000000	547225
92800000000	548646
92900000000	547270
93000000000	548112
93100000000	547994
93200000000	547514
93300000000	548523
93400000000	546249
93500000000	548605
93600000000	546947
93700000000	548313
93800000000	548518
93900000000	548048
94000000000	547863
94100000000	547739
94200000000	548895
94300000000	547489
94400000000	547144
94500000000	547310
94600000000	548291
94700000000	547839
94800000000	548175
94900000000	547158
95000000000	546701
95100000000	547355
95200000000	547405
95300000000	546341
95400000000	547074
95500000000	547105
95600000000	547869
95700000000	548418
95800000000	546570
95900000000	547436
96000000000	547963
96100000000	548689
96200000000	548299
96300000000	547968
96400000000	546924
96500000000	548374
96600000000	546724
96700000000	547303
96800000000	545849
96900000000	546976
97000000000	547294
97100000000	547226
97200000000	547445
97300000000	547239
97400000000	545167
97500000000	546097
97600000000	547569
97700000000	547117
97800000000	547512
97900000000	546592
98000000000	545865
98100000000	546201
98200000000	547347
98300000000	546443
98400000000	546837
98500000000	547514
98600000000	547393
98700000000	546684
98800000000	547079
98900000000	546540
99000000000	546501
99100000000	547187
99200000000	546730
99300000000	546396
99400000000	545864
99500000000	546519
99600000000	547089
99700000000	547584
99800000000	547513
99900000000	547106
