165.028 -2.398
165.288 -7.361
165.547 -25.325
165.807 22.711
166.067 -10.252
166.327 -21.215
166.587 5.822
166.847 8.859
167.107 16.897
167.367 54.934
167.627 28.972
167.886 8.010
168.146 8.048
168.406 -34.914
168.666 -16.875
168.926 -16.837
169.186 -46.798
169.446 7.241
169.706 25.280
169.966 7.319
170.225 43.358
170.485 43.398
170.745 7.438
171.005 -11.523
171.265 -23.483
171.525 -19.443
171.785 3.598
172.045 -0.362
172.305 26.679
172.564 20.719
172.824 -7.240
173.084 13.801
173.344 43.842
173.604 24.883
173.864 0.925
174.124 -22.034
174.384 26.008
174.644 24.049
174.903 35.091
175.163 33.133
175.423 27.175
175.683 -5.782
175.943 10.260
176.203 3.302
176.463 -13.655
176.723 2.388
176.983 12.431
177.242 59.473
177.502 44.516
177.762 29.560
178.022 30.603
178.282 2.646
178.542 -20.310
178.802 -25.267
179.062 7.777
179.322 40.821
179.581 39.864
179.841 47.908
180.101 29.952
180.361 10.996
180.621 6.041
180.881 18.085
181.141 34.129
181.401 34.174
181.661 57.218
181.920 96.263
182.180 73.308
182.440 31.353
182.700 37.397
182.960 -14.558
183.220 -19.513
183.480 37.533
183.740 49.578
184.000 37.623
184.259 9.668
184.519 57.714
184.779 61.759
185.039 -10.195
185.299 -12.150
185.559 22.896
185.819 13.942
186.079 17.987
186.339 9.033
186.598 10.079
186.858 45.125
187.118 22.171
187.378 40.217
187.638 20.263
187.898 7.309
188.158 33.356
188.418 21.402
188.678 28.448
188.937 1.495
189.197 -13.459
189.457 21.587
189.717 30.634
189.977 14.680
190.237 50.727
190.497 57.773
190.757 15.820
191.017 18.867
191.276 -6.087
191.536 -0.040
191.796 5.007
192.056 30.054
192.316 52.101
192.576 56.147
192.836 40.194
193.096 31.241
193.356 -0.712
193.616 4.335
193.875 24.382
194.135 30.429
194.395 30.476
194.655 56.523
194.915 37.570
195.175 -6.383
195.435 -17.336
195.695 -2.289
195.955 -33.242
196.214 -21.195
196.474 23.852
196.734 26.900
196.994 4.947
197.254 22.994
197.514 9.041
197.774 22.088
198.034 43.135
198.294 23.182
198.553 -1.770
198.813 14.277
199.073 7.324
199.333 4.371
199.593 34.418
199.853 17.465
200.113 -7.487
200.373 6.560
200.633 -57.393
200.892 -48.346
201.152 0.701
201.412 39.748
201.672 17.795
201.932 -10.158
202.192 20.889
202.452 20.936
202.712 -10.017
202.972 7.031
203.231 57.078
203.491 23.125
203.751 5.171
204.011 7.218
204.271 68.265
204.531 57.312
204.791 42.359
205.051 45.406
205.311 40.453
205.570 44.500
205.830 16.547
206.090 10.593
206.350 7.640
206.610 18.687
206.870 16.734
207.130 9.780
207.390 -7.173
207.650 0.873
207.909 8.920
208.169 43.967
208.429 101.013
208.689 73.060
208.949 24.106
209.209 15.152
209.469 -10.801
209.729 4.245
209.989 56.291
210.248 32.338
210.508 42.384
210.768 8.430
211.028 4.476
211.288 18.522
211.548 42.568
211.808 36.615
212.068 46.661
212.328 20.706
212.587 41.752
212.847 71.798
213.107 43.844
213.367 26.890
213.627 -10.064
213.887 -2.019
214.147 8.027
214.407 43.072
214.667 -4.882
214.926 20.163
215.186 17.209
215.446 -3.746
215.706 -24.700
215.966 -1.655
216.226 13.390
216.486 -3.565
216.746 18.480
217.006 65.525
217.265 -14.430
217.525 -59.385
217.785 -34.340
218.045 -5.295
218.305 -4.250
218.565 -19.205
218.825 -8.161
219.085 1.884
219.345 25.929
219.604 57.973
219.864 43.018
220.124 40.062
220.384 51.106
220.644 2.151
220.904 -3.805
221.164 52.239
221.424 35.283
221.684 16.327
221.943 25.371
222.203 7.415
222.463 8.459
222.723 -19.497
222.983 -3.454
223.243 11.590
223.503 -20.366
223.763 9.677
224.023 33.721
224.282 27.764
224.542 9.807
224.802 28.851
225.062 -3.106
225.322 35.937
225.582 0.980
225.842 -18.977
226.102 -4.934
226.362 22.109
226.621 73.152
226.881 39.194
227.141 25.237
227.401 27.279
227.661 23.322
227.921 -6.636
228.181 -20.593
228.441 17.449
228.701 29.491
228.960 29.534
229.220 21.576
229.480 22.618
229.740 14.660
230.000 -12.299
230.260 21.743
230.520 53.785
230.780 12.827
231.040 36.868
231.299 50.910
231.559 29.951
231.819 -2.007
232.079 -19.966
232.339 -2.925
232.599 25.116
232.859 45.157
233.119 77.198
233.379 8.239
233.638 -7.720
233.898 31.321
234.158 28.362
234.418 17.402
234.678 14.443
234.938 24.483
235.198 16.524
235.458 4.564
235.718 -3.396
235.978 55.644
236.237 44.684
236.497 8.724
236.757 -31.236
237.017 -23.196
237.277 18.844
237.537 -13.116
237.797 -32.077
238.057 31.963
238.317 22.002
238.576 -17.958
238.836 49.081
239.096 62.120
239.356 21.159
239.616 -38.802
239.876 -21.763
240.136 8.276
240.396 46.315
240.656 50.354
240.915 10.393
241.175 -19.569
241.435 -17.530
241.695 0.508
241.955 20.547
242.215 27.585
242.475 24.623
242.735 -2.339
242.995 32.699
243.254 59.737
243.514 15.775
243.774 -1.187
244.034 35.851
244.294 59.888
244.554 25.926
244.814 18.964
245.074 25.001
245.334 10.038
245.593 32.076
245.853 33.113
246.113 29.150
246.373 30.187
246.633 4.224
246.893 19.261
247.153 54.297
247.413 19.334
247.673 24.371
247.932 17.407
248.192 6.444
248.452 39.480
248.712 19.516
248.972 24.553
249.232 28.589
249.492 42.625
249.752 41.661
250.012 41.697
250.271 36.733
250.531 5.768
250.791 48.804
251.051 67.840
251.311 21.875
251.571 -6.089
251.831 45.946
252.091 52.981
252.351 28.016
252.610 75.051
252.870 60.086
253.130 3.121
253.390 26.156
253.650 47.191
253.911 67.226
254.172 59.260
254.433 10.295
254.694 -23.671
254.955 -21.636
255.216 -13.602
255.477 30.432
255.738 86.467
255.999 77.501
256.261 28.535
256.522 36.569
256.783 20.602
257.044 55.636
257.305 48.670
257.566 52.703
257.827 74.737
258.088 34.770
258.349 -6.196
258.610 -36.163
258.871 -36.130
259.132 12.903
259.393 -2.064
259.654 -5.031
259.915 -26.998
260.176 13.035
260.437 49.068
260.698 40.101
260.959 1.133
261.221 10.166
261.482 51.198
261.743 42.230
262.004 15.263
262.265 15.295
262.526 20.327
262.787 37.359
263.048 59.391
263.309 61.423
263.570 26.455
263.831 35.486
264.092 38.518
264.353 -4.450
264.614 24.581
264.875 95.613
265.136 71.644
265.397 113.675
265.658 77.706
265.919 34.738
266.181 47.769
266.442 46.800
266.703 47.831
266.964 45.861
267.225 24.892
267.486 37.923
267.747 36.953
268.008 50.984
268.269 59.014
268.530 57.045
268.791 9.075
269.052 26.105
269.313 71.135
269.574 42.165
269.835 5.195
270.096 11.225
270.357 45.255
270.618 60.285
270.879 29.315
271.141 20.344
271.402 16.374
271.663 10.403
271.924 50.433
272.185 56.462
272.446 20.491
272.707 11.521
272.968 22.550
273.229 -15.421
273.490 27.608
273.751 43.637
274.012 48.665
274.273 54.694
274.534 47.723
274.795 56.751
275.056 23.780
275.317 17.808
275.578 36.837
275.839 35.865
276.101 19.893
276.362 -4.078
276.623 3.950
276.884 37.978
277.145 14.006
277.406 57.034
277.667 69.061
277.928 54.089
278.189 12.117
278.450 -2.855
278.711 25.172
278.972 32.200
279.233 -28.773
279.494 -15.746
279.755 35.282
280.016 12.309
280.277 24.336
280.538 64.363
280.799 6.390
281.061 -6.583
281.322 8.444
281.583 36.471
281.844 16.497
282.105 42.524
282.366 52.551
282.627 36.577
282.888 -7.397
283.149 8.630
283.410 30.656
283.671 -4.318
283.932 -19.291
284.193 5.735
284.454 25.761
284.715 64.787
284.976 42.813
285.237 76.838
285.498 35.864
285.759 27.890
286.021 38.916
286.282 9.941
286.543 38.967
286.804 31.992
287.065 3.018
287.326 13.043
287.587 31.068
287.848 16.093
288.109 -13.882
288.370 1.144
288.631 13.169
288.892 17.193
289.153 42.218
289.414 44.243
289.675 8.268
289.936 37.293
290.197 73.317
290.458 -9.658
290.719 -28.634
290.981 13.391
291.242 24.415
291.503 56.439
291.764 69.464
292.025 59.488
292.286 57.512
292.547 72.536
292.808 70.560
293.069 45.584
293.330 38.608
293.591 1.631
293.852 -22.345
294.113 23.679
294.374 67.702
294.635 72.726
294.896 56.750
295.157 59.773
295.418 32.796
295.679 22.820
295.941 52.843
296.202 37.866
296.463 44.889
296.724 55.912
296.985 12.935
297.246 28.958
297.507 22.981
297.768 9.004
298.029 65.027
298.290 49.049
298.551 63.072
298.812 27.095
299.073 14.117
299.334 45.140
299.595 62.162
299.856 37.185
300.117 23.207
300.378 59.229
300.639 31.251
300.901 31.273
301.162 33.296
301.423 55.318
301.684 80.340
301.945 35.361
302.206 -31.617
302.467 25.405
302.728 58.427
302.989 43.448
303.250 30.470
303.511 42.492
303.772 34.513
304.033 22.535
304.294 30.556
304.555 19.577
304.816 16.599
305.077 51.620
305.338 40.641
305.599 -13.338
305.861 -25.317
306.122 -17.296
306.383 3.725
306.644 72.746
306.905 65.767
307.166 35.788
307.427 57.809
307.688 52.829
307.949 40.850
308.210 -10.130
308.471 -26.109
308.732 22.911
308.993 43.932
309.254 46.952
309.515 24.973
309.776 61.993
310.037 10.013
310.298 -24.967
310.559 -35.947
310.821 28.073
311.082 65.093
311.343 14.113
311.604 -6.867
311.865 14.153
312.126 16.173
312.387 14.193
312.648 -6.788
312.909 -12.768
313.170 -9.748
313.434 -3.729
313.698 42.291
313.963 36.310
314.227 3.329
314.491 34.349
314.755 45.368
315.019 30.387
315.284 -13.593
315.548 -0.574
315.812 6.445
316.076 62.464
316.340 40.483
316.604 -17.498
316.869 -14.479
317.133 42.540
317.397 42.558
317.661 50.577
317.925 62.596
318.190 52.614
318.454 76.633
318.718 59.652
318.982 50.670
319.246 68.689
319.511 54.707
319.775 51.725
320.039 35.744
320.303 31.762
320.567 30.780
320.832 31.798
321.096 -15.184
321.360 8.835
321.624 53.853
321.888 63.871
322.153 5.889
322.417 12.906
322.681 8.924
322.945 60.942
323.209 54.960
323.473 71.978
323.738 54.995
324.002 26.013
324.266 14.030
324.530 24.048
324.794 7.065
325.059 10.083
325.323 18.100
325.587 84.118
325.851 60.135
326.115 55.152
326.380 52.169
326.644 75.187
326.908 33.204
327.172 23.221
327.436 38.238
327.701 36.255
327.965 18.272
328.229 16.289
328.493 66.306
328.757 98.323
329.022 83.339
329.286 57.356
329.550 80.373
329.814 69.389
330.078 42.406
330.342 6.423
330.607 40.439
330.871 54.456
331.135 52.472
331.399 46.488
331.663 40.505
331.928 50.521
332.192 29.537
332.456 41.554
332.720 56.570
332.984 32.586
333.249 29.602
333.513 22.618
333.777 -0.366
334.041 21.650
334.305 47.666
334.570 64.682
334.834 26.698
335.098 30.714
335.362 50.730
335.626 38.745
335.891 60.761
336.155 72.777
336.419 44.792
336.683 -28.192
336.947 31.824
337.211 23.839
337.476 -35.146
337.740 18.870
338.004 12.885
338.268 -16.099
338.532 50.916
338.797 70.931
339.061 58.947
339.325 41.962
339.589 28.977
339.853 28.992
340.118 21.007
340.382 30.022
340.646 75.037
340.910 76.052
341.174 74.067
341.439 58.082
341.703 44.097
341.967 26.112
342.231 11.126
342.495 7.141
342.759 17.156
343.024 28.171
343.288 50.185
343.552 63.200
343.816 41.214
344.080 56.229
344.345 56.243
344.609 21.258
344.873 10.272
345.137 0.287
345.401 12.301
345.666 44.315
345.930 62.330
346.194 70.344
346.458 40.358
346.722 41.372
346.987 11.386
347.251 -21.600
347.515 4.414
347.779 34.428
348.043 53.442
348.308 61.456
348.572 39.470
348.836 22.484
349.100 55.498
349.364 65.512
349.628 27.526
349.893 28.539
350.157 36.553
350.421 38.567
350.685 40.580
350.949 47.594
351.214 28.608
351.478 30.621
351.742 46.635
352.006 46.648
352.270 39.662
352.535 9.675
352.799 17.688
353.063 33.702
353.327 38.715
353.591 28.728
353.856 16.742
354.120 19.755
354.384 -11.232
354.648 19.781
354.912 46.794
355.177 30.807
355.441 5.820
355.705 0.833
355.969 35.846
356.233 40.859
356.497 45.872
356.762 46.885
357.026 9.898
357.290 31.911
357.554 46.924
357.818 32.936
358.083 50.949
358.347 58.962
358.611 24.974
358.875 16.987
359.139 69.000
359.404 55.012
359.668 29.025
359.932 24.037
360.196 31.050
360.460 18.062
360.725 32.075
360.989 35.087
361.253 35.099
361.517 67.112
361.781 56.124
362.046 -9.864
362.310 -1.851
362.574 66.161
362.838 64.173
363.102 25.185
363.366 34.197
363.631 45.209
363.895 24.221
364.159 33.233
364.423 27.245
364.687 38.257
364.952 14.269
365.216 17.281
365.480 62.293
365.747 33.305
366.013 19.317
366.280 -4.671
366.546 17.340
366.813 -8.648
367.079 21.364
367.346 53.376
367.612 35.387
367.879 70.399
368.145 63.411
368.412 33.422
368.678 52.434
368.945 70.445
369.211 46.457
369.478 26.468
369.744 36.480
370.011 50.491
370.278 45.502
370.544 8.514
370.811 -24.475
371.077 24.536
371.344 30.548
371.610 50.559
371.877 12.570
372.143 48.581
372.410 69.592
372.676 57.604
372.943 48.615
373.209 31.626
373.476 20.637
373.742 48.648
374.009 56.659
374.276 30.670
374.542 8.681
374.809 -9.308
375.075 -51.297
375.342 -11.286
375.608 18.724
375.875 50.735
376.141 61.746
376.408 69.757
376.674 62.768
376.941 13.778
377.207 -7.211
377.474 26.800
377.740 32.810
378.007 34.821
378.273 24.831
378.540 46.842
378.807 71.853
379.073 63.863
379.340 45.874
379.606 3.884
379.873 16.894
380.139 40.905
380.406 48.915
380.672 61.926
380.939 62.936
381.205 55.946
381.472 56.957
381.738 25.967
382.005 14.977
382.271 51.987
382.538 36.998
382.804 41.008
383.071 85.018
383.338 60.028
383.604 67.038
383.871 39.048
384.137 24.058
384.404 34.068
384.670 34.078
384.937 44.088
385.203 44.098
385.470 24.108
385.736 46.118
386.003 45.128
386.269 33.138
386.536 18.148
386.802 5.158
387.069 38.167
387.336 80.177
387.602 75.187
387.869 17.197
388.135 26.206
388.402 3.216
388.668 34.226
388.935 70.235
389.201 67.245
389.468 29.255
389.734 84.264
390.001 65.274
390.267 33.283
390.534 41.293
390.800 53.302
391.067 29.312
391.333 16.321
391.600 12.331
391.867 -23.660
392.133 23.349
392.400 48.359
392.666 3.368
392.933 13.377
393.199 51.387
393.466 45.396
393.732 27.405
393.999 70.414
394.265 92.424
394.532 22.433
394.798 18.442
395.065 20.451
395.331 13.460
395.598 44.469
395.864 37.478
396.131 46.487
396.398 16.496
396.664 29.505
396.931 47.514
397.197 23.523
397.464 36.532
397.730 69.541
397.997 37.550
398.263 14.559
398.530 33.568
398.796 25.577
399.063 9.586
399.329 16.594
399.596 9.603
399.862 20.612
400.129 45.621
400.396 49.630
400.662 30.638
400.929 34.647
401.195 -14.344
401.462 14.664
401.728 31.673
401.995 25.682
402.261 28.690
402.528 -8.301
402.794 4.707
403.061 46.716
403.327 44.724
403.594 60.733
403.860 50.741
404.127 11.750
404.393 24.758
404.660 36.767
404.931 25.775
405.202 32.783
405.473 28.792
405.745 20.800
406.016 54.808
406.287 82.817
406.558 72.825
406.829 75.833
407.100 53.842
407.371 53.850
407.642 39.858
407.914 63.866
408.185 25.874
408.456 16.883
408.727 63.891
408.998 46.899
409.269 41.907
409.540 28.915
409.811 22.923
410.083 60.931
410.354 39.939
410.625 -6.053
410.896 52.955
411.167 69.963
411.438 64.971
411.709 87.979
411.981 32.987
412.252 8.995
412.523 41.003
412.794 61.011
413.065 59.018
413.336 63.026
413.607 73.034
413.878 90.042
414.150 92.050
414.421 46.057
414.692 -20.935
414.963 26.073
415.234 43.081
415.505 35.088
415.776 70.096
416.047 43.104
416.319 58.111
416.590 43.119
416.861 29.127
417.132 40.134
417.403 24.142
417.674 4.149
417.945 31.157
418.217 51.164
418.488 55.172
418.759 56.179
419.030 54.187
419.301 82.194
419.572 58.202
419.843 1.209
420.114 -14.783
420.386 -4.776
420.657 60.232
420.928 22.239
421.199 10.246
421.470 36.254
421.741 42.261
422.012 75.268
422.283 42.276
422.555 35.283
422.826 23.290
423.097 2.297
423.368 16.305
423.639 37.312
423.910 73.319
424.181 77.326
424.453 49.333
424.724 49.340
424.995 13.348
425.266 -17.645
425.537 41.362
425.808 65.369
426.079 45.376
426.350 48.383
426.622 26.390
426.893 37.397
427.164 58.404
427.435 38.411
427.706 12.418
427.977 28.425
428.248 7.432
428.519 23.439
428.791 43.446
429.062 61.453
429.333 48.460
429.604 -10.534
429.875 -27.527
430.146 14.480
430.417 31.487
430.689 3.494
430.960 27.501
431.231 78.507
431.502 99.514
431.773 50.521
432.044 31.528
432.315 82.534
432.586 71.541
432.858 69.548
433.129 34.554
433.400 58.561
433.671 31.568
433.942 31.574
434.213 24.581
434.484 15.588
434.755 60.594
435.027 8.601
435.298 5.607
435.569 23.614
435.840 27.621
436.116 37.627
436.391 61.634
436.667 56.640
436.942 44.647
437.218 27.653
437.493 -3.340
437.769 43.666
438.045 24.672
438.320 28.679
438.596 35.685
438.871 56.692
439.147 66.698
439.422 104.704
439.698 32.711
439.974 34.717
440.249 42.723
440.525 24.730
440.800 12.736
441.076 38.742
441.351 40.749
441.627 61.755
441.903 68.761
442.178 48.767
442.454 39.774
442.729 17.780
443.005 12.786
443.281 62.792
443.556 46.798
443.832 44.804
444.107 33.811
444.383 54.817
444.658 68.823
444.934 34.829
445.210 -7.165
445.485 -3.159
445.761 3.847
446.036 71.853
446.312 86.859
446.587 39.865
446.863 13.871
447.139 35.877
447.414 67.883
447.690 56.889
447.965 26.895
448.241 10.901
448.516 -2.093
448.792 10.913
449.068 46.919
449.343 52.925
449.619 46.931
449.894 68.937
450.170 33.943
450.445 44.948
450.721 80.954
450.997 74.960
451.272 73.966
451.548 25.972
451.823 49.978
452.099 55.983
452.375 51.989
452.650 52.995
452.926 53.001
453.201 62.006
453.477 38.012
453.752 20.018
454.028 33.023
454.304 40.029
454.579 43.035
454.855 69.040
455.130 85.046
455.406 94.052
455.681 43.057
455.957 12.063
456.233 13.069
456.508 30.074
456.784 30.080
457.059 14.085
457.335 30.091
457.610 65.097
457.886 48.102
458.162 40.108
458.437 41.113
458.713 34.119
458.988 21.124
459.264 31.130
459.539 54.135
459.815 72.141
460.091 53.146
460.366 61.151
460.642 24.157
460.917 42.162
461.193 83.168
461.468 71.173
461.744 45.178
462.020 45.184
462.295 68.189
462.571 44.195
462.846 23.200
463.122 38.205
463.397 18.211
463.673 32.184
463.949 37.184
464.224 55.171
464.500 71.161
464.775 65.237
465.051 43.156
465.327 32.215
465.602 78.097
465.878 34.224
466.153 -5.725
466.429 27.241
466.704 64.145
466.980 36.279
467.256 45.284
467.531 45.334
467.807 39.373
468.082 86.472
468.358 106.411
468.633 96.696
468.909 71.601
469.185 71.678
469.460 73.768
469.736 60.755
470.011 34.577
470.287 42.596
470.562 43.695
470.838 2.372
471.114 -38.025
471.389 36.728
471.665 20.592
471.940 55.031
472.216 22.647
472.491 40.912
472.767 54.143
473.043 78.489
473.318 50.097
473.594 70.529
473.869 8.550
474.145 -0.600
474.421 12.630
474.696 35.015
474.972 18.762
475.247 52.426
475.523 89.037
475.798 61.610
476.074 42.204
476.350 21.842
476.625 -19.925
476.901 7.603
477.176 40.187
477.452 19.805
477.727 32.017
478.003 76.705
478.279 47.239
478.554 52.325
478.830 38.141
479.105 38.068
479.381 60.347
479.656 70.493
479.932 19.768
480.208 43.032
480.483 70.294
480.759 82.432
481.034 53.061
481.310 51.045
481.585 19.697
481.861 -2.476
482.137 28.750
482.412 51.864
482.688 56.785
482.963 26.642
483.239 62.693
483.514 62.697
483.790 62.576
484.066 71.509
484.341 88.409
484.617 75.364
484.892 63.278
485.168 78.208
485.443 33.403
485.719 46.330
485.995 52.195
486.270 18.451
486.546 0.615
486.821 10.511
487.097 2.597
487.373 20.350
487.648 22.283
487.924 55.697
488.199 36.001
488.475 18.323
488.750 48.684
489.026 30.090
489.302 42.852
489.577 71.246
489.853 33.962
490.128 31.028
490.404 94.603
490.679 78.952
490.955 64.216
491.231 52.490
491.506 44.718
491.782 45.745
492.057 32.006
492.333 42.774
492.608 23.208
492.884 66.265
493.160 67.248
493.435 17.384
493.711 6.604
493.986 1.705
494.262 -6.133
494.537 33.087
494.813 11.534
495.089 0.744
495.364 46.917
495.640 68.532
495.915 36.120
496.191 46.038
496.467 31.309
496.742 63.825
497.018 59.020
497.293 35.332
497.569 41.300
497.844 53.267
498.120 59.212
498.396 43.460
498.671 45.494
498.947 41.525
499.222 48.529
499.498 43.606
499.773 38.635
500.049 53.672
500.325 79.677
500.600 103.841
500.876 84.930
501.151 100.149
501.427 76.158
501.702 76.238
501.978 61.167
502.254 41.153
502.529 26.025
502.805 17.999
503.080 54.312
503.356 58.407
503.631 41.298
503.907 62.641
504.183 64.669
504.458 50.503
504.734 26.189
505.009 54.505
505.285 48.491
505.560 34.290
505.836 26.232
506.112 44.455
506.387 73.811
506.663 63.629
506.938 41.388
507.214 42.403
507.490 42.364
507.765 8.017
508.041 29.211
508.316 72.606
508.592 27.146
508.867 43.219
509.143 46.195
509.419 74.340
509.694 53.131
509.970 36.084
510.245 34.013
510.521 45.983
510.796 55.931
511.072 54.936
511.348 30.902
511.623 19.939
511.899 45.728
512.174 80.443
512.450 32.748
512.725 49.617
513.001 77.321
513.277 73.288
513.552 56.349
513.828 71.034
514.103 53.234
514.379 51.318
514.654 95.512
514.930 77.646
515.206 58.928
515.481 47.155
515.757 11.807
516.032 1.036
516.308 61.584
516.583 66.406
516.859 43.885
517.135 32.204
517.410 33.116
517.686 23.402
517.961 12.715
518.237 50.521
518.513 74.629
518.788 81.330
519.064 66.697
519.339 39.712
519.615 57.052
519.890 83.037
520.166 62.729
520.442 92.509
520.717 102.137
520.993 91.641
521.268 49.208
521.544 96.372
521.819 69.293
522.095 52.915
522.371 100.807
522.646 73.006
522.922 67.192
523.197 40.376
523.473 42.254
523.748 77.664
524.024 75.754
524.300 49.920
524.575 39.397
524.851 81.505
525.126 109.155
525.402 21.225
525.677 38.453
525.953 60.408
526.229 81.444
526.504 64.300
526.780 63.286
527.055 83.446
527.331 80.578
527.606 105.563
527.882 96.853
528.158 47.140
528.433 72.186
528.709 40.519
528.984 24.208
529.260 55.988
529.535 57.859
529.811 16.556
530.087 28.141
530.362 65.743
530.638 57.983
530.913 35.919
531.189 19.548
531.465 -4.580
531.740 21.505
532.016 53.444
532.291 73.757
532.567 48.709
532.842 42.899
533.118 54.583
533.394 70.173
533.669 31.402
533.945 55.724
534.220 53.782
534.496 29.495
534.771 45.121
535.047 44.193
535.323 56.935
535.598 69.565
535.874 57.917
536.149 61.887
536.425 53.145
536.700 29.665
536.976 101.294
537.252 154.390
537.527 123.111
537.803 67.122
538.078 116.355
538.354 122.258
538.629 92.854
538.905 118.448
539.181 122.629
539.456 147.287
539.732 166.192
540.007 165.208
540.283 180.196
540.558 223.457
540.834 178.402
541.110 149.869
541.385 143.932
541.661 126.113
541.936 121.286
542.212 181.745
542.488 191.659
542.763 147.063
543.039 176.974
543.314 240.469
543.590 210.920
543.865 176.166
544.141 186.100
544.417 179.151
544.692 165.252
544.968 149.366
545.243 188.285
545.519 200.017
545.794 158.470
546.070 148.532
546.348 161.619
546.627 118.717
546.905 133.764
547.183 187.126
547.461 204.011
547.740 134.500
548.018 162.470
548.296 169.263
548.575 156.356
548.853 173.241
549.131 207.008
549.409 227.639
549.688 168.118
549.966 159.192
550.244 259.394
550.523 237.336
550.801 193.539
551.079 232.915
551.357 250.723
551.636 257.395
551.914 202.649
552.192 208.569
552.471 235.432
552.749 263.542
553.027 259.349
553.306 253.197
553.584 268.932
553.862 220.537
554.140 253.939
554.419 288.455
554.697 290.417
554.975 290.135
555.254 327.000
555.532 307.152
555.810 340.026
556.088 321.840
556.367 289.711
556.645 251.494
556.923 244.687
557.202 253.198
557.480 279.169
557.758 240.104
558.036 200.339
558.315 190.274
558.593 223.190
558.871 243.522
559.150 194.745
559.428 168.498
559.706 186.055
559.984 134.720
560.263 137.485
560.541 139.148
560.819 154.699
561.098 174.597
561.376 119.792
561.654 84.217
561.932 73.714
562.211 102.393
562.489 75.499
562.767 44.719
563.046 96.638
563.324 98.467
563.602 72.628
563.880 107.109
564.159 86.959
564.437 56.197
564.715 71.609
564.994 61.055
565.272 28.428
565.550 34.156
565.828 71.619
566.107 37.037
566.385 51.520
566.663 19.803
566.942 9.258
567.220 25.591
567.498 28.503
567.776 62.159
568.055 78.508
568.333 42.934
568.611 59.397
568.890 65.180
569.168 2.567
569.446 32.523
569.725 37.357
570.003 25.765
570.281 58.675
570.559 85.757
570.838 68.417
571.116 66.548
571.394 55.892
571.673 66.618
571.951 57.947
572.229 2.610
572.507 13.305
572.786 18.184
573.064 33.784
573.342 62.997
573.621 61.172
573.899 49.467
574.177 60.260
574.455 57.389
574.734 74.081
575.012 62.342
575.290 50.653
575.569 57.567
575.847 64.496
576.125 49.778
576.403 31.165
576.682 52.831
576.960 54.908
577.243 7.612
577.527 42.105
577.810 21.418
578.093 24.400
578.377 84.727
578.660 40.263
578.944 62.993
579.227 75.002
579.510 45.346
579.794 40.433
580.077 46.342
580.360 18.613
580.644 14.661
580.927 28.595
581.210 38.538
581.494 19.693
581.777 32.611
582.061 53.562
582.344 45.642
582.627 0.779
582.911 25.706
583.194 46.693
583.477 41.705
583.761 75.640
584.044 103.586
584.327 67.728
584.611 69.728
584.894 106.694
585.178 101.701
585.461 64.741
585.744 25.782
586.028 -4.190
586.311 14.813
586.594 47.815
586.878 58.817
587.161 50.820
587.444 47.822
587.728 70.825
588.011 16.827
588.295 1.829
588.578 30.801
588.861 25.808
589.145 -16.164
589.428 21.861
589.711 11.841
589.995 24.819
590.278 73.772
590.562 47.848
590.845 -5.144
591.128 52.747
591.412 33.788
591.695 40.817
591.978 74.710
592.262 80.781
592.545 73.643
592.828 50.765
593.112 20.807
593.395 14.827
593.679 34.735
593.962 61.629
594.245 54.605
594.529 41.672
594.812 36.663
595.095 81.478
595.379 52.520
595.662 22.753
595.945 60.469
596.229 35.609
596.512 25.640
596.796 29.632
597.079 53.367
597.362 76.142
597.646 91.895
597.929 96.842
598.212 58.211
598.496 43.391
598.779 36.441
599.062 15.712
599.346 7.817
599.629 25.563
599.913 36.378
600.196 56.084
600.479 32.409
600.763 43.281
601.046 48.114
601.329 20.605
601.613 21.570
601.896 51.071
602.179 67.722
602.463 46.113
602.746 19.593
603.030 32.365
603.313 38.223
603.596 55.890
603.880 23.484
604.163 48.977
604.446 32.280
604.730 52.851
605.013 55.736
605.296 62.649
605.580 57.754
605.863 58.736
606.147 88.121
606.430 75.390
606.713 62.598
606.997 51.888
607.280 68.473
607.563 32.272
607.847 31.265
608.130 77.362
608.414 34.235
608.697 59.678
608.980 40.149
609.264 6.857
609.547 -6.859
609.830 -4.898
610.114 29.384
610.397 22.530
610.680 59.692
610.964 53.929
611.247 29.421
611.531 72.631
611.814 81.466
612.097 32.400
612.381 6.880
612.664 89.323
612.947 76.567
613.231 47.128
613.514 37.354
613.797 55.037
614.081 98.261
614.364 71.741
614.648 42.273
614.931 26.558
615.214 39.330
615.498 46.254
615.781 12.837
616.064 28.587
616.348 58.116
616.631 52.264
616.914 46.309
617.198 20.741
617.481 1.039
617.765 4.987
618.048 38.557
618.331 68.174
618.615 31.682
618.898 16.862
619.181 39.591
619.465 72.273
619.748 26.776
620.031 28.785
620.315 34.762
620.598 24.877
620.882 21.925
621.165 47.794
621.448 82.587
621.732 57.795
622.015 40.882
622.298 59.909
622.582 40.010
622.865 53.039
623.148 59.035
623.432 45.141
623.715 47.145
623.999 75.326
624.282 98.496
624.565 82.599
624.849 32.300
625.132 20.270
625.415 30.353
625.699 46.530
625.982 41.487
626.265 57.751
626.549 52.644
626.832 51.636
627.116 63.759
627.399 66.791
627.682 67.666
627.966 48.466
628.249 45.401
628.532 68.473
628.816 51.287
629.099 30.195
629.383 37.174
629.666 49.089
629.949 70.857
630.233 62.766
630.516 53.661
630.799 60.481
631.083 46.497
631.366 -14.616
631.649 7.011
631.933 84.381
632.216 65.517
632.500 62.470
632.783 73.941
633.066 36.978
633.350 38.805
633.633 55.178
633.916 29.968
634.200 31.801
634.483 34.646
634.766 48.875
635.050 41.118
635.333 31.566
635.617 50.501
635.900 87.374
636.183 108.970
636.467 103.197
636.750 79.420
637.033 49.233
637.317 55.681
637.600 102.622
637.883 104.406
638.167 91.176
638.450 90.071
638.734 94.754
639.017 106.928
639.300 123.784
639.584 108.702
639.867 146.122
640.150 135.834
640.434 149.867
640.717 160.944
641.000 141.319
641.284 145.059
641.567 172.325
641.851 152.397
642.134 172.328
642.417 223.571
642.701 255.587
642.984 271.238
643.267 282.047
643.551 318.565
643.834 347.919
644.117 387.857
644.401 455.701
644.684 493.191
644.968 581.443
645.251 667.203
645.534 776.022
645.818 837.938
646.101 965.487
646.384 1063.141
646.668 1208.683
646.951 1387.088
647.235 1539.709
647.518 1642.154
647.801 1805.690
648.085 1997.423
648.368 2236.144
648.651 2345.168
648.935 2522.844
649.218 2717.761
649.501 2889.976
649.785 3184.808
650.068 3439.875
650.352 3636.704
650.635 3917.080
650.918 4211.232
651.202 4574.264
651.485 4812.228
651.768 5103.876
652.052 5311.038
652.335 5530.354
652.618 5735.452
652.902 5919.659
653.185 6079.121
653.469 6165.336
653.752 6431.064
654.035 6535.234
654.319 6510.985
654.602 6683.881
654.885 6672.501
655.169 6716.402
655.452 6659.743
655.735 6641.602
656.019 6643.511
656.302 6704.780
656.586 6665.310
656.869 6681.308
657.152 6800.911
657.436 6790.262
657.719 6765.908
658.002 6870.145
658.286 6878.097
658.569 6925.347
658.852 6989.178
659.136 7094.742
659.419 6953.627
659.703 6972.918
659.986 7017.589
660.269 7085.785
660.553 7005.415
660.836 6840.783
661.119 6837.736
661.403 6910.727
661.686 6979.995
661.969 6858.939
662.253 6727.986
662.536 6604.004
662.820 6485.133
663.103 6302.579
663.386 6211.303
663.670 6081.487
663.953 5924.441
664.236 5807.852
664.520 5590.021
664.803 5271.887
665.086 5088.415
665.370 4953.755
665.653 4706.542
665.937 4510.506
666.220 4311.725
666.503 4029.779
666.787 3823.898
667.070 3578.623
667.353 3365.210
667.637 3086.580
667.920 2907.069
668.204 2666.705
668.487 2426.626
668.770 2273.294
669.054 2070.648
669.337 1947.378
669.620 1820.978
669.904 1633.789
670.187 1504.977
670.470 1406.514
670.754 1215.699
671.037 1140.477
671.321 1114.799
671.604 996.309
671.887 916.470
672.171 917.495
672.454 823.512
672.737 757.578
673.021 700.921
673.304 687.268
673.587 658.522
673.871 621.813
674.154 605.137
674.438 532.790
674.721 532.792
675.004 560.091
675.288 553.919
675.571 418.549
675.854 396.923
676.138 382.901
676.421 336.858
676.704 390.927
676.988 409.101
677.271 378.533
677.555 324.117
677.838 334.460
678.121 315.521
678.405 260.275
678.688 265.453
678.971 203.764
679.255 208.953
679.538 276.382
679.821 232.815
680.105 214.366
680.388 215.406
680.672 207.316
680.955 178.211
681.238 174.236
681.522 197.965
681.805 137.063
682.088 155.672
682.372 199.631
682.655 183.140
682.938 145.563
683.222 178.967
683.505 132.134
683.789 118.551
684.072 147.811
684.355 52.669
684.639 82.941
684.922 123.653
685.205 85.032
685.489 56.850
685.772 73.630
686.056 105.089
686.339 69.526
686.622 99.653
686.906 112.181
687.189 111.139
687.472 134.105
687.756 121.453
688.039 61.039
688.322 101.750
688.606 177.952
688.889 106.972
689.173 79.834
689.456 77.747
689.739 92.363
690.023 95.396
690.306 99.568
690.589 97.383
690.873 51.497
691.156 32.768
691.439 51.500
691.723 80.638
692.006 83.848
692.290 53.530
692.573 83.590
692.856 94.817
693.140 120.725
693.423 104.039
693.706 79.277
693.990 127.719
694.273 82.134
694.556 57.283
694.840 122.552
695.123 107.964
695.407 69.671
695.690 46.872
695.973 120.117
696.257 128.234
696.540 139.420
696.830 95.085
697.120 81.726
697.410 89.857
697.699 93.868
697.989 126.561
698.279 102.076
698.569 97.875
698.859 71.237
699.149 73.138
699.439 137.416
699.729 112.787
700.018 116.870
700.308 99.423
700.598 34.185
700.888 36.114
701.178 72.627
701.468 90.810
701.758 101.865
702.048 90.446
702.337 21.783
702.627 43.940
702.917 47.978
703.207 37.812
703.497 35.763
703.787 52.814
704.077 65.947
704.366 86.900
704.656 49.703
704.946 28.555
705.236 31.525
705.526 64.429
705.816 68.422
706.106 30.469
706.396 58.328
706.685 25.385
706.975 16.449
707.265 26.328
707.555 61.139
707.845 44.170
708.135 35.252
708.425 22.303
708.715 32.217
709.004 41.080
709.294 69.737
709.584 54.808
709.874 15.362
710.164 17.335
710.454 13.418
710.744 57.829
711.034 60.732
711.323 55.692
711.613 67.504
711.903 78.255
712.193 74.323
712.483 28.110
712.773 55.643
713.063 21.188
713.352 28.004
713.642 82.691
713.932 35.702
714.222 77.503
714.512 94.939
714.802 53.874
715.092 52.906
715.382 47.970
715.671 30.504
715.961 -18.687
716.251 0.582
716.541 35.232
716.831 42.891
717.121 62.903
717.411 42.688
717.701 51.302
717.990 61.829
718.280 63.623
718.570 76.040
718.860 33.984
719.150 21.601
719.440 54.025
719.730 33.065
720.019 62.615
720.309 45.484
720.599 43.575
720.889 80.023
721.179 52.273
721.469 41.788
721.759 52.375
722.049 63.882
722.338 33.202
722.628 10.212
722.918 21.720
723.208 27.532
723.498 -9.005
723.788 39.111
724.078 59.323
724.368 41.117
724.657 41.079
724.947 48.834
725.237 48.882
725.527 33.439
725.817 50.766
726.107 21.901
726.397 48.014
726.686 34.476
726.976 20.937
727.266 42.215
727.556 19.972
727.846 17.089
728.136 38.350
728.426 20.983
728.716 5.481
729.005 29.707
729.295 33.584
729.585 30.737
729.875 51.028
730.165 49.139
730.455 52.049
730.745 65.693
731.035 61.811
731.324 77.497
731.614 57.930
731.904 20.086
732.194 38.552
732.484 29.836
732.774 2.599
733.064 33.729
733.354 3.574
733.643 27.001
733.933 49.393
734.223 58.166
734.513 32.826
734.803 14.322
735.093 14.323
735.383 43.635
735.672 12.386
735.962 15.347
736.252 19.243
736.542 33.974
736.832 8.509
737.122 9.499
737.412 6.559
737.702 -3.247
737.991 43.859
738.281 73.445
738.571 28.188
738.861 5.606
739.151 30.214
739.441 50.834
739.731 35.103
740.021 82.464
740.310 66.767
740.600 53.014
740.890 31.235
741.180 60.913
741.470 82.632
741.760 79.671
742.050 63.878
742.339 86.755
742.629 71.919
742.919 82.801
743.209 62.957
743.499 35.325
743.789 54.173
744.079 61.105
744.369 60.056
744.658 45.310
744.948 38.336
745.238 67.116
745.528 63.153
745.818 69.169
746.108 67.186
746.398 75.198
746.688 78.178
746.977 106.978
747.267 73.215
747.557 42.474
747.847 44.463
748.137 51.474
748.427 62.420
748.717 44.555
749.006 -1.259
749.296 57.505
749.586 66.404
749.876 58.503
750.166 54.520
750.456 52.582
750.746 50.639
751.036 11.718
751.325 -7.243
751.615 3.740
751.905 27.717
752.195 34.746
752.485 20.747
752.775 61.810
753.065 59.809
753.355 37.788
753.644 40.792
753.934 22.844
754.224 -8.271
754.514 -5.267
754.804 15.803
755.094 20.819
755.384 15.805
755.674 14.803
755.963 19.819
756.253 46.948
756.543 60.944
756.833 52.023
757.123 52.976
757.413 -0.236
757.703 -10.286
757.992 38.962
758.282 53.984
758.572 69.114
758.862 53.035
759.152 43.991
759.442 28.887
759.732 39.973
760.022 32.939
760.311 65.166
760.601 68.185
760.891 22.915
761.181 36.963
761.471 81.267
761.761 81.350
762.051 50.132
762.341 -7.261
762.630 29.993
762.920 60.206
763.210 49.179
763.500 50.137
763.793 57.187
764.086 32.012
764.379 76.247
764.671 100.392
764.964 61.158
765.257 23.936
765.550 63.300
765.843 59.268
766.136 50.197
766.429 80.440
766.722 37.057
767.014 30.984
767.307 49.143
767.600 23.968
767.893 2.824
768.186 -21.369
768.479 -0.199
768.772 37.101
769.064 63.312
769.357 43.108
769.650 77.426
769.943 78.356
770.236 57.209
770.529 51.220
770.822 13.922
771.115 10.899
771.407 43.202
771.700 45.221
771.993 28.096
772.286 37.150
772.579 77.436
772.872 68.365
773.165 1.833
773.457 42.157
773.750 66.418
774.043 27.065
774.336 13.962
774.629 6.878
774.922 23.032
775.215 30.096
775.508 7.882
775.800 -16.270
776.093 48.165
776.386 68.239
776.679 56.224
776.972 34.070
777.265 39.106
777.558 57.176
777.850 34.004
778.143 25.965
778.436 29.010
778.729 19.936
779.022 13.907
779.315 -31.318
779.608 -13.227
779.900 54.111
780.193 61.147
780.486 40.002
780.779 28.930
781.072 65.976
781.365 39.965
781.658 54.062
781.951 56.071
782.243 43.936
782.536 55.069
782.829 20.934
783.122 22.943
783.415 29.942
783.708 49.000
784.001 50.004
784.293 60.035
784.586 59.975
784.879 50.958
785.172 60.918
785.465 53.966
785.758 42.945
786.051 27.916
786.344 51.861
786.636 74.937
786.929 7.871
787.222 22.932
787.515 39.905
787.808 13.852
788.101 7.859
788.394 44.823
788.686 88.779
788.979 40.869
789.272 31.838
789.565 43.783
789.858 27.816
790.151 23.849
790.444 74.799
790.737 73.875
791.029 76.722
791.322 95.685
791.615 37.764
791.908 15.862
792.201 50.777
792.494 74.656
792.787 26.774
793.079 57.709
793.372 92.513
793.665 64.689
793.958 45.747
794.251 103.575
794.544 79.568
794.837 96.597
795.130 81.643
795.422 52.731
795.715 5.872
796.008 13.863
796.301 32.760
796.594 47.702
796.887 19.814
797.180 18.838
797.472 13.853
797.765 31.800
798.058 41.730
798.351 35.790
798.644 31.803
798.937 17.846
799.230 46.713
799.523 85.644
799.815 51.747
800.108 35.795
800.401 21.838
800.694 20.863
800.987 22.837
801.280 57.848
801.573 57.849
801.865 54.853
802.158 38.831
802.451 27.854
802.744 55.799
803.037 71.768
803.330 7.904
803.623 -1.085
803.915 22.868
804.208 39.875
804.501 13.930
804.794 44.961
805.087 59.917
805.380 52.022
805.673 60.980
805.966 44.965
806.258 40.001
806.551 63.174
806.844 50.123
807.137 57.209
807.430 49.121
807.723 60.166
808.016 112.375
808.308 81.415
808.601 29.044
808.894 36.145
809.187 26.112
809.480 50.231
809.773 32.091
810.066 6.973
810.359 -14.167
810.651 27.178
810.944 19.087
811.237 6.998
811.530 4.981
811.825 59.532
812.119 64.518
812.414 23.147
812.709 10.039
813.003 40.425
813.298 56.563
813.593 68.836
813.887 62.695
814.182 48.624
814.476 62.887
814.771 74.056
815.066 30.464
815.360 18.238
815.655 40.597
815.950 42.674
816.244 14.190
816.539 43.782
816.834 70.286
817.128 74.440
817.423 54.997
817.718 41.874
818.012 36.876
818.307 55.281
818.602 13.274
818.896 22.542
819.191 31.816
819.486 24.673
819.780 4.077
820.075 31.950
820.369 107.508
820.664 65.177
820.959 43.439
821.253 -2.111
821.548 0.998
821.843 93.421
822.137 99.756
822.432 41.631
822.727 27.077
823.021 31.281
823.316 26.090
823.611 19.863
823.905 56.631
824.200 29.443
824.495 75.919
824.789 70.646
825.084 60.035
825.379 70.647
825.673 54.883
825.968 59.233
826.262 59.297
826.557 49.922
826.852 26.515
827.146 42.440
827.441 58.302
827.736 55.180
828.030 23.359
828.325 19.089
828.620 90.215
828.914 117.942
829.209 80.491
829.504 76.336
829.798 89.932
830.093 79.266
830.388 77.153
830.682 92.912
830.977 37.882
831.271 57.762
831.566 74.257
831.861 56.358
832.155 23.900
832.450 53.822
832.745 94.838
833.039 48.298
833.334 11.242
833.629 20.320
833.923 33.329
834.218 23.112
834.513 -23.026
834.807 33.897
835.102 73.339
835.397 34.551
835.691 5.900
835.986 0.984
836.281 39.179
836.575 70.453
836.870 52.738
837.164 2.937
837.459 21.489
837.754 9.771
838.048 42.081
838.343 51.917
838.638 48.094
838.932 52.225
839.227 37.522
839.522 30.734
839.816 50.707
840.111 17.012
840.406 19.089
840.700 77.713
840.995 97.377
841.290 93.988
841.584 68.663
841.879 23.752
842.174 35.324
842.468 78.388
842.763 60.880
843.057 49.756
843.352 63.783
843.647 32.073
843.941 55.937
844.236 97.426
844.531 56.546
844.825 56.856
845.120 69.181
845.415 41.924
845.709 -30.945
846.004 22.276
846.299 15.655
846.593 58.262
846.888 88.896
847.183 71.059
847.477 58.725
847.772 46.573
848.066 54.581
848.361 92.292
848.656 100.380
848.950 73.181
849.245 82.419
849.540 92.717
849.834 84.806
850.129 57.381
850.424 34.486
850.718 26.480
851.013 41.424
851.308 63.191
851.602 65.488
851.897 79.448
852.192 56.305
852.486 64.195
852.781 56.177
853.076 55.033
853.370 74.421
853.665 76.711
853.959 50.280
854.254 19.437
854.549 62.696
854.843 116.228
855.138 73.751
855.433 22.706
855.727 -3.337
856.022 37.345
856.317 58.749
856.611 34.968
856.906 67.399
857.201 61.719
857.495 34.736
857.790 29.111
858.085 23.447
858.379 30.029
858.674 20.041
858.969 35.541
859.263 17.744
859.558 -7.644
859.852 27.538
860.147 70.242
860.442 31.761
860.736 39.283
861.031 65.214
861.326 -3.185
861.620 -6.404
861.915 45.279
862.210 85.907
862.504 66.452
862.799 72.566
863.094 123.476
863.388 109.414
863.683 60.518
863.978 38.048
864.272 48.495
864.567 36.800
864.861 28.347
865.156 77.239
865.451 67.713
865.745 69.506
866.040 107.403
866.335 63.928
866.629 41.230
866.924 30.847
867.219 57.397
867.513 75.666
867.808 96.722
868.103 60.870
868.397 43.602
868.692 27.353
868.987 19.254
869.281 -18.009
869.576 11.104
869.871 45.128
870.165 21.020
870.460 16.020
870.754 42.828
871.049 48.696
871.344 77.313
871.638 81.033
871.933 58.214
872.228 42.409
872.522 48.221
872.817 47.054
873.112 28.464
873.406 15.698
873.701 18.626
873.996 35.143
874.290 39.973
874.585 47.663
874.880 111.633
875.174 38.776
875.469 1.058
875.764 24.224
876.058 29.023
876.353 33.682
876.647 57.731
876.942 49.039
877.237 51.769
877.531 15.362
877.826 16.301
878.121 63.784
878.415 15.291
878.710 -16.002
879.005 19.001
879.299 7.638
879.594 42.431
879.889 80.926
880.183 48.879
880.478 44.066
880.773 16.906
881.067 -14.811
881.362 3.821
881.656 24.197
881.951 39.916
882.246 38.883
882.540 45.263
882.835 14.808
883.130 48.771
883.424 57.795
883.719 22.041
884.014 -14.482
884.308 2.836
884.603 14.637
884.898 54.452
885.192 58.822
885.487 73.276
885.782 54.160
886.076 10.898
886.371 28.832
886.666 9.076
886.960 27.885
887.255 65.462
887.549 33.174
887.844 56.409
888.139 80.323
888.433 56.159
888.728 57.836
889.023 47.180
889.317 39.118
889.612 30.226
889.907 39.050
890.201 69.139
890.496 91.182
890.791 89.336
891.085 49.540
891.380 62.780
891.675 63.719
891.969 63.719
892.264 30.952
892.559 24.807
892.853 33.656
893.148 50.426
893.442 34.479
893.737 24.810
894.032 13.335
894.326 19.502
894.621 13.336
894.916 15.112
895.210 38.887
895.505 59.309
895.800 39.910
896.094 -0.760
896.389 -7.820
896.684 26.626
896.978 39.842
897.273 19.577
897.568 22.210
897.862 36.377
898.157 58.482
898.451 80.658
898.746 54.995
899.041 60.359
899.335 56.816
899.630 54.208
899.925 36.445
900.219 25.817
900.514 41.835
900.809 7.250
901.103 -1.644
901.398 1.909
901.693 -12.333
901.987 43.806
902.282 93.634
902.577 17.977
902.871 10.831
903.166 24.222
903.461 59.066
903.755 76.992
904.050 38.669
904.344 22.581
904.639 48.571
904.934 69.261
905.228 68.487
905.523 69.574
905.818 49.692
906.112 48.792
906.407 63.321
906.702 25.461
906.996 49.829
907.291 72.742
907.586 36.379
907.880 53.735
908.175 61.057
908.470 62.876
908.764 41.929
909.059 23.830
909.354 16.574
909.648 34.855
909.943 43.075
910.237 79.750
910.532 89.063
910.827 109.229
911.121 62.540
911.416 32.325
911.711 55.303
912.005 69.218
912.300 20.453
912.599 58.438
912.898 91.741
913.196 59.530
913.495 34.484
913.794 37.336
914.093 63.301
914.391 37.372
914.690 23.485
914.989 40.314
915.288 37.478
915.586 30.072
915.885 46.047
916.184 40.505
916.483 9.549
916.782 -2.651
917.080 -19.567
917.379 -13.954
917.678 23.734
917.977 39.870
918.275 82.481
918.574 83.665
918.873 65.701
919.172 41.089
919.471 35.347
919.769 37.355
920.068 30.741
920.367 72.906
920.666 73.186
920.964 47.296
921.263 12.705
921.562 41.688
921.861 49.554
922.159 38.981
922.458 38.982
922.757 26.450
923.056 15.812
923.355 23.694
923.653 10.962
923.952 17.889
924.251 36.608
924.550 70.142
924.848 35.765
925.147 4.158
925.446 -3.774
925.745 30.016
926.043 58.961
926.342 49.148
926.641 28.198
926.940 43.328
927.239 44.466
927.537 41.616
927.836 15.385
928.135 63.084
928.434 57.115
928.732 36.941
929.031 72.878
929.330 41.234
929.629 47.485
929.927 46.554
930.226 35.408
930.525 29.319
930.824 83.635
931.123 69.253
931.421 20.133
931.720 50.905
932.019 38.396
932.318 20.456
932.616 32.343
932.915 56.260
933.214 42.527
933.513 11.134
933.812 1.329
934.110 -0.872
934.409 28.107
934.708 20.509
935.007 36.481
935.305 91.883
935.604 78.065
935.903 93.084
936.202 44.146
936.500 15.846
936.799 64.661
937.098 68.085
937.397 91.636
937.696 74.959
937.994 37.316
938.293 58.422
938.592 82.640
938.891 62.626
939.189 68.660
939.488 75.974
939.787 27.663
940.086 4.462
940.384 53.235
940.683 105.799
940.982 81.053
941.281 28.768
941.580 27.503
941.878 27.702
942.177 50.978
942.476 58.553
942.775 47.184
943.073 67.881
943.372 105.905
943.671 83.912
943.970 35.474
944.268 14.977
944.567 9.108
944.866 13.494
945.165 4.716
945.464 45.593
945.762 59.843
946.061 52.359
946.360 66.522
946.659 142.168
946.957 134.428
947.256 125.333
947.555 86.612
947.854 72.366
948.153 74.769
948.451 72.956
948.750 82.159
949.049 36.090
949.348 45.531
949.646 57.545
949.945 -11.856
950.244 -7.774
950.543 31.152
950.841 44.320
951.140 67.959
951.439 94.929
951.738 44.644
952.037 22.422
952.335 71.281
952.634 122.421
952.933 16.936
953.232 7.965
953.530 35.708
953.829 84.373
954.128 40.358
954.427 -5.905
954.725 37.250
955.024 64.107
955.323 68.511
955.622 46.418
955.921 -8.154
956.219 61.820
956.518 27.777
956.817 37.070
957.116 45.267
957.414 30.957
957.713 10.859
958.012 22.517
958.311 49.188
958.610 -31.065
958.908 8.366
959.207 59.924
959.506 40.245
959.805 62.790
960.103 93.366
960.402 71.638
960.701 29.668
961.000 58.782
961.298 28.284
961.597 30.524
961.896 40.467
962.195 89.078
962.494 103.163
962.792 76.194
963.091 57.619
963.390 38.748
963.689 30.887
963.987 81.895
964.286 76.372
964.585 96.042
964.884 66.446
965.182 17.544
965.481 57.273
965.780 84.065
966.080 31.468
966.380 69.029
966.680 63.386
966.981 20.584
967.281 17.342
967.581 20.541
967.881 6.682
968.181 43.996
968.481 41.687
968.781 65.042
969.082 81.594
969.382 75.259
969.682 1.336
969.982 13.955
970.282 46.700
970.582 57.370
970.882 36.935
971.183 31.766
971.483 -10.195
971.783 11.768
972.083 64.869
972.383 87.513
972.683 79.748
972.983 54.116
973.284 34.306
973.584 30.151
973.884 13.688
974.184 47.513
974.484 45.648
974.784 7.481
975.084 53.510
975.385 55.331
975.685 24.725
975.985 31.919
976.285 40.042
976.585 53.132
976.885 18.560
977.185 14.500
977.486 31.695
977.786 59.171
978.086 17.441
978.386 9.369
978.686 48.773
978.986 40.285
979.286 14.286
979.587 49.286
979.887 75.287
980.187 66.287
980.487 39.288
980.787 19.288
981.087 27.288
981.387 39.289
981.688 24.289
981.988 35.290
982.288 22.290
982.588 42.291
982.888 75.291
983.188 86.292
983.488 50.292
983.789 -0.707
984.089 5.293
984.389 15.293
984.689 -6.706
984.989 21.294
985.289 55.295
985.589 81.295
985.890 56.296
986.190 46.296
986.490 59.297
986.790 52.297
987.090 26.297
987.390 17.298
987.690 28.298
987.991 14.299
988.291 8.299
988.591 36.300
988.891 42.300
989.191 38.301
989.491 15.301
989.791 34.301
990.092 22.302
990.392 17.302
990.692 26.303
990.992 33.303
991.292 30.304
991.592 47.304
991.892 42.305
992.193 17.305
992.493 26.305
992.793 53.306
993.093 41.306
993.393 29.307
993.693 56.307
993.993 85.308
994.294 48.308
994.594 51.309
994.894 75.309
995.194 66.309
995.494 70.310
995.794 49.310
996.094 33.311
996.395 69.311
996.695 64.312
996.995 24.312
997.295 16.312
997.595 46.313
997.895 2.313
998.195 -2.686
998.496 31.314
998.796 22.315
999.096 46.315
999.396 13.315
999.696 23.316
999.996 54.316
1000.296 72.317
1000.597 94.317
1000.897 46.318
1001.197 22.318
1001.497 40.318
1001.797 66.319
1002.097 39.319
1002.397 13.320
1002.698 60.320
1002.998 117.321
1003.298 78.321
1003.598 13.321
1003.898 21.322
1004.198 58.322
1004.498 40.323
1004.799 -24.677
1005.099 13.324
1005.399 66.324
1005.699 62.324
1005.999 43.325
1006.299 57.325
1006.599 50.326
1006.900 64.326
1007.200 59.326
1007.500 58.327
1007.800 39.327
1008.100 19.328
1008.400 7.328
1008.700 14.329
1009.001 61.329
1009.301 56.329
1009.601 37.330
1009.901 43.330
1010.201 56.331
1010.501 52.331
1010.801 76.331
1011.102 83.332
1011.402 72.332
1011.702 30.333
1012.002 -9.667
1012.302 8.334
1012.602 42.334
1012.902 26.334
1013.203 19.335
1013.503 45.335
1013.803 88.336
1014.103 23.336
1014.403 34.336
1014.703 70.337
1015.003 52.337
1015.304 18.338
1015.604 69.338
1015.904 66.338
1016.204 17.339
1016.504 37.339
1016.804 92.340
1017.104 47.340
1017.405 47.340
1017.705 67.341
1018.005 87.341
1018.305 38.342
1018.605 31.342
1018.905 33.343
1019.205 44.343
1019.506 97.343
1019.806 102.344
1020.106 104.344
1020.406 65.345
1020.706 28.345
1021.006 53.345
1021.306 75.346
1021.607 36.346
1021.907 68.347
1022.207 48.347
1022.507 15.347
1022.807 21.348
1023.107 17.348
1023.407 2.349
1023.708 4.349
1024.008 27.349
1024.308 4.350
1024.608 32.350
1024.908 53.351
1025.208 31.351
1025.508 36.351
1025.809 39.352
1026.109 36.352
1026.409 38.352
1026.709 26.353
1027.009 30.353
1027.309 52.354
1027.609 47.354
1027.910 38.354
1028.210 60.355
1028.510 66.355
1028.810 41.356
1029.110 51.356
1029.410 25.356
1029.710 30.357
1030.011 58.357
1030.311 95.358
1030.611 83.358
1030.911 69.358
1031.211 68.359
1031.511 37.359
1031.811 5.360
1032.112 71.360
1032.412 78.360
1032.712 29.361
1033.012 38.361
1033.312 51.361
1033.612 15.362
1033.912 40.362
1034.212 64.363
1034.513 -6.637
1034.813 -18.637
1035.113 26.364
1035.413 20.364
1035.713 -0.635
1036.013 15.365
1036.313 9.365
1036.614 38.366
1036.914 33.366
1037.214 48.366
1037.514 33.367
1037.814 -3.633
1038.114 -8.632
1038.414 -0.632
1038.715 28.368
1039.015 -14.631
1039.315 27.369
1039.615 19.370
1039.915 30.370
1040.215 81.370
1040.515 45.371
1040.816 37.371
1041.116 24.371
1041.416 39.372
1041.716 34.372
1042.016 19.373
1042.316 86.373
1042.616 74.373
1042.917 -27.626
1043.217 29.374
1043.517 103.374
1043.817 42.375
1044.117 44.375
1044.417 57.376
1044.717 82.376
1045.018 68.376
1045.318 83.377
1045.618 63.377
1045.918 75.377
1046.218 70.378
1046.518 36.378
1046.818 42.379
1047.119 56.379
1047.419 90.379
1047.719 84.380
1048.019 38.380
1048.319 17.380
1048.619 20.381
1048.919 12.381
1049.220 46.382
1049.520 74.382
1049.820 58.382
1050.120 36.383
1050.420 37.383
1050.720 46.383
1051.020 100.384
1051.321 69.384
1051.621 27.384
1051.921 39.385
1052.221 38.385
1052.521 22.386
1052.821 52.386
1053.121 87.386
1053.422 88.387
1053.722 74.387
1054.022 55.387
1054.322 22.388
1054.622 48.388
1054.922 58.388
1055.222 37.389
1055.523 16.389
1055.823 28.390
1056.123 66.390
1056.423 57.390
1056.723 52.391
1057.023 62.391
1057.323 63.391
1057.624 33.392
1057.924 45.392
1058.224 42.392
1058.524 69.393
1058.824 110.393
1059.124 101.394
1059.424 123.394
1059.725 68.394
1060.025 50.395
1060.325 41.395
1060.625 37.395
1060.925 39.396
1061.225 47.396
1061.525 45.396
1061.826 63.397
1062.126 69.397
1062.426 75.397
1062.726 32.398
1063.026 33.398
1063.326 63.399
1063.626 71.399
1063.927 14.399
1064.227 7.400
1064.527 56.400
1064.827 79.400
1065.127 35.401
1065.427 4.401
1065.727 13.401
1066.028 46.402
1066.328 64.402
1066.628 52.402
1066.928 58.403
1067.228 28.403
1067.528 34.403
1067.828 46.404
1068.129 22.404
1068.429 32.404
1068.729 29.405
1069.029 17.405
1069.329 7.406
1069.629 9.406
1069.929 61.406
1070.230 27.407
1070.530 14.407
1070.830 8.407
1071.130 -2.592
1071.430 29.408
1071.730 37.408
1072.030 19.409
1072.331 53.409
1072.631 56.409
1072.931 57.410
1073.231 52.410
1073.531 61.410
1073.831 58.411
1074.131 55.411
1074.432 58.411
1074.732 50.412
1075.032 21.412
1075.332 29.412
1075.632 28.413
1075.932 35.413
1076.232 41.413
1076.533 9.414
1076.833 -0.586
1077.133 -20.586
1077.433 -3.585
1077.733 21.415
1078.033 33.415
1078.333 49.416
1078.634 75.416
1078.934 52.417
1079.234 62.417
1079.534 44.417
1079.834 52.418
1080.134 38.418
1080.434 28.418
1080.735 47.419
1081.035 19.419
1081.335 8.419
1081.635 43.420
1081.935 28.420
1082.235 21.420
1082.535 13.421
1082.836 60.421
1083.136 72.421
1083.436 35.422
1083.736 51.422
1084.036 60.422
1084.336 48.423
1084.636 46.423
1084.937 88.423
1085.237 55.424
1085.537 32.424
1085.837 56.424
1086.137 14.425
1086.437 55.425
1086.737 79.425
1087.038 56.426
1087.338 77.426
1087.638 89.426
1087.938 16.427
1088.238 -16.573
1088.538 -19.573
1088.838 0.428
1089.139 23.428
1089.439 48.428
1089.739 70.429
1090.039 57.429
1090.339 37.429
1090.639 18.429
1090.939 50.430
1091.240 48.430
1091.540 39.430
1091.840 64.431
1092.140 70.431
1092.453 78.431
1092.766 76.432
1093.079 67.432
1093.392 38.432
1093.705 25.433
1094.018 16.433
1094.330 29.433
1094.643 52.434
1094.956 81.434
1095.269 41.434
1095.582 21.435
1095.895 75.435
1096.208 55.435
1096.521 58.436
1096.834 97.436
1097.147 64.436
1097.460 37.437
1097.773 22.437
1098.085 32.437
1098.398 93.438
1098.711 80.438
1099.024 28.438
1099.337 78.439
1099.650 52.439
1099.963 38.439
1100.276 14.439
1100.589 25.440
1100.902 77.440
1101.215 69.440
1101.528 92.441
1101.841 72.441
1102.153 40.441
1102.466 70.442
1102.779 91.442
1103.092 66.442
1103.405 59.443
1103.718 45.443
1104.031 67.443
1104.344 65.444
1104.657 64.444
1104.970 89.444
1105.283 59.445
1105.596 7.445
1105.909 -0.555
1106.221 21.446
1106.534 64.446
1106.847 68.446
1107.160 55.446
1107.473 53.447
1107.786 55.447
1108.099 50.447
1108.412 55.448
1108.725 64.448
1109.038 37.448
1109.351 18.449
1109.664 55.449
1109.977 37.449
1110.289 12.450
1110.602 18.450
1110.915 19.450
1111.228 56.450
1111.541 82.451
1111.854 38.451
1112.167 39.451
1112.480 58.452
1112.793 29.452
1113.106 14.452
1113.419 32.453
1113.732 46.453
1114.044 39.453
1114.357 -5.546
1114.670 17.454
1114.983 17.454
1115.296 10.454
1115.609 68.455
1115.922 59.455
1116.235 57.455
1116.548 41.456
1116.861 20.456
1117.174 59.456
1117.487 88.457
1117.800 58.457
1118.112 52.457
1118.425 71.458
1118.738 11.458
1119.051 27.458
1119.364 51.458
1119.677 49.459
1119.990 48.459
1120.303 61.459
1120.616 25.460
1120.929 15.460
1121.242 59.460
1121.555 65.461
1121.868 56.461
1122.180 39.461
1122.493 15.461
1122.806 30.462
1123.119 40.462
1123.432 26.462
1123.745 16.463
1124.058 37.463
1124.371 28.463
1124.684 2.464
1124.997 19.464
1125.310 69.464
1125.623 61.464
1125.935 27.465
1126.248 43.465
1126.561 35.465
1126.874 32.466
1127.187 39.466
1127.500 20.466
1127.813 13.467
1128.126 20.467
1128.439 6.467
1128.752 39.467
1129.065 33.468
1129.378 15.468
1129.691 -0.532
1130.003 10.469
1130.316 71.469
1130.629 47.469
1130.942 17.469
1131.255 27.470
1131.568 39.470
1131.881 37.470
1132.194 6.471
1132.507 1.471
1132.820 33.471
1133.133 35.472
1133.446 -3.528
1133.759 40.472
1134.071 94.472
1134.384 95.473
1134.697 54.473
1135.010 72.473
1135.323 55.474
1135.636 51.474
1135.949 67.474
1136.262 101.474
1136.575 75.475
1136.888 35.475
1137.201 62.475
1137.514 64.476
1137.826 48.476
1138.139 38.476
1138.452 36.476
1138.765 49.477
1139.078 84.477
1139.391 72.477
1139.704 51.478
1140.017 63.478
1140.330 53.478
1140.643 5.478
1140.956 20.479
1141.269 3.479
1141.582 -0.521
1141.894 67.480
1142.207 87.480
1142.520 50.480
1142.833 67.480
1143.146 61.481
1143.459 33.481
1143.772 61.481
1144.085 61.482
1144.398 36.482
1144.711 24.482
1145.024 23.482
1145.337 61.483
1145.650 70.483
1145.962 92.483
1146.275 72.484
1146.588 26.484
1146.901 19.484
1147.214 40.484
1147.527 40.485
1147.840 12.485
1148.153 15.485
1148.466 44.486
1148.779 37.486
1149.092 42.486
1149.405 80.486
1149.718 64.487
1150.030 79.487
1150.343 56.487
1150.656 35.488
1150.969 2.488
1151.282 60.488
1151.595 48.488
1151.908 4.489
1152.221 26.489
1152.534 36.489
1152.847 48.489
1153.160 46.490
1153.473 26.490
1153.785 21.490
1154.098 71.491
1154.411 87.491
1154.724 48.491
1155.037 53.491
1155.350 9.492
1155.663 17.492
1155.976 -2.508
1156.289 27.492
1156.602 36.493
1156.915 22.493
1157.228 27.493
1157.541 28.494
1157.853 64.494
1158.166 70.494
1158.479 38.494
1158.792 28.495
1159.105 9.495
1159.418 22.495
1159.731 39.495
1160.044 30.496
1160.357 53.496
1160.670 59.496
1160.983 16.497
1161.296 51.497
1161.609 69.497
1161.921 9.497
1162.234 45.498
1162.547 33.498
1162.860 29.498
1163.173 32.498
1163.486 63.499
1163.799 57.499
1164.112 20.499
1164.425 33.500
1164.738 24.500
1165.051 46.500
1165.364 27.500
1165.676 21.501
1165.989 42.501
1166.302 58.501
1166.615 28.501
1166.928 9.502
1167.241 23.502
1167.554 44.502
1167.867 47.502
1168.180 51.503
1168.493 73.503
1168.806 82.503
1169.119 57.504
1169.432 59.504
1169.744 5.504
1170.057 -9.496
1170.370 20.505
1170.683 9.505
1170.996 16.505
1171.309 29.505
1171.622 7.506
1171.935 43.506
1172.248 80.506
1172.561 68.506
1172.874 41.507
1173.187 33.507
1173.500 37.507
1173.812 22.508
1174.125 -3.492
1174.438 48.508
1174.751 50.508
1175.064 38.509
1175.377 37.509
1175.690 22.509
1176.003 37.509
1176.316 61.510
1176.629 5.510
1176.942 -1.490
1177.255 -4.490
1177.567 10.511
1177.880 17.511
1178.193 60.511
1178.506 60.511
1178.819 12.512
1179.132 -11.488
1179.445 50.512
1179.758 89.512
1180.071 57.513
1180.384 27.513
1180.697 36.513
1181.010 -12.486
1181.323 48.514
1181.635 53.514
1181.948 36.514
1182.261 32.515
1182.574 36.515
1182.887 6.515
1183.200 31.515
1183.513 78.516
1183.826 51.516
1184.139 29.516
1184.452 74.516
1184.765 64.517
1185.078 46.517
1185.391 55.517
1185.703 16.517
1186.016 26.518
1186.329 40.518
1186.642 26.518
1186.955 48.518
1187.268 56.519
1187.581 16.519
1187.894 -8.481
1188.207 13.519
1188.520 28.520
1188.833 69.520
1189.146 45.520
1189.459 26.520
1189.771 98.521
1190.084 77.521
1190.397 16.521
1190.710 -1.479
1191.023 0.522
1191.336 27.522
1191.649 51.522
1191.962 56.522
1192.275 17.523
1192.588 19.523
1192.901 60.523
1193.214 47.523
1193.526 45.524
1193.839 38.524
1194.152 31.524
1194.465 67.524
1194.778 71.525
1195.091 52.525
1195.404 54.525
1195.717 33.525
1196.030 62.526
1196.343 62.526
1196.656 42.526
1196.969 39.526
1197.282 46.527
1197.594 50.527
1197.907 71.527
1198.220 61.527
1198.533 76.528
1198.846 61.528
1199.159 28.528
1199.472 34.528
1199.785 -0.471
1200.098 23.529
1200.411 25.529
1200.724 7.529
1201.037 23.530
1201.350 66.530
1201.662 79.530
1201.975 37.530
1202.288 32.531
1202.601 25.531
