165.028 -16.215
165.288 15.838
165.547 48.891
165.807 22.944
166.067 26.997
166.327 -4.949
166.587 -25.895
166.847 -16.841
167.107 -22.787
167.367 -16.732
167.627 20.323
167.886 26.378
168.146 22.433
168.406 33.489
168.666 38.545
168.926 -7.399
169.186 19.657
169.446 -11.286
169.706 -32.229
169.966 -18.172
170.225 8.885
170.485 33.942
170.745 49.000
171.005 28.058
171.265 -9.884
171.525 6.174
171.785 -1.767
172.045 7.292
172.305 -10.649
172.564 31.410
172.824 6.469
173.084 33.529
173.344 57.589
173.604 -6.352
173.864 -33.291
174.124 -9.231
174.384 -2.171
174.644 21.890
174.903 61.951
175.163 49.012
175.423 43.073
175.683 25.135
175.943 -22.804
176.203 -28.742
176.463 5.320
176.723 0.382
176.983 -30.556
177.242 -0.493
177.502 42.569
177.762 30.632
178.022 22.695
178.282 -0.242
178.542 -16.179
178.802 -25.115
179.062 -10.052
179.322 19.012
179.581 14.075
179.841 11.139
180.101 64.203
180.361 64.268
180.621 55.332
180.881 32.396
181.141 10.461
181.401 -19.474
181.661 -0.410
181.920 42.655
182.180 14.720
182.440 -39.214
182.700 -6.149
182.960 -4.084
183.220 -10.018
183.480 6.047
183.740 31.113
184.000 29.179
184.259 -0.755
184.519 -0.689
184.779 -4.623
185.039 10.443
185.299 22.509
185.559 -1.424
185.819 -7.358
186.079 6.709
186.339 27.776
186.598 21.842
186.858 -16.091
187.118 36.976
187.378 34.043
187.638 44.110
187.898 48.177
188.158 52.245
188.418 20.312
188.678 36.379
188.937 30.447
189.197 50.514
189.457 29.582
189.717 10.649
189.977 -14.283
190.237 4.785
190.497 53.852
190.757 17.920
191.017 21.988
191.276 -13.944
191.536 -10.876
191.796 4.192
192.056 -4.740
192.316 -4.672
192.576 -12.604
192.836 -2.536
193.096 41.533
193.356 30.601
193.616 21.669
193.875 6.737
194.135 14.806
194.395 4.874
194.655 43.942
194.915 66.011
195.175 25.079
195.435 19.148
195.695 44.216
195.955 67.285
196.214 12.353
196.474 37.422
196.734 45.490
196.994 31.559
197.254 93.627
197.514 49.696
197.774 16.765
198.034 20.833
198.294 27.902
198.553 -3.030
198.813 47.039
199.073 27.108
199.333 -2.824
199.593 42.245
199.853 34.313
200.113 40.382
200.373 65.450
200.633 43.519
200.892 63.588
201.152 26.656
201.412 37.725
201.672 77.793
201.932 83.862
202.192 56.930
202.452 55.998
202.712 31.067
202.972 25.135
203.231 34.204
203.491 29.272
203.751 24.340
204.011 41.409
204.271 28.477
204.531 3.545
204.791 -8.387
205.051 -12.318
205.311 -7.250
205.570 -18.182
205.830 -21.114
206.090 44.954
206.350 58.022
206.610 64.090
206.870 20.158
207.130 -5.774
207.390 5.294
207.650 52.361
207.909 24.429
208.169 10.497
208.429 -11.435
208.689 22.632
208.949 52.700
209.209 97.767
209.469 9.835
209.729 22.902
209.989 36.969
210.248 7.037
210.508 59.104
210.768 22.171
211.028 15.238
211.288 53.305
211.548 31.372
211.808 16.439
212.068 77.506
212.328 56.573
212.587 38.640
212.847 17.706
213.107 -7.227
213.367 -5.160
213.627 19.906
213.887 -14.027
214.147 -15.961
214.407 10.105
214.667 1.172
214.926 35.238
215.186 32.304
215.446 17.370
215.706 37.436
215.966 30.502
216.226 -2.433
216.486 13.633
216.746 21.699
217.006 47.764
217.265 20.830
217.525 -27.105
217.785 -26.040
218.045 8.026
218.305 -6.909
218.565 16.156
218.825 31.221
219.085 50.286
219.345 38.351
219.604 26.415
219.864 30.480
220.124 13.545
220.384 13.609
220.644 17.674
220.904 -4.262
221.164 16.802
221.424 17.866
221.684 55.930
221.943 47.994
222.203 44.058
222.463 2.122
222.723 28.186
222.983 39.249
223.243 13.313
223.503 -5.624
223.763 13.439
224.023 0.503
224.282 -7.434
224.542 36.629
224.802 11.692
225.062 13.755
225.322 10.817
225.582 42.880
225.842 15.942
226.102 19.005
226.362 50.067
226.621 35.129
226.881 5.192
227.141 -0.746
227.401 -18.684
227.661 4.377
227.921 38.439
228.181 27.501
228.441 31.562
228.701 78.624
228.960 76.685
229.220 29.746
229.480 14.807
229.740 7.868
230.000 10.929
230.260 -13.010
230.520 19.051
230.780 31.112
231.040 36.172
231.299 25.232
231.559 57.293
231.819 52.353
232.079 21.413
232.339 -5.527
232.599 5.533
232.859 73.592
233.119 58.652
233.379 -21.288
233.638 21.771
233.898 59.830
234.158 67.890
234.418 11.949
234.678 -3.992
234.938 43.066
235.198 8.125
235.458 35.184
235.718 65.242
235.978 39.301
236.237 76.359
236.497 64.417
236.757 39.475
237.017 41.533
237.277 -4.409
237.537 17.649
237.797 23.707
238.057 49.764
238.317 45.822
238.576 10.879
238.836 49.936
239.096 57.993
239.356 40.050
239.616 34.107
239.876 30.164
240.136 14.220
240.396 66.277
240.656 33.333
240.915 17.389
241.175 51.446
241.435 36.502
241.695 42.558
241.955 19.613
242.215 44.669
242.475 45.725
242.735 20.780
242.995 73.835
243.254 62.891
243.514 46.946
243.774 5.001
244.034 -0.944
244.294 49.111
244.554 41.165
244.814 37.220
245.074 23.274
245.334 61.328
245.593 70.383
245.853 58.437
246.113 27.491
246.373 47.545
246.633 55.598
246.893 36.652
247.153 67.705
247.413 52.759
247.673 39.812
247.932 49.865
248.192 18.918
248.452 31.971
248.712 64.024
248.972 42.077
249.232 45.129
249.492 21.182
249.752 7.234
250.012 7.286
250.271 10.338
250.531 8.390
250.791 14.442
251.051 23.494
251.311 -9.454
251.571 -17.403
251.831 21.649
252.091 24.700
252.351 41.751
252.610 14.802
252.870 8.853
253.130 37.904
253.390 59.955
253.650 45.005
253.911 60.056
254.172 89.106
254.433 63.156
254.694 11.206
254.955 42.257
255.216 80.306
255.477 81.356
255.738 56.406
255.999 89.455
256.261 71.505
256.522 -10.446
256.783 5.603
257.044 11.653
257.305 -34.298
257.566 -25.250
257.827 -6.201
258.088 20.848
258.349 41.896
258.610 55.945
258.871 29.993
259.132 -20.959
259.393 -19.911
259.654 15.137
259.915 11.185
260.176 34.233
260.437 25.281
260.698 22.328
260.959 30.375
261.221 49.423
261.482 65.470
261.743 63.517
262.004 28.564
262.265 51.611
262.526 45.657
262.787 40.704
263.048 50.751
263.309 56.797
263.570 38.843
263.831 -18.111
264.092 23.935
264.353 42.981
264.614 46.027
264.875 53.073
265.136 19.119
265.397 19.164
265.658 61.209
265.919 59.255
266.181 85.300
266.442 30.345
266.703 9.390
266.964 30.435
267.225 5.479
267.486 29.524
267.747 21.569
268.008 50.613
268.269 76.657
268.530 47.701
268.791 -16.255
269.052 0.789
269.313 15.833
269.574 47.877
269.835 65.921
270.096 53.964
270.357 26.008
270.618 15.051
270.879 28.094
271.141 46.137
271.402 16.180
271.663 8.223
271.924 15.266
272.185 44.309
272.446 76.351
272.707 66.394
272.968 11.436
273.229 6.478
273.490 13.520
273.751 21.562
274.012 19.604
274.273 31.646
274.534 51.688
274.795 53.729
275.056 22.771
275.317 28.812
275.578 8.854
275.839 6.895
276.101 32.936
276.362 6.977
276.623 0.018
276.884 44.059
277.145 57.099
277.406 59.140
277.667 44.180
277.928 21.221
278.189 52.261
278.450 64.301
278.711 17.341
278.972 24.381
279.233 28.421
279.494 -3.539
279.755 38.500
280.016 46.540
280.277 40.580
280.538 36.619
280.799 31.658
281.061 15.697
281.322 38.736
281.583 34.775
281.844 50.814
282.105 53.853
282.366 95.892
282.627 80.930
282.888 57.969
283.149 48.007
283.410 44.045
283.671 77.084
283.932 35.122
284.193 31.160
284.454 42.197
284.715 70.235
284.976 50.273
285.237 69.311
285.498 59.348
285.759 45.385
286.021 23.423
286.282 38.460
286.543 40.497
286.804 67.534
287.065 68.571
287.326 50.608
287.587 30.645
287.848 48.681
288.109 49.718
288.370 23.754
288.631 48.791
288.892 78.827
289.153 35.863
289.414 21.899
289.675 26.935
289.936 47.971
290.197 43.007
290.458 30.043
290.719 64.078
290.981 41.114
291.242 63.149
291.503 60.184
291.764 44.220
292.025 24.255
292.286 2.290
292.547 56.325
292.808 40.360
293.069 51.395
293.330 26.429
293.591 48.464
293.852 39.498
294.113 36.533
294.374 15.567
294.635 28.602
294.896 14.636
295.157 39.670
295.418 96.704
295.679 72.738
295.941 54.772
296.202 26.805
296.463 15.839
296.724 56.872
296.985 70.906
297.246 54.939
297.507 29.973
297.768 38.006
298.029 83.039
298.290 54.072
298.551 49.105
298.812 66.138
299.073 48.171
299.334 33.203
299.595 36.236
299.856 71.268
300.117 71.301
300.378 57.333
300.639 32.366
300.901 23.398
301.162 6.430
301.423 32.462
301.684 21.494
301.945 -3.474
302.206 25.557
302.467 66.589
302.728 70.621
302.989 79.652
303.250 33.684
303.511 47.715
303.772 65.746
304.033 62.778
304.294 7.809
304.555 49.840
304.816 70.871
305.077 99.902
305.338 98.933
305.599 72.963
305.861 61.994
306.122 30.024
306.383 10.055
306.644 21.085
306.905 37.116
307.166 65.146
307.427 54.176
307.688 57.206
307.949 49.236
308.210 28.266
308.471 27.296
308.732 45.326
308.993 50.356
309.254 77.385
309.515 32.415
309.776 55.444
310.037 45.474
310.298 1.503
310.559 8.532
310.821 28.561
311.082 24.590
311.343 25.619
311.604 44.648
311.865 42.677
312.126 54.706
312.387 60.735
312.648 81.763
312.909 41.792
313.170 -8.179
313.434 25.849
313.698 48.877
313.963 69.906
314.227 26.934
314.491 25.962
314.755 87.990
315.019 98.018
315.284 74.046
315.548 61.074
315.812 11.101
316.076 37.129
316.340 62.157
316.604 62.184
316.869 81.212
317.133 16.239
317.397 -20.733
317.661 69.294
317.925 49.321
318.190 42.348
318.454 44.375
318.718 27.402
318.982 9.429
319.246 46.456
319.511 68.483
319.775 70.510
320.039 71.536
320.303 27.563
320.567 30.589
320.832 41.616
321.096 58.642
321.360 30.668
321.624 42.695
321.888 69.721
322.153 61.747
322.417 23.773
322.681 29.799
322.945 65.825
323.209 44.851
323.473 17.876
323.738 22.902
324.002 59.928
324.266 38.953
324.530 26.979
324.794 41.004
325.059 10.030
325.323 3.055
325.587 56.080
325.851 41.105
326.115 19.131
326.380 59.156
326.644 52.181
326.908 30.206
327.172 48.230
327.436 73.255
327.701 62.280
327.965 36.305
328.229 32.329
328.493 18.354
328.757 76.378
329.022 38.403
329.286 2.427
329.550 7.451
329.814 19.476
330.078 98.500
330.342 102.524
330.607 57.548
330.871 47.572
331.135 51.596
331.399 68.620
331.663 67.643
331.928 33.667
332.192 66.691
332.456 87.714
332.720 35.738
332.984 50.761
333.249 26.785
333.513 21.808
333.777 9.832
334.041 2.855
334.305 59.878
334.570 70.901
334.834 19.924
335.098 21.947
335.362 20.970
335.626 45.993
335.891 61.016
336.155 28.039
336.419 55.062
336.683 60.084
336.947 60.107
337.211 65.129
337.476 49.152
337.740 12.174
338.004 11.197
338.268 59.219
338.532 17.241
338.797 11.264
339.061 45.286
339.325 63.308
339.589 35.330
339.853 3.352
340.118 7.374
340.382 37.396
340.646 59.418
340.910 12.439
341.174 45.461
341.439 76.483
341.703 62.504
341.967 44.526
342.231 55.548
342.495 2.569
342.759 46.590
343.024 27.612
343.288 2.633
343.552 49.654
343.816 40.675
344.080 33.697
344.345 50.718
344.609 23.739
344.873 50.760
345.137 27.781
345.401 28.801
345.666 23.822
345.930 60.843
346.194 66.864
346.458 36.884
346.722 16.905
346.987 32.925
347.251 49.946
347.515 53.966
347.779 46.987
348.043 55.007
348.308 57.027
348.572 54.048
348.836 50.068
349.100 72.088
349.364 63.108
349.628 1.128
349.893 53.148
350.157 57.168
350.421 22.188
350.685 48.208
350.949 90.228
351.214 53.247
351.478 66.267
351.742 44.287
352.006 62.306
352.270 69.326
352.535 37.345
352.799 50.365
353.063 59.384
353.327 25.404
353.591 43.423
353.856 56.442
354.120 54.462
354.384 49.481
354.648 59.500
354.912 72.519
355.177 57.538
355.441 3.557
355.705 7.576
355.969 42.595
356.233 55.614
356.497 50.632
356.762 37.651
357.026 26.670
357.290 52.688
357.554 22.707
357.818 37.726
358.083 49.744
358.347 55.763
358.611 57.781
358.875 91.799
359.139 63.818
359.404 13.836
359.668 43.854
359.932 44.873
360.196 61.891
360.460 54.909
360.725 79.927
360.989 43.945
361.253 2.963
361.517 37.981
361.781 57.999
362.046 85.017
362.310 73.034
362.574 56.052
362.838 47.070
363.102 42.088
363.366 37.105
363.631 10.123
363.895 17.140
364.159 62.158
364.423 76.175
364.687 64.193
364.952 68.210
365.216 37.227
365.480 -3.755
365.747 18.262
366.013 68.279
366.280 62.296
366.546 36.313
366.813 41.331
367.079 64.348
367.346 28.365
367.612 38.382
367.879 76.398
368.145 61.415
368.412 15.432
368.678 30.449
368.945 22.466
369.211 0.482
369.478 19.499
369.744 20.516
370.011 19.532
370.278 43.549
370.544 54.565
370.811 60.582
371.077 42.598
371.344 62.615
371.610 42.631
371.877 36.647
372.143 41.664
372.410 22.680
372.676 52.696
372.943 47.712
373.209 70.728
373.476 35.745
373.742 9.761
374.009 70.777
374.276 98.793
374.542 87.808
374.809 36.824
375.075 7.840
375.342 -29.144
375.608 -30.128
375.875 19.888
376.141 50.903
376.408 70.919
376.674 65.935
376.941 58.950
377.207 50.966
377.474 27.981
377.740 58.997
378.007 68.012
378.273 50.028
378.540 69.043
378.807 37.058
379.073 40.074
379.340 93.089
379.606 93.104
379.873 34.119
380.139 61.134
380.406 43.150
380.672 34.165
380.939 31.180
381.205 47.195
381.472 35.210
381.738 11.225
382.005 75.240
382.271 87.254
382.538 64.269
382.804 33.284
383.071 1.299
383.338 49.314
383.604 85.328
383.871 86.343
384.137 100.358
384.404 46.372
384.670 60.387
384.937 16.401
385.203 23.416
385.470 51.430
385.736 64.445
386.003 52.459
386.269 47.473
386.536 46.488
386.802 51.502
387.069 65.516
387.336 27.530
387.602 39.545
387.869 26.559
388.135 32.573
388.402 15.587
388.668 40.601
388.935 91.615
389.201 125.629
389.468 75.643
389.734 72.657
390.001 24.671
390.267 -24.315
390.534 11.699
390.800 43.712
391.067 82.726
391.333 62.740
391.600 23.754
391.867 32.767
392.133 55.781
392.400 57.794
392.666 49.808
392.933 12.822
393.199 26.835
393.466 29.849
393.732 24.862
393.999 15.875
394.265 64.889
394.532 78.902
394.798 51.915
395.065 30.929
395.331 18.942
395.598 48.955
395.864 61.969
396.131 65.982
396.398 60.995
396.664 72.008
396.931 61.021
397.197 58.034
397.464 27.047
397.730 79.060
397.997 36.073
398.263 17.086
398.530 72.099
398.796 73.112
399.063 65.125
399.329 46.137
399.596 78.150
399.862 37.163
400.129 16.176
400.396 35.188
400.662 26.201
400.929 30.214
401.195 74.226
401.462 73.239
401.728 21.252
401.995 13.264
402.261 51.277
402.528 55.289
402.794 49.301
403.061 36.314
403.327 9.326
403.594 32.339
403.860 54.351
404.127 47.363
404.393 37.376
404.660 67.388
404.931 46.400
405.202 61.412
405.473 50.424
405.745 60.437
406.016 110.449
406.287 155.461
406.558 125.473
406.829 122.485
407.100 91.497
407.371 91.509
407.642 90.521
407.914 62.533
408.185 69.545
408.456 67.556
408.727 43.568
408.998 66.580
409.269 72.592
409.540 101.604
409.811 71.615
410.083 56.627
410.354 78.639
410.625 54.650
410.896 72.662
411.167 113.674
411.438 108.685
411.709 110.697
411.981 80.708
412.252 68.720
412.523 78.731
412.794 99.743
413.065 74.754
413.336 61.766
413.607 94.777
413.878 89.788
414.150 92.800
414.421 70.811
414.692 59.822
414.963 14.833
415.234 48.845
415.505 64.856
415.776 67.867
416.047 75.878
416.319 95.889
416.590 84.900
416.861 64.911
417.132 87.923
417.403 121.934
417.674 85.945
417.945 19.956
418.217 -10.033
418.488 29.977
418.759 44.988
419.030 20.999
419.301 49.010
419.572 55.021
419.843 29.032
420.114 34.043
420.386 77.053
420.657 33.064
420.928 27.075
421.199 71.085
421.470 22.096
421.741 13.107
422.012 32.117
422.283 25.128
422.555 45.139
422.826 30.149
423.097 36.160
423.368 54.170
423.639 61.181
423.910 42.191
424.181 26.202
424.453 22.212
424.724 60.222
424.995 72.233
425.266 52.243
425.537 30.253
425.808 47.264
426.079 40.274
426.350 24.284
426.622 34.295
426.893 82.305
427.164 82.315
427.435 78.325
427.706 35.335
427.977 21.345
428.248 54.356
428.519 66.366
428.791 54.376
429.062 40.386
429.333 33.396
429.604 16.406
429.875 29.416
430.146 57.426
430.417 52.436
430.689 62.446
430.960 60.455
431.231 74.465
431.502 37.475
431.773 59.485
432.044 67.495
432.315 64.505
432.586 58.514
432.858 64.524
433.129 37.534
433.400 27.543
433.671 55.553
433.942 60.563
434.213 73.572
434.484 78.582
434.755 82.592
435.027 74.601
435.298 30.611
435.569 33.620
435.840 59.630
436.116 59.639
436.391 68.649
436.667 74.658
436.942 58.668
437.218 35.677
437.493 64.687
437.769 75.696
438.045 73.705
438.320 68.715
438.596 26.724
438.871 25.733
439.147 35.743
439.422 39.752
439.698 24.761
439.974 64.770
440.249 100.779
440.525 42.789
440.800 21.798
441.076 50.807
441.351 86.816
441.627 82.825
441.903 73.834
442.178 68.843
442.454 57.852
442.729 63.861
443.005 49.870
443.281 44.879
443.556 71.888
443.832 45.897
444.107 42.906
444.383 39.915
444.658 57.924
444.934 49.933
445.210 65.942
445.485 89.951
445.761 83.960
446.036 76.968
446.312 41.977
446.587 32.986
446.863 31.995
447.139 25.003
447.414 40.012
447.690 32.021
447.965 65.029
448.241 67.038
448.516 80.047
448.792 113.055
449.068 88.064
449.343 57.073
449.619 52.081
449.894 52.090
450.170 79.098
450.445 79.107
450.721 67.115
450.997 46.124
451.272 73.132
451.548 80.141
451.823 67.149
452.099 81.158
452.375 88.166
452.650 64.174
452.926 51.183
453.201 33.191
453.477 67.199
453.752 70.208
454.028 38.216
454.304 24.224
454.579 22.232
454.855 44.241
455.130 70.249
455.406 50.257
455.681 79.265
455.957 67.274
456.233 18.282
456.508 30.290
456.784 59.298
457.059 47.306
457.335 66.314
457.610 59.322
457.886 59.330
458.162 71.338
458.437 28.346
458.713 37.354
458.988 70.362
459.264 78.370
459.539 74.378
459.815 64.386
460.091 69.394
460.366 38.402
460.642 58.410
460.917 56.418
461.193 36.426
461.468 46.434
461.744 53.441
462.020 105.449
462.295 91.457
462.571 51.465
462.846 52.473
463.122 40.480
463.397 112.488
463.673 63.432
463.949 52.451
464.224 55.456
464.500 51.467
464.775 104.527
465.051 82.369
465.327 26.515
465.602 19.510
465.878 68.489
466.153 83.398
466.429 85.487
466.704 92.395
466.980 64.587
467.256 83.595
467.531 64.667
467.807 51.713
468.082 75.769
468.358 119.745
468.633 115.093
468.909 61.887
469.185 82.057
469.460 89.190
469.736 16.779
470.011 14.773
470.287 36.898
470.562 65.206
470.838 61.242
471.114 54.241
471.389 66.370
471.665 56.333
471.940 32.106
472.216 59.441
472.491 22.021
472.767 8.866
473.043 60.598
473.318 78.861
473.594 79.028
473.869 99.462
474.145 82.175
474.421 87.269
474.696 42.515
474.972 12.016
475.247 55.868
475.523 74.148
475.798 122.142
476.074 127.116
476.350 100.647
476.625 73.233
476.901 68.144
477.176 33.458
477.452 7.999
477.727 23.266
478.003 21.216
478.279 39.516
478.554 55.783
478.830 54.830
479.105 41.528
479.381 23.237
479.656 27.301
479.932 56.662
480.208 100.134
480.483 111.162
480.759 81.846
481.034 80.760
481.310 89.858
481.585 66.498
481.861 32.231
482.137 -0.020
482.412 34.192
482.688 60.234
482.963 75.226
483.239 84.175
483.514 54.122
483.790 51.020
484.066 69.957
484.341 37.958
484.617 35.932
484.892 48.803
485.168 62.740
485.443 75.606
485.719 86.547
485.995 93.327
486.270 76.392
486.546 36.683
486.821 42.624
487.097 37.610
487.373 40.538
487.648 31.607
487.924 25.682
488.199 26.646
488.475 46.299
488.750 50.136
489.026 34.490
489.302 52.160
489.577 28.586
489.853 41.297
490.128 86.357
490.404 75.516
490.679 45.189
490.955 72.522
491.231 73.505
491.506 70.648
491.782 68.765
492.057 43.263
492.333 34.463
492.608 41.319
492.884 41.325
493.160 17.847
493.435 5.143
493.711 50.248
493.986 59.999
494.262 54.181
494.537 80.658
494.813 94.482
495.089 34.660
495.364 30.737
495.640 51.371
495.915 30.749
496.191 67.233
496.467 72.231
496.742 29.872
497.018 48.694
497.293 52.648
497.569 7.252
497.844 19.153
498.120 43.912
498.396 55.910
498.671 23.201
498.947 69.880
499.222 82.878
499.498 71.026
499.773 57.101
500.049 63.203
500.325 103.193
500.600 99.405
500.876 45.456
501.151 37.529
501.427 32.553
501.702 70.782
501.978 84.859
502.254 131.360
502.529 78.920
502.805 52.822
503.080 49.857
503.356 58.995
503.631 75.222
503.907 40.967
504.183 28.827
504.458 85.513
504.734 92.510
505.009 93.527
505.285 63.264
505.560 24.783
505.836 7.607
506.112 51.135
506.387 68.348
506.663 71.318
506.938 61.212
507.214 52.118
507.490 54.091
507.765 41.933
508.041 66.157
508.316 85.335
508.592 59.993
508.867 110.240
509.143 101.089
509.419 60.894
509.694 48.741
509.970 47.744
510.245 27.634
510.521 11.612
510.796 52.565
511.072 57.566
511.348 55.462
511.623 70.423
511.899 99.045
512.174 106.897
512.450 102.828
512.725 78.032
513.001 4.620
513.277 42.245
513.552 76.752
513.828 42.089
514.103 46.979
514.379 114.092
514.654 88.282
514.930 67.485
515.206 123.361
515.481 98.833
515.757 34.002
516.032 34.952
516.308 39.772
516.583 66.080
516.859 81.536
517.135 91.278
517.410 94.021
517.686 79.449
517.961 58.074
518.237 34.689
518.513 29.786
518.788 61.677
519.064 70.251
519.339 79.019
519.615 72.191
519.890 89.484
520.166 109.635
520.442 125.896
520.717 85.477
520.993 76.894
521.268 65.276
521.544 81.643
521.819 84.373
522.095 136.120
522.371 148.458
522.646 154.216
522.922 147.368
523.197 107.143
523.473 119.486
523.748 92.696
524.024 62.079
524.300 68.783
524.575 110.893
524.851 132.907
525.126 140.433
525.402 107.080
525.677 93.687
525.953 81.174
526.229 100.299
526.504 109.013
526.780 98.397
527.055 99.453
527.331 94.673
527.606 84.232
527.882 134.874
528.158 135.008
528.433 79.610
528.709 113.204
528.984 110.329
529.260 69.200
529.535 56.650
529.811 94.119
530.087 69.281
530.362 93.437
530.638 122.226
530.913 103.180
531.189 97.492
531.465 103.289
531.740 87.934
532.016 111.235
532.291 117.042
532.567 94.987
532.842 84.333
533.118 78.599
533.394 94.214
533.669 81.756
533.945 78.843
534.220 27.291
534.496 60.428
534.771 63.416
535.047 78.116
535.323 110.424
535.598 82.028
535.874 82.113
536.149 70.468
536.425 97.938
536.700 116.534
536.976 145.198
537.252 155.159
537.527 136.652
537.803 167.108
538.078 177.110
538.354 180.065
538.629 222.569
538.905 207.810
539.181 238.796
539.456 296.986
539.732 304.194
540.007 323.942
540.283 338.101
540.558 335.797
540.834 315.695
541.110 332.843
541.385 309.085
541.661 296.219
541.936 310.392
542.212 294.539
542.488 311.392
542.763 353.022
543.039 369.249
543.314 332.548
543.590 304.084
543.865 329.908
544.141 323.954
544.417 353.750
544.692 355.740
544.968 343.828
545.243 299.443
545.519 308.087
545.794 313.368
546.070 305.420
546.348 275.878
546.627 308.411
546.905 290.812
547.183 300.169
547.461 327.979
547.740 323.018
548.018 338.254
548.296 359.769
548.575 357.788
548.853 361.764
549.131 368.720
549.409 372.327
549.688 395.148
549.966 407.057
550.244 426.903
550.523 404.680
550.801 393.393
551.079 413.779
551.357 482.033
551.636 524.051
551.914 496.394
552.192 416.517
552.471 500.841
552.749 520.548
553.027 498.387
553.306 528.383
553.584 533.303
553.862 568.147
554.140 609.408
554.419 614.478
554.697 585.099
554.975 578.660
555.254 594.716
555.532 631.249
555.810 611.125
556.088 619.676
556.367 629.417
556.645 656.046
556.923 587.957
557.202 515.475
557.480 550.901
557.758 571.709
558.036 515.457
558.315 453.475
558.593 442.831
558.871 383.783
559.150 400.437
559.428 408.742
559.706 328.947
559.984 308.364
560.263 297.463
560.541 260.320
560.819 254.795
561.098 184.116
561.376 158.158
561.654 172.585
561.932 166.018
562.211 142.648
562.489 87.897
562.767 61.905
563.046 116.723
563.324 116.615
563.602 98.479
563.880 60.001
564.159 99.352
564.437 130.900
564.715 99.360
564.994 74.411
565.272 71.536
565.550 50.378
565.828 86.899
566.107 114.624
566.385 145.587
566.663 103.225
566.942 69.706
567.220 82.198
567.498 20.742
567.776 19.784
568.055 74.596
568.333 89.023
568.611 47.772
568.890 68.970
569.168 86.482
569.446 55.651
569.725 38.264
570.003 62.422
570.281 66.354
570.559 26.706
570.838 62.554
571.116 29.672
571.394 63.591
571.673 91.784
571.951 82.168
572.229 56.929
572.507 49.214
572.786 77.475
573.064 71.712
573.342 73.663
573.621 72.835
573.899 22.107
574.177 69.007
574.455 115.022
574.734 104.374
575.012 83.830
575.290 54.533
575.569 44.786
575.847 88.013
576.125 101.756
576.403 45.867
576.682 43.949
576.960 21.380
577.243 75.496
577.527 82.471
577.810 31.243
578.093 64.808
578.377 78.773
578.660 58.026
578.944 83.721
579.227 89.831
579.510 80.013
579.794 88.032
580.077 102.815
580.360 51.333
580.644 25.569
580.927 34.544
581.210 87.231
581.494 48.564
581.777 42.549
582.061 71.480
582.344 70.557
582.627 84.519
582.911 65.579
583.194 33.712
583.477 55.672
583.761 36.713
584.044 59.671
584.327 78.715
584.611 49.748
584.894 85.715
585.178 85.719
585.461 117.690
585.744 101.710
586.028 120.815
586.311 91.818
586.594 88.822
586.878 105.825
587.161 101.829
587.444 91.832
587.728 94.836
588.011 78.839
588.295 84.843
588.578 64.781
588.861 62.787
589.145 78.853
589.428 60.917
589.711 57.860
589.995 71.791
590.278 72.794
590.562 78.870
590.845 118.755
591.128 84.707
591.412 78.723
591.695 49.834
591.978 56.773
592.262 57.832
592.545 63.703
592.828 74.748
593.112 73.679
593.395 82.656
593.679 120.425
593.962 75.608
594.245 62.601
594.529 76.534
594.812 82.426
595.095 73.556
595.379 75.399
595.662 94.364
595.945 66.468
596.229 43.588
596.512 34.594
596.796 35.623
597.079 42.522
597.362 78.168
597.646 99.855
597.929 76.119
598.212 87.905
598.496 114.588
598.779 91.773
599.062 80.918
599.346 48.344
599.629 52.245
599.913 81.753
600.196 91.608
600.479 65.931
600.763 78.807
601.046 77.672
601.329 72.830
601.613 80.628
601.896 75.715
602.179 41.262
602.463 34.389
602.746 36.357
603.030 47.166
603.313 56.936
603.596 53.014
603.880 33.357
604.163 77.478
604.446 86.220
604.730 56.840
605.013 53.852
605.296 62.723
605.580 54.890
605.863 43.140
606.147 43.143
606.430 69.591
606.713 95.945
606.997 66.659
607.280 32.350
607.563 66.599
607.847 56.762
608.130 28.473
608.414 43.125
608.697 53.891
608.980 79.412
609.264 114.787
609.547 111.740
609.830 37.306
610.114 21.638
610.397 68.654
610.680 39.235
610.964 9.903
611.247 13.828
611.531 56.043
611.814 82.542
612.097 65.862
612.381 41.291
612.664 86.477
612.947 65.871
613.231 43.303
613.514 71.836
613.797 91.485
614.081 56.124
614.364 54.163
614.648 44.342
614.931 41.398
615.214 46.313
615.498 49.311
615.781 28.693
616.064 9.995
616.348 57.242
616.631 109.518
616.914 80.870
617.198 64.204
617.481 72.089
617.765 41.591
618.048 79.147
618.331 74.214
618.615 36.741
618.898 64.412
619.181 80.225
619.465 43.710
619.748 26.898
620.031 37.818
620.315 19.028
620.598 33.931
620.882 55.814
621.165 95.634
621.448 63.828
621.732 39.018
622.015 84.792
622.298 49.072
622.582 68.086
622.865 84.141
623.148 53.175
623.432 35.266
623.715 38.272
623.999 30.327
624.282 31.365
624.565 106.883
624.849 78.717
625.132 51.661
625.415 62.753
625.699 98.137
625.982 133.457
626.265 81.152
626.549 46.729
626.832 79.055
627.116 105.320
627.399 87.141
627.682 80.920
627.966 88.898
628.249 56.618
628.532 96.765
628.816 89.553
629.099 43.373
629.383 24.314
629.666 28.264
629.949 48.103
630.233 93.735
630.516 101.388
630.799 85.364
631.083 70.321
631.366 70.186
631.649 54.227
631.933 54.176
632.216 95.919
632.500 117.156
632.783 124.585
633.066 96.245
633.350 89.205
633.633 80.435
633.916 67.628
634.200 52.096
634.483 70.247
634.766 119.714
635.050 113.661
635.333 96.428
635.617 121.889
635.900 144.409
636.183 132.786
636.467 144.950
636.750 148.452
637.033 125.813
637.317 123.579
637.600 169.518
637.883 179.690
638.167 186.091
638.450 196.044
638.734 196.983
639.017 185.750
639.300 227.887
639.584 235.160
639.867 266.968
640.150 236.100
640.434 246.393
640.717 276.071
641.000 305.046
641.284 360.188
641.567 409.171
641.851 418.680
642.134 455.949
642.417 507.862
642.701 537.338
642.984 557.399
643.267 602.453
643.551 704.515
643.834 793.275
644.117 870.250
644.401 980.721
644.684 1168.165
644.968 1327.169
645.251 1519.172
645.534 1701.163
645.818 1930.997
646.101 2219.197
646.384 2514.974
646.668 2820.141
646.951 3114.040
647.235 3530.503
647.518 3923.362
647.801 4181.823
648.085 4560.998
648.368 5040.851
648.651 5518.297
648.935 5892.156
649.218 6286.697
649.501 6756.338
649.785 7316.834
650.068 7974.981
650.352 8538.699
650.635 9236.753
650.918 9910.584
651.202 10598.188
651.485 11267.324
651.768 11941.535
652.052 12446.613
652.335 12828.557
652.618 13310.231
652.902 13708.738
653.185 14164.911
653.469 14579.642
653.752 15018.888
654.035 15483.024
654.319 15509.257
654.602 15444.843
654.885 15500.510
655.169 15691.084
655.452 15639.298
655.735 15811.787
656.019 15860.784
656.302 15836.352
656.586 15833.037
656.869 15792.538
657.152 15870.281
657.436 15936.224
657.719 15922.078
658.002 16072.198
658.286 16090.455
658.569 16260.945
658.852 16315.658
659.136 16415.794
659.419 16580.264
659.703 16569.098
659.986 16568.086
660.269 16640.454
660.553 16546.310
660.836 16450.784
661.119 16261.762
661.403 16166.574
661.686 16130.802
661.969 16062.646
662.253 15819.698
662.536 15719.091
662.820 15334.267
663.103 14977.272
663.386 14573.623
663.670 14263.281
663.953 13687.851
664.236 13302.532
664.520 13031.005
664.803 12475.789
665.086 12026.929
665.370 11526.452
665.653 10913.486
665.937 10420.500
666.220 9932.673
666.503 9398.192
666.787 8751.136
667.070 8267.909
667.353 7727.261
667.637 7222.745
667.920 6782.585
668.204 6113.562
668.487 5593.727
668.770 5222.643
669.054 4877.432
669.337 4453.252
669.620 4021.042
669.904 3700.249
670.187 3407.387
670.470 3136.377
670.754 2892.501
671.037 2627.458
671.321 2395.971
671.604 2273.679
671.887 2044.688
672.171 1915.724
672.454 1834.013
672.737 1726.093
673.021 1674.532
673.304 1529.437
673.587 1462.704
673.871 1418.391
674.154 1342.585
674.438 1289.497
674.721 1237.084
675.004 1208.523
675.288 1112.846
675.571 1024.396
675.854 1023.369
676.138 940.921
676.421 887.199
676.704 862.291
676.988 831.475
677.271 803.411
677.555 759.777
677.838 738.062
678.121 648.459
678.405 599.079
678.688 595.976
678.971 624.185
679.255 546.387
679.538 495.559
679.821 499.711
680.105 504.386
680.388 475.312
680.672 424.873
680.955 424.875
681.238 408.670
681.522 395.773
681.805 403.270
682.088 388.269
682.372 354.265
682.655 338.979
682.938 327.499
683.222 306.625
683.505 294.408
683.789 276.647
684.072 228.582
684.355 235.652
684.639 215.821
684.922 217.911
685.205 226.264
685.489 227.310
685.772 210.831
686.056 188.041
686.339 196.412
686.622 170.951
686.906 162.603
687.189 208.534
687.472 173.046
687.756 158.269
688.039 175.138
688.322 212.718
688.606 242.992
688.889 217.941
689.173 214.812
689.456 186.630
689.739 143.835
690.023 165.585
690.306 199.998
690.589 180.000
690.873 189.180
691.156 247.455
691.439 239.132
691.723 175.659
692.006 98.761
692.290 144.295
692.573 188.800
692.856 163.540
693.140 196.703
693.423 209.959
693.706 181.163
693.990 193.200
694.273 144.449
694.556 163.909
694.840 192.172
695.123 199.207
695.407 195.907
695.690 140.923
695.973 199.833
696.257 272.750
696.540 278.644
696.830 220.806
697.120 221.835
697.410 229.823
697.699 242.923
697.989 268.291
698.279 264.465
698.569 223.213
698.859 238.584
699.149 194.130
699.439 186.784
699.729 237.616
700.018 180.475
700.308 170.099
700.598 124.230
700.888 149.259
701.178 205.963
701.468 175.330
701.758 131.588
702.048 125.130
702.337 117.170
702.627 98.772
702.917 57.401
703.207 84.478
703.497 90.431
703.787 75.267
704.077 67.296
704.366 54.111
704.656 57.067
704.946 73.898
705.236 74.825
705.526 67.766
705.816 82.738
706.106 69.696
706.396 79.589
706.685 101.201
706.975 70.418
707.265 65.325
707.555 120.074
707.845 76.231
708.135 19.741
708.425 20.672
708.715 37.510
709.004 32.534
709.294 10.797
709.584 41.349
709.874 42.337
710.164 56.146
710.454 77.009
710.744 56.205
711.034 56.151
711.323 82.617
711.613 48.170
711.903 20.593
712.193 29.444
712.483 27.479
712.773 66.812
713.063 78.459
713.352 62.636
713.642 27.325
713.932 38.005
714.222 69.092
714.512 69.026
714.802 77.481
715.092 81.359
715.382 71.532
715.671 88.771
715.961 88.601
716.251 50.067
716.541 55.796
716.831 44.205
717.121 27.781
717.411 36.342
717.701 84.190
717.990 111.943
718.280 92.629
718.570 108.867
718.860 97.315
719.150 31.507
719.440 55.334
719.730 52.523
720.019 28.619
720.309 35.334
720.599 42.022
720.889 20.094
721.179 33.493
721.469 118.776
721.759 85.334
722.049 70.954
722.338 53.698
722.628 59.567
722.918 54.713
723.208 27.897
723.498 54.821
723.788 95.299
724.078 104.926
724.368 82.950
724.657 11.581
724.947 66.560
725.237 77.244
725.527 22.226
725.817 27.028
726.107 63.859
726.397 72.564
726.686 31.947
726.976 25.179
727.266 58.062
727.556 37.755
727.846 42.633
728.136 63.870
728.426 37.833
728.716 7.796
729.005 20.394
729.295 64.969
729.585 78.689
729.875 77.570
730.165 92.196
730.455 69.889
730.745 87.434
731.035 105.882
731.324 92.471
731.614 73.847
731.904 47.681
732.194 44.767
732.484 70.104
732.774 32.168
733.064 52.598
733.354 68.163
733.643 60.560
733.933 40.034
734.223 58.555
734.513 90.720
734.803 98.615
735.093 43.007
735.383 31.332
735.672 11.802
735.962 60.750
736.252 54.828
736.542 66.690
736.832 83.342
737.122 58.915
737.412 57.936
737.702 70.752
737.991 72.717
738.281 66.962
738.571 29.569
738.861 32.582
739.151 27.662
739.441 29.603
739.731 33.538
740.021 70.059
740.310 42.516
740.600 71.188
740.890 65.138
741.180 71.191
741.470 44.539
741.760 20.848
742.050 41.580
742.339 39.686
742.629 42.655
742.919 85.189
743.209 59.414
743.499 61.453
743.789 60.525
744.079 27.854
744.369 13.980
744.658 0.134
744.948 -3.825
745.238 51.673
745.528 53.657
745.818 50.736
746.108 33.872
746.398 25.963
746.688 45.826
746.977 62.709
747.267 73.634
747.557 90.608
747.847 67.746
748.137 87.716
748.427 127.518
748.717 96.770
749.006 45.929
749.296 43.985
749.586 17.077
749.876 17.095
750.166 54.945
750.456 62.978
750.746 66.036
751.036 78.014
751.325 101.967
751.615 69.104
751.905 34.140
752.195 2.176
752.485 8.177
752.775 48.227
753.065 14.195
753.355 22.204
753.644 57.241
753.934 48.379
754.224 48.332
754.514 47.378
754.804 37.302
755.094 30.282
755.384 48.338
755.674 26.273
755.963 13.235
756.253 66.463
756.543 100.500
756.833 93.153
757.123 62.941
757.413 50.945
757.703 48.936
757.992 42.907
758.282 45.877
758.572 52.959
758.862 38.890
759.152 23.815
759.442 1.704
759.732 -0.303
760.022 35.879
760.311 80.182
760.601 55.032
760.891 27.870
761.181 36.888
761.471 64.090
761.761 40.993
762.051 27.903
762.341 -3.312
762.630 14.813
762.920 77.251
763.210 90.435
763.500 94.373
763.793 48.050
764.086 38.988
764.379 30.901
764.671 66.113
764.964 71.145
765.257 5.753
765.550 19.879
765.843 25.928
766.136 45.083
766.429 33.995
766.722 18.856
767.014 30.911
767.307 56.119
767.600 24.902
767.893 28.960
768.186 77.348
768.479 85.414
768.772 55.173
769.064 57.190
769.357 56.127
769.650 37.031
769.943 18.868
770.236 25.918
770.529 10.824
770.822 39.051
771.115 44.093
771.407 46.156
771.700 12.858
771.993 41.154
772.286 81.477
772.579 66.275
772.872 56.196
773.165 64.261
773.457 72.327
773.750 29.010
774.043 41.120
774.336 53.284
774.629 41.081
774.922 32.042
775.215 15.897
775.508 39.028
775.800 32.954
776.093 8.819
776.386 9.817
776.679 31.983
776.972 36.012
777.265 53.133
777.558 54.087
777.850 49.008
778.143 7.803
778.436 19.885
778.729 58.057
779.022 24.892
779.315 6.802
779.608 34.944
779.900 72.131
780.193 58.062
780.486 62.020
780.779 44.908
781.072 17.810
781.365 6.796
781.658 -8.257
781.951 -6.248
782.243 14.808
782.536 63.031
782.829 12.832
783.122 22.873
783.415 100.082
783.708 50.936
784.001 48.931
784.293 55.953
784.586 15.818
784.879 41.871
785.172 89.878
785.465 78.947
785.758 74.940
786.051 56.905
786.344 32.792
786.636 55.849
786.929 29.824
787.222 26.875
787.515 41.838
787.808 49.747
788.101 47.750
788.394 43.755
788.686 65.734
788.979 57.801
789.272 51.750
789.565 40.721
789.858 57.688
790.151 103.701
790.444 46.759
790.737 23.806
791.029 74.658
791.322 82.643
791.615 47.666
791.908 31.778
792.201 82.646
792.494 33.711
792.787 34.674
793.079 56.644
793.372 72.525
793.665 92.538
793.958 67.614
794.251 77.585
794.544 87.469
794.837 40.697
795.130 34.716
795.422 55.654
795.715 20.760
796.008 23.776
796.301 27.713
796.594 73.531
796.887 70.544
797.180 54.663
797.472 10.796
797.765 9.799
798.058 12.779
798.351 22.762
798.644 21.766
798.937 42.704
799.230 60.591
799.523 89.566
799.815 61.650
800.108 -1.160
800.401 -5.147
800.694 64.709
800.987 62.651
801.280 37.802
801.573 66.774
801.865 68.773
802.158 5.831
802.451 -11.134
802.744 9.825
803.037 31.782
803.330 23.822
803.623 65.716
803.915 69.709
804.208 62.786
804.501 44.895
804.794 51.903
805.087 42.852
805.380 47.949
805.673 14.868
805.966 11.866
806.258 -9.163
806.551 34.996
806.844 68.130
807.137 40.058
807.430 40.019
807.723 60.100
808.016 86.205
808.308 85.374
808.601 58.095
808.894 13.947
809.187 52.230
809.480 92.420
809.773 76.247
810.066 30.047
810.359 50.219
810.651 44.267
810.944 4.909
811.237 36.196
811.530 56.379
811.825 20.073
812.119 9.963
812.414 25.100
812.709 28.156
813.003 45.421
813.298 68.631
813.593 48.508
813.887 -24.415
814.182 41.460
814.476 58.761
814.771 49.625
815.066 31.416
815.360 73.051
815.655 81.182
815.950 57.868
816.244 39.558
816.539 24.349
816.834 16.195
817.128 33.559
817.423 82.455
817.718 88.844
818.012 64.503
818.307 45.995
818.602 63.414
818.896 84.079
819.191 39.973
819.486 1.951
819.780 43.147
820.075 60.780
820.369 92.965
820.664 62.006
820.959 70.289
821.253 65.181
821.548 52.747
821.843 80.894
822.137 83.058
822.432 67.607
822.727 61.422
823.021 42.698
823.316 19.755
823.611 75.295
823.905 94.341
824.200 50.430
824.495 25.220
824.789 10.453
825.084 19.927
825.379 3.071
825.673 26.306
825.968 59.167
826.262 58.172
826.557 82.800
826.852 71.036
827.146 49.805
827.441 15.819
827.736 80.592
828.030 74.303
828.325 52.993
828.620 67.856
828.914 77.493
829.209 46.528
829.504 83.694
829.798 58.120
830.093 22.119
830.388 59.118
830.682 50.608
830.977 17.818
831.271 31.437
831.566 48.043
831.861 80.302
832.155 59.179
832.450 50.653
832.745 64.878
833.039 60.568
833.334 38.787
833.629 21.275
833.923 23.167
834.218 58.227
834.513 57.995
834.807 48.791
835.102 26.698
835.397 32.516
835.691 62.871
835.986 38.252
836.281 5.819
836.575 20.492
836.870 17.523
837.164 52.731
837.459 29.243
837.754 31.197
838.048 34.194
838.343 8.763
838.638 7.800
838.932 39.358
839.227 35.488
839.522 -5.005
839.816 56.611
840.111 58.952
840.406 61.197
840.700 85.725
840.995 95.288
841.290 70.434
841.584 59.381
841.879 55.683
842.174 20.724
842.468 17.720
842.763 9.401
843.057 39.111
843.352 58.406
843.647 37.352
843.941 52.647
844.236 47.579
844.531 55.395
844.825 50.234
845.120 62.530
845.415 59.499
845.709 63.016
846.004 -7.823
846.299 -50.259
846.593 32.440
846.888 87.705
847.183 55.209
847.477 -3.418
847.772 52.182
848.066 62.469
848.361 58.056
848.656 62.684
848.950 54.829
849.245 77.776
849.540 48.028
849.834 27.465
850.129 57.314
850.424 19.493
850.718 28.712
851.013 43.656
851.308 57.384
851.602 32.126
851.897 44.859
852.192 50.498
852.486 38.928
852.781 52.675
853.076 20.602
853.370 -21.755
853.665 50.328
853.959 95.877
854.254 64.981
854.549 71.742
854.843 127.551
855.138 80.488
855.433 55.483
855.727 80.308
856.022 42.930
856.317 42.882
856.611 84.453
856.906 52.744
857.201 36.991
857.495 60.399
857.790 58.098
858.085 -5.570
858.379 -17.759
858.674 3.329
858.969 19.956
859.263 58.565
859.558 82.601
859.852 69.234
860.147 48.249
860.442 51.371
860.736 1.095
861.031 -4.337
861.326 22.783
861.620 45.315
861.915 89.352
862.210 71.897
862.504 12.858
862.799 28.795
863.094 36.181
863.388 16.997
863.683 3.194
863.978 23.220
864.272 78.962
864.567 48.284
864.861 18.864
865.156 26.085
865.451 39.559
865.745 40.432
866.040 72.258
866.335 8.258
866.629 46.316
866.924 84.123
867.219 64.504
867.513 45.987
867.808 40.714
868.103 49.668
868.397 61.765
868.692 36.388
868.987 14.152
869.281 4.046
869.576 17.060
869.871 48.075
870.165 77.794
870.460 69.749
870.754 50.725
871.049 57.569
871.344 47.555
871.638 66.171
871.933 11.854
872.228 21.686
872.522 56.025
872.817 47.978
873.112 67.549
873.406 56.620
873.701 56.621
873.996 38.984
874.290 22.410
874.585 4.891
874.880 -0.932
875.174 23.249
875.469 72.503
875.764 50.233
876.058 14.505
876.353 19.234
876.647 24.057
876.942 59.543
877.237 60.330
877.531 38.211
877.826 43.895
878.121 70.386
878.415 60.823
878.710 36.977
879.005 43.524
879.299 41.517
879.594 51.787
879.889 37.641
880.183 8.491
880.478 16.887
880.773 1.916
881.067 5.641
881.362 28.887
881.656 38.049
881.951 61.162
882.246 42.526
882.540 0.052
882.835 35.898
883.130 57.904
883.424 60.493
883.719 25.648
884.014 46.545
884.308 51.968
884.603 69.084
884.898 78.860
885.192 86.777
885.487 53.354
885.782 36.995
886.076 62.108
886.371 12.626
886.666 -7.116
886.960 40.382
887.255 40.347
887.549 43.850
887.844 25.977
888.139 71.363
888.433 60.560
888.728 56.013
889.023 58.678
889.317 68.326
889.612 83.324
889.907 52.277
890.201 47.853
890.496 66.379
890.791 65.437
891.085 29.193
891.380 41.550
891.675 47.771
891.969 39.821
892.264 14.166
892.559 22.997
892.853 45.084
893.148 44.202
893.442 43.243
893.737 47.691
894.032 45.887
894.326 52.055
894.621 65.272
894.916 84.730
895.210 23.863
895.505 -9.642
895.800 -16.723
896.094 21.259
896.389 -8.749
896.684 2.728
896.978 20.378
897.273 29.257
897.568 11.564
897.862 -3.457
898.157 27.490
898.451 67.338
898.746 71.763
899.041 42.598
899.335 8.940
899.630 -5.235
899.925 0.084
900.219 46.143
900.514 31.141
900.809 10.762
901.103 47.156
901.398 104.883
901.693 63.311
901.987 32.174
902.282 42.832
902.577 34.880
902.871 18.807
903.166 30.421
903.461 48.306
903.755 68.010
904.050 78.946
904.344 54.851
904.639 29.691
904.934 19.844
905.228 14.484
905.523 22.639
905.818 25.322
906.112 74.872
906.407 52.445
906.702 44.403
906.996 86.820
907.291 73.603
907.586 72.565
907.880 29.166
908.175 41.920
908.470 43.739
908.764 11.002
909.059 92.090
909.354 94.995
909.648 48.507
909.943 41.202
910.237 59.576
910.532 57.853
910.827 48.687
911.121 57.907
911.416 46.985
911.711 73.640
912.005 67.330
912.300 36.089
912.599 97.245
912.898 65.793
913.196 40.930
913.495 15.884
913.794 42.866
914.093 48.398
914.391 70.814
914.690 57.953
914.989 64.544
915.288 83.141
915.586 72.082
915.885 31.955
916.184 -3.632
916.483 29.202
916.782 35.836
917.080 35.837
917.379 29.314
917.678 43.480
917.977 43.603
918.275 61.621
918.574 53.258
918.873 40.013
919.172 38.187
919.471 11.535
919.769 43.028
920.068 39.290
920.367 75.729
920.666 118.288
920.964 79.941
921.263 63.718
921.562 60.945
921.861 57.251
922.159 27.295
922.458 6.926
922.757 36.130
923.056 75.334
923.355 82.412
923.653 54.989
923.952 60.122
924.251 54.276
924.550 50.389
924.848 23.860
925.147 16.002
925.446 7.090
925.745 40.902
926.043 51.940
926.342 21.128
926.641 42.149
926.940 60.331
927.239 44.417
927.537 66.819
927.836 40.639
928.135 23.481
928.434 28.611
928.732 35.871
929.031 4.252
929.330 34.005
929.629 59.769
929.927 66.072
930.226 14.654
930.525 35.506
930.824 71.071
931.123 51.420
931.421 32.661
931.720 31.847
932.019 56.373
932.318 51.289
932.616 55.847
932.915 2.329
933.214 32.714
933.513 3.449
933.812 -22.873
934.110 36.685
934.409 45.891
934.708 47.483
935.007 91.920
935.305 111.301
935.604 101.239
935.903 96.553
936.202 64.256
936.500 52.959
936.799 50.023
937.098 100.085
937.397 102.841
937.696 88.823
937.994 97.281
938.293 63.529
938.592 10.682
938.891 -20.991
939.189 -25.237
939.488 35.370
939.787 108.309
940.086 104.120
940.384 124.200
940.683 87.448
940.982 24.329
941.281 31.546
941.580 73.215
941.878 42.043
942.177 30.649
942.476 59.940
942.775 38.330
943.073 79.560
943.372 111.702
943.671 102.905
943.970 83.722
944.268 96.900
944.567 47.051
944.866 57.286
945.165 42.604
945.464 51.364
945.762 87.351
946.061 78.303
946.360 62.138
946.659 83.362
946.957 61.608
947.256 4.528
947.555 45.528
947.854 93.487
948.153 17.120
948.451 33.785
948.750 66.838
949.049 107.553
949.348 98.893
949.646 -21.537
949.945 11.086
950.244 17.804
950.543 52.538
950.841 89.592
951.140 44.025
951.439 -5.000
951.738 32.850
952.037 36.666
952.335 73.802
952.634 76.089
952.933 61.634
953.232 35.967
953.530 10.365
953.829 99.372
954.128 137.922
954.427 48.696
954.725 66.750
955.024 83.683
955.323 39.223
955.622 33.013
955.921 73.917
956.219 67.797
956.518 43.255
956.817 40.575
957.116 61.781
957.414 56.846
957.713 30.759
958.012 13.107
958.311 -3.251
958.610 31.600
958.908 39.456
959.207 55.285
959.506 35.627
959.805 38.875
960.103 78.559
960.402 86.309
960.701 57.866
961.000 37.359
961.298 60.708
961.597 55.110
961.896 25.908
962.195 34.644
962.494 59.972
962.792 71.744
963.091 15.673
963.390 -7.455
963.689 6.794
963.987 33.969
964.286 55.671
964.585 40.498
964.884 46.875
965.182 54.174
965.481 84.107
965.780 71.128
966.080 49.700
966.380 81.870
966.680 26.975
966.981 18.400
967.281 0.237
967.581 -8.291
967.881 65.270
968.181 114.311
968.481 76.672
968.781 78.795
969.082 73.100
969.382 27.694
969.682 29.681
969.982 53.867
970.282 48.763
970.582 40.410
970.882 56.784
971.183 92.580
971.483 70.471
971.783 56.608
972.083 41.907
972.383 55.276
972.683 46.679
972.983 63.387
973.284 22.920
973.584 34.226
973.884 51.787
974.184 61.842
974.484 78.592
974.784 44.435
975.084 18.665
975.385 -3.837
975.685 -14.016
975.985 15.548
976.285 32.862
976.585 60.201
976.885 33.745
977.185 52.019
977.486 52.928
977.786 44.914
978.086 58.769
978.386 30.516
978.686 24.486
978.986 48.242
979.286 39.242
979.587 37.243
979.887 39.243
980.187 43.244
980.487 36.244
980.787 2.245
981.087 8.245
981.387 56.246
981.688 80.246
981.988 23.247
982.288 52.247
982.588 89.248
982.888 62.248
983.188 28.249
983.488 -22.751
983.789 5.250
984.089 22.250
984.389 26.251
984.689 28.251
984.989 15.252
985.289 49.252
985.589 97.253
985.890 57.253
986.190 10.253
986.490 28.254
986.790 31.254
987.090 26.255
987.390 67.255
987.690 67.256
987.991 6.256
988.291 8.257
988.591 68.257
988.891 30.258
989.191 18.258
989.491 62.259
989.791 77.259
990.092 60.260
990.392 48.260
990.692 30.261
990.992 62.261
991.292 42.261
991.592 -1.738
991.892 -32.738
992.193 28.263
992.493 49.263
992.793 41.264
993.093 53.264
993.393 39.265
993.693 52.265
993.993 51.266
994.294 65.266
994.594 18.267
994.894 9.267
995.194 -5.732
995.494 17.268
995.794 48.268
996.094 40.269
996.395 34.269
996.695 44.270
996.995 71.270
997.295 36.271
997.595 23.271
997.895 61.272
998.195 48.272
998.496 18.273
998.796 20.273
999.096 64.273
999.396 59.274
999.696 28.274
999.996 6.275
1000.296 -11.725
1000.597 62.276
1000.897 43.276
1001.197 10.277
1001.497 12.277
1001.797 16.278
1002.097 54.278
1002.397 46.278
1002.698 34.279
1002.998 82.279
1003.298 65.280
1003.598 18.280
1003.898 59.281
1004.198 109.281
1004.498 61.282
1004.799 71.282
1005.099 82.283
1005.399 79.283
1005.699 63.283
1005.999 49.284
1006.299 24.284
1006.599 44.285
1006.900 48.285
1007.200 26.286
1007.500 -6.714
1007.800 45.287
1008.100 70.287
1008.400 39.287
1008.700 60.288
1009.001 65.288
1009.301 56.289
1009.601 56.289
1009.901 76.290
1010.201 92.290
1010.501 57.290
1010.801 56.291
1011.102 18.291
1011.402 38.292
1011.702 33.292
1012.002 55.293
1012.302 42.293
1012.602 63.294
1012.902 103.294
1013.203 89.294
1013.503 56.295
1013.803 65.295
1014.103 36.296
1014.403 -3.704
1014.703 50.297
1015.003 78.297
1015.304 74.297
1015.604 107.298
1015.904 71.298
1016.204 69.299
1016.504 60.299
1016.804 39.300
1017.104 28.300
1017.405 22.301
1017.705 30.301
1018.005 66.301
1018.305 60.302
1018.605 53.302
1018.905 82.303
1019.205 60.303
1019.506 49.304
1019.806 79.304
1020.106 47.304
1020.406 28.305
1020.706 24.305
1021.006 52.306
1021.306 55.306
1021.607 35.307
1021.907 7.307
1022.207 23.307
1022.507 65.308
1022.807 38.308
1023.107 31.309
1023.407 16.309
1023.708 34.309
1024.008 39.310
1024.308 14.310
1024.608 3.311
1024.908 19.311
1025.208 48.312
1025.508 54.312
1025.809 26.312
1026.109 62.313
1026.409 46.313
1026.709 13.314
1027.009 0.314
1027.309 19.315
1027.609 16.315
1027.910 64.315
1028.210 92.316
1028.510 36.316
1028.810 41.317
1029.110 64.317
1029.410 61.317
1029.710 41.318
1030.011 20.318
1030.311 47.319
1030.611 65.319
1030.911 55.319
1031.211 45.320
1031.511 17.320
1031.811 70.321
1032.112 61.321
1032.412 31.322
1032.712 26.322
1033.012 17.322
1033.312 58.323
1033.612 20.323
1033.912 20.324
1034.212 -7.676
1034.513 38.324
1034.813 71.325
1035.113 52.325
1035.413 45.326
1035.713 59.326
1036.013 53.326
1036.313 59.327
1036.614 85.327
1036.914 44.328
1037.214 0.328
1037.514 34.329
1037.814 48.329
1038.114 47.329
1038.414 66.330
1038.715 87.330
1039.015 56.331
1039.315 10.331
1039.615 -6.669
1039.915 1.332
1040.215 14.332
1040.515 17.333
1040.816 61.333
1041.116 68.333
1041.416 43.334
1041.716 51.334
1042.016 43.335
1042.316 47.335
1042.616 12.335
1042.917 -6.664
1043.217 16.336
1043.517 25.337
1043.817 50.337
1044.117 78.337
1044.417 112.338
1044.717 60.338
1045.018 28.339
1045.318 13.339
1045.618 20.339
1045.918 26.340
1046.218 72.340
1046.518 51.341
1046.818 39.341
1047.119 73.341
1047.419 102.342
1047.719 96.342
1048.019 44.342
1048.319 35.343
1048.619 94.343
1048.919 64.344
1049.220 28.344
1049.520 49.344
1049.820 114.345
1050.120 81.345
1050.420 53.346
1050.720 86.346
1051.020 55.346
1051.321 52.347
1051.621 65.347
1051.921 21.348
1052.221 21.348
1052.521 24.348
1052.821 15.349
1053.121 33.349
1053.422 42.349
1053.722 34.350
1054.022 54.350
1054.322 69.351
1054.622 89.351
1054.922 54.351
1055.222 54.352
1055.523 55.352
1055.823 52.353
1056.123 58.353
1056.423 75.353
1056.723 74.354
1057.023 29.354
1057.323 25.354
1057.624 33.355
1057.924 93.355
1058.224 46.356
1058.524 78.356
1058.824 80.356
1059.124 61.357
1059.424 39.357
1059.725 43.358
1060.025 44.358
1060.325 41.358
1060.625 76.359
1060.925 86.359
1061.225 60.359
1061.525 60.360
1061.826 43.360
1062.126 55.361
1062.426 68.361
1062.726 62.361
1063.026 28.362
1063.326 21.362
1063.626 53.362
1063.927 69.363
1064.227 25.363
1064.527 0.364
1064.827 23.364
1065.127 19.364
1065.427 14.365
1065.727 23.365
1066.028 58.365
1066.328 44.366
1066.628 13.366
1066.928 23.367
1067.228 11.367
1067.528 72.367
1067.828 58.368
1068.129 0.368
1068.429 31.368
1068.729 -0.631
1069.029 -2.631
1069.329 32.370
1069.629 56.370
1069.929 63.370
1070.230 60.371
1070.530 63.371
1070.830 64.371
1071.130 53.372
1071.430 17.372
1071.730 20.372
1072.030 74.373
1072.331 37.373
1072.631 25.374
1072.931 26.374
1073.231 25.374
1073.531 -1.625
1073.831 13.375
1074.131 31.375
1074.432 24.376
1074.732 24.376
1075.032 34.376
1075.332 36.377
1075.632 54.377
1075.932 39.378
1076.232 61.378
1076.533 82.378
1076.833 76.379
1077.133 26.379
1077.433 58.379
1077.733 61.380
1078.033 43.380
1078.333 65.380
1078.634 40.381
1078.934 17.381
1079.234 15.382
1079.534 49.382
1079.834 56.382
1080.134 37.383
1080.434 46.383
1080.735 55.383
1081.035 49.384
1081.335 73.384
1081.635 94.384
1081.935 47.385
1082.235 36.385
1082.535 40.385
1082.836 52.386
1083.136 28.386
1083.436 42.386
1083.736 53.387
1084.036 13.387
1084.336 31.388
1084.636 25.388
1084.937 67.388
1085.237 50.389
1085.537 30.389
1085.837 29.389
1086.137 31.390
1086.437 67.390
1086.737 67.390
1087.038 60.391
1087.338 49.391
1087.638 63.391
1087.938 53.392
1088.238 22.392
1088.538 5.392
1088.838 76.393
1089.139 82.393
1089.439 50.394
1089.739 44.394
1090.039 77.394
1090.339 63.395
1090.639 36.395
1090.939 63.395
1091.240 25.396
1091.540 19.396
1091.840 23.396
1092.140 13.397
1092.453 20.397
1092.766 21.397
1093.079 9.398
1093.392 41.398
1093.705 55.398
1094.018 67.399
1094.330 92.399
1094.643 65.399
1094.956 22.400
1095.269 14.400
1095.582 68.400
1095.895 73.401
1096.208 1.401
1096.521 -24.599
1096.834 18.402
1097.147 45.402
1097.460 73.402
1097.773 57.403
1098.085 12.403
1098.398 -4.597
1098.711 0.404
1099.024 9.404
1099.337 30.405
1099.650 56.405
1099.963 37.405
1100.276 1.406
1100.589 30.406
1100.902 38.406
1101.215 37.407
1101.528 36.407
1101.841 38.407
1102.153 55.408
1102.466 77.408
1102.779 53.408
1103.092 46.409
1103.405 34.409
1103.718 72.409
1104.031 54.410
1104.344 46.410
1104.657 74.410
1104.970 67.411
1105.283 37.411
1105.596 32.411
1105.909 12.412
1106.221 33.412
1106.534 33.412
1106.847 32.413
1107.160 33.413
1107.473 41.413
1107.786 29.414
1108.099 -4.586
1108.412 26.414
1108.725 26.415
1109.038 57.415
1109.351 72.415
1109.664 44.416
1109.977 44.416
1110.289 28.416
1110.602 71.417
1110.915 54.417
1111.228 43.417
1111.541 23.418
1111.854 3.418
1112.167 24.418
1112.480 39.418
1112.793 76.419
1113.106 98.419
1113.419 70.419
1113.732 58.420
1114.044 37.420
1114.357 40.420
1114.670 39.421
1114.983 20.421
1115.296 15.421
1115.609 54.422
1115.922 87.422
1116.235 122.422
1116.548 106.423
1116.861 84.423
1117.174 28.423
1117.487 45.424
1117.800 51.424
1118.112 44.424
1118.425 67.425
1118.738 38.425
1119.051 27.425
1119.364 40.426
1119.677 52.426
1119.990 44.426
1120.303 57.427
1120.616 76.427
1120.929 42.427
1121.242 71.428
1121.555 58.428
1121.868 49.428
1122.180 17.429
1122.493 10.429
1122.806 70.429
1123.119 75.429
1123.432 27.430
1123.745 20.430
1124.058 11.430
1124.371 14.431
1124.684 57.431
1124.997 74.431
1125.310 42.432
1125.623 22.432
1125.935 11.432
1126.248 39.433
1126.561 54.433
1126.874 67.433
1127.187 53.434
1127.500 33.434
1127.813 54.434
1128.126 82.435
1128.439 69.435
1128.752 54.435
1129.065 4.435
1129.378 1.436
1129.691 21.436
1130.003 27.436
1130.316 43.437
1130.629 30.437
1130.942 77.437
1131.255 73.438
1131.568 66.438
1131.881 45.438
1132.194 72.439
1132.507 81.439
1132.820 50.439
1133.133 7.439
1133.446 0.440
1133.759 63.440
1134.071 94.440
1134.384 39.441
1134.697 30.441
1135.010 44.441
1135.323 55.442
1135.636 25.442
1135.949 24.442
1136.262 22.443
1136.575 40.443
1136.888 54.443
1137.201 47.443
1137.514 47.444
1137.826 56.444
1138.139 55.444
1138.452 6.445
1138.765 40.445
1139.078 62.445
1139.391 44.446
1139.704 45.446
1140.017 9.446
1140.330 33.447
1140.643 34.447
1140.956 48.447
1141.269 40.447
1141.582 23.448
1141.894 27.448
1142.207 19.448
1142.520 58.449
1142.833 66.449
1143.146 -10.551
1143.459 15.450
1143.772 76.450
1144.085 66.450
1144.398 14.450
1144.711 31.451
1145.024 39.451
1145.337 69.451
1145.650 90.452
1145.962 35.452
1146.275 9.452
1146.588 -33.547
1146.901 -6.547
1147.214 38.453
1147.527 38.453
1147.840 41.454
1148.153 21.454
1148.466 47.454
1148.779 75.455
1149.092 35.455
1149.405 41.455
1149.718 53.456
1150.030 60.456
1150.343 40.456
1150.656 40.456
1150.969 13.457
1151.282 63.457
1151.595 78.457
1151.908 50.458
1152.221 31.458
1152.534 30.458
1152.847 56.459
1153.160 53.459
1153.473 45.459
1153.785 36.459
1154.098 55.460
1154.411 77.460
1154.724 46.460
1155.037 24.461
1155.350 31.461
1155.663 20.461
1155.976 17.461
1156.289 69.462
1156.602 43.462
1156.915 21.462
1157.228 42.463
1157.541 34.463
1157.853 17.463
1158.166 46.463
1158.479 63.464
1158.792 59.464
1159.105 81.464
1159.418 81.465
1159.731 59.465
1160.044 34.465
1160.357 51.465
1160.670 18.466
1160.983 36.466
1161.296 59.466
1161.609 86.467
1161.921 70.467
1162.234 51.467
1162.547 47.468
1162.860 69.468
1163.173 85.468
1163.486 53.468
1163.799 61.469
1164.112 47.469
1164.425 60.469
1164.738 28.470
1165.051 12.470
1165.364 32.470
1165.676 46.470
1165.989 64.471
1166.302 54.471
1166.615 53.471
1166.928 55.471
1167.241 27.472
1167.554 67.472
1167.867 83.472
1168.180 66.473
1168.493 65.473
1168.806 50.473
1169.119 16.473
1169.432 5.474
1169.744 70.474
1170.057 53.474
1170.370 9.475
1170.683 47.475
1170.996 43.475
1171.309 54.475
1171.622 31.476
1171.935 52.476
1172.248 83.476
1172.561 47.477
1172.874 15.477
1173.187 7.477
1173.500 25.477
1173.812 54.478
1174.125 92.478
1174.438 81.478
1174.751 44.479
1175.064 32.479
1175.377 24.479
1175.690 32.479
1176.003 24.480
1176.316 16.480
1176.629 44.480
1176.942 38.480
1177.255 83.481
1177.567 46.481
1177.880 35.481
1178.193 56.482
1178.506 43.482
1178.819 40.482
1179.132 35.482
1179.445 33.483
1179.758 54.483
1180.071 50.483
1180.384 26.483
1180.697 23.484
1181.010 32.484
1181.323 64.484
1181.635 81.485
1181.948 48.485
1182.261 4.485
1182.574 45.485
1182.887 54.486
1183.200 48.486
1183.513 37.486
1183.826 45.486
1184.139 -9.513
1184.452 0.487
1184.765 4.487
1185.078 40.488
1185.391 37.488
1185.703 46.488
1186.016 57.488
1186.329 58.489
1186.642 70.489
1186.955 46.489
1187.268 40.489
1187.581 58.490
1187.894 64.490
1188.207 6.490
1188.520 4.491
1188.833 62.491
1189.146 40.491
1189.459 17.491
1189.771 40.492
1190.084 45.492
1190.397 8.492
1190.710 -14.508
1191.023 24.493
1191.336 54.493
1191.649 75.493
1191.962 62.493
1192.275 37.494
1192.588 54.494
1192.901 52.494
1193.214 46.495
1193.526 33.495
1193.839 -18.505
1194.152 24.495
1194.465 71.496
1194.778 66.496
1195.091 65.496
1195.404 62.496
1195.717 63.497
1196.030 14.497
1196.343 44.497
1196.656 13.497
1196.969 -3.502
1197.282 55.498
1197.594 74.498
1197.907 70.498
1198.220 93.499
1198.533 80.499
1198.846 7.499
1199.159 28.500
1199.472 38.500
1199.785 27.500
1200.098 40.500
1200.411 34.501
1200.724 14.501
1201.037 65.501
1201.350 72.501
1201.662 15.502
1201.975 16.502
1202.288 53.502
1202.601 37.502
