"Time (ps)"	"Counts per bin"
0	449
100000000	408
200000000	363
300000000	311
400000000	295
500000000	329
600000000	291
700000000	248
800000000	278
900000000	234
1000000000	240
1100000000	248
1200000000	264
1300000000	259
1400000000	246
1500000000	225
1600000000	237
1700000000	243
1800000000	242
1900000000	245
2000000000	240
2100000000	267
2200000000	220
2300000000	228
2400000000	224
2500000000	252
2600000000	235
2700000000	222
2800000000	225
2900000000	216
3000000000	225
3100000000	234
3200000000	255
3300000000	252
3400000000	230
3500000000	228
3600000000	225
3700000000	228
3800000000	224
3900000000	247
4000000000	225
4100000000	235
4200000000	234
4300000000	241
4400000000	274
4500000000	259
4600000000	207
4700000000	239
4800000000	228
4900000000	212
5000000000	223
5100000000	225
5200000000	224
5300000000	238
5400000000	235
5500000000	237
5600000000	220
5700000000	250
5800000000	224
5900000000	241
6000000000	237
6100000000	229
6200000000	235
6300000000	255
6400000000	216
6500000000	206
6600000000	226
6700000000	215
6800000000	228
6900000000	222
7000000000	228
7100000000	240
7200000000	223
7300000000	246
7400000000	217
7500000000	232
7600000000	239
7700000000	221
7800000000	228
7900000000	222
8000000000	219
8100000000	235
8200000000	260
8300000000	209
8400000000	228
8500000000	264
8600000000	217
8700000000	255
8800000000	233
8900000000	234
9000000000	260
9100000000	218
9200000000	246
9300000000	256
9400000000	252
9500000000	241
9600000000	213
9700000000	229
9800000000	247
9900000000	229
10000000000	222
10100000000	213
10200000000	219
10300000000	237
10400000000	270
10500000000	252
10600000000	234
10700000000	237
10800000000	229
10900000000	205
11000000000	244
11100000000	241
11200000000	222
11300000000	240
11400000000	275
11500000000	215
11600000000	236
11700000000	237
11800000000	268
11900000000	243
12000000000	205
12100000000	214
12200000000	229
12300000000	229
12400000000	264
12500000000	279
12600000000	240
12700000000	228
12800000000	256
12900000000	222
13000000000	221
13100000000	238
13200000000	216
13300000000	232
13400000000	215
13500000000	212
13600000000	224
13700000000	237
13800000000	222
13900000000	210
14000000000	255
14100000000	218
14200000000	229
14300000000	254
14400000000	218
14500000000	214
14600000000	226
14700000000	214
14800000000	201
14900000000	234
15000000000	207
15100000000	239
15200000000	226
15300000000	251
15400000000	237
15500000000	254
15600000000	271
15700000000	203
15800000000	238
15900000000	215
16000000000	245
16100000000	229
16200000000	235
16300000000	223
16400000000	232
16500000000	241
16600000000	223
16700000000	261
16800000000	242
16900000000	228
17000000000	220
17100000000	233
17200000000	273
17300000000	238
17400000000	225
17500000000	279
17600000000	240
17700000000	233
17800000000	226
17900000000	219
18000000000	209
18100000000	235
18200000000	228
18300000000	236
18400000000	233
18500000000	240
18600000000	233
18700000000	235
18800000000	216
18900000000	224
19000000000	217
19100000000	213
19200000000	203
19300000000	240
19400000000	225
19500000000	223
19600000000	230
19700000000	206
19800000000	222
19900000000	192
20000000000	204
20100000000	245
20200000000	237
20300000000	222
20400000000	212
20500000000	212
20600000000	219
20700000000	230
20800000000	218
20900000000	225
21000000000	223
21100000000	227
21200000000	241
21300000000	217
21400000000	238
21500000000	244
21600000000	220
21700000000	216
21800000000	258
21900000000	226
22000000000	238
22100000000	218
22200000000	235
22300000000	230
22400000000	227
22500000000	227
22600000000	232
22700000000	208
22800000000	271
22900000000	221
23000000000	238
23100000000	219
23200000000	250
23300000000	230
23400000000	216
23500000000	227
23600000000	230
23700000000	229
23800000000	204
23900000000	232
24000000000	231
24100000000	246
24200000000	232
24300000000	262
24400000000	205
24500000000	220
24600000000	251
24700000000	222
24800000000	228
24900000000	206
25000000000	243
25100000000	272
25200000000	291
25300000000	301
25400000000	344
25500000000	363
25600000000	360
25700000000	417
25800000000	400
25900000000	414
26000000000	449
26100000000	406
26200000000	462
26300000000	444
26400000000	455
26500000000	509
26600000000	462
26700000000	439
26800000000	486
26900000000	481
27000000000	447
27100000000	456
27200000000	480
27300000000	534
27400000000	484
27500000000	493
27600000000	461
27700000000	482
27800000000	493
27900000000	513
28000000000	479
28100000000	483
28200000000	490
28300000000	482
28400000000	485
28500000000	488
28600000000	498
28700000000	524
28800000000	471
28900000000	504
29000000000	520
29100000000	424
29200000000	516
29300000000	478
29400000000	529
29500000000	514
29600000000	503
29700000000	472
29800000000	485
29900000000	525
30000000000	494
30100000000	422
30200000000	472
30300000000	480
30400000000	486
30500000000	535
30600000000	445
30700000000	562
30800000000	520
30900000000	507
31000000000	503
31100000000	537
31200000000	482
31300000000	562
31400000000	509
31500000000	500
31600000000	534
31700000000	535
31800000000	488
31900000000	515
32000000000	475
32100000000	520
32200000000	526
32300000000	517
32400000000	446
32500000000	454
32600000000	506
32700000000	489
32800000000	506
32900000000	449
33000000000	465
33100000000	524
33200000000	495
33300000000	503
33400000000	482
33500000000	453
33600000000	493
33700000000	499
33800000000	524
33900000000	480
34000000000	505
34100000000	549
34200000000	553
34300000000	503
34400000000	473
34500000000	502
34600000000	491
34700000000	483
34800000000	488
34900000000	487
35000000000	483
35100000000	488
35200000000	497
35300000000	519
35400000000	543
35500000000	482
35600000000	477
35700000000	483
35800000000	499
35900000000	498
36000000000	512
36100000000	515
36200000000	474
36300000000	517
36400000000	445
36500000000	475
36600000000	519
36700000000	486
36800000000	477
36900000000	534
37000000000	515
37100000000	497
37200000000	455
37300000000	501
37400000000	449
37500000000	481
37600000000	479
37700000000	485
37800000000	511
37900000000	477
38000000000	506
38100000000	443
38200000000	496
38300000000	468
38400000000	468
38500000000	472
38600000000	455
38700000000	511
38800000000	536
38900000000	496
39000000000	505
39100000000	518
39200000000	509
39300000000	519
39400000000	493
39500000000	501
39600000000	533
39700000000	480
39800000000	472
39900000000	519
40000000000	465
40100000000	511
40200000000	529
40300000000	479
40400000000	502
40500000000	489
40600000000	466
40700000000	515
40800000000	488
40900000000	489
41000000000	508
41100000000	538
41200000000	509
41300000000	454
41400000000	581
41500000000	477
41600000000	419
41700000000	547
41800000000	536
41900000000	514
42000000000	485
42100000000	473
42200000000	491
42300000000	495
42400000000	458
42500000000	490
42600000000	496
42700000000	454
42800000000	494
42900000000	481
43000000000	472
43100000000	511
43200000000	471
43300000000	510
43400000000	505
43500000000	495
43600000000	520
43700000000	499
43800000000	502
43900000000	492
44000000000	524
44100000000	503
44200000000	518
44300000000	494
44400000000	508
44500000000	472
44600000000	492
44700000000	495
44800000000	471
44900000000	469
45000000000	465
45100000000	460
45200000000	476
45300000000	492
45400000000	503
45500000000	471
45600000000	496
45700000000	478
45800000000	466
45900000000	487
46000000000	493
46100000000	430
46200000000	496
46300000000	557
46400000000	478
46500000000	466
46600000000	483
46700000000	493
46800000000	527
46900000000	513
47000000000	483
47100000000	474
47200000000	475
47300000000	480
47400000000	469
47500000000	528
47600000000	458
47700000000	498
47800000000	482
47900000000	494
48000000000	476
48100000000	477
48200000000	436
48300000000	495
48400000000	533
48500000000	484
48600000000	508
48700000000	446
48800000000	472
48900000000	510
49000000000	494
49100000000	476
49200000000	489
49300000000	492
49400000000	470
49500000000	455
49600000000	466
49700000000	520
49800000000	522
49900000000	490
50000000000	448
50100000000	405
50200000000	363
50300000000	310
50400000000	299
50500000000	319
50600000000	302
50700000000	245
50800000000	282
50900000000	233
51000000000	241
51100000000	244
51200000000	267
51300000000	260
51400000000	244
51500000000	226
51600000000	231
51700000000	244
51800000000	245
51900000000	245
52000000000	242
52100000000	264
52200000000	220
52300000000	226
52400000000	228
52500000000	253
52600000000	231
52700000000	222
52800000000	225
52900000000	212
53000000000	226
53100000000	233
53200000000	260
53300000000	251
53400000000	229
53500000000	231
53600000000	225
53700000000	227
53800000000	220
53900000000	250
54000000000	221
54100000000	237
54200000000	234
54300000000	237
54400000000	282
54500000000	254
54600000000	206
54700000000	236
54800000000	236
54900000000	208
55000000000	218
55100000000	227
55200000000	225
55300000000	237
55400000000	232
55500000000	242
55600000000	222
55700000000	249
55800000000	221
55900000000	243
56000000000	229
56100000000	235
56200000000	234
56300000000	256
56400000000	216
56500000000	205
56600000000	230
56700000000	213
56800000000	228
56900000000	221
57000000000	225
57100000000	241
57200000000	225
57300000000	242
57400000000	222
57500000000	229
57600000000	237
57700000000	225
57800000000	223
57900000000	222
58000000000	221
58100000000	236
58200000000	257
58300000000	212
58400000000	225
58500000000	266
58600000000	217
58700000000	250
58800000000	236
58900000000	230
59000000000	262
59100000000	223
59200000000	245
59300000000	255
59400000000	250
59500000000	240
59600000000	216
59700000000	226
59800000000	249
59900000000	232
60000000000	222
60100000000	209
60200000000	220
60300000000	230
60400000000	279
60500000000	249
60600000000	234
60700000000	234
60800000000	230
60900000000	208
61000000000	239
61100000000	244
61200000000	221
61300000000	240
61400000000	272
61500000000	212
61600000000	242
61700000000	241
61800000000	260
61900000000	244
62000000000	209
62100000000	214
62200000000	230
62300000000	227
62400000000	265
62500000000	276
62600000000	242
62700000000	227
62800000000	257
62900000000	218
63000000000	224
63100000000	239
63200000000	215
63300000000	229
63400000000	216
63500000000	213
63600000000	220
63700000000	239
63800000000	224
63900000000	206
64000000000	254
64100000000	218
64200000000	231
64300000000	252
64400000000	222
64500000000	212
64600000000	223
64700000000	215
64800000000	199
64900000000	238
65000000000	208
65100000000	237
65200000000	222
65300000000	251
65400000000	234
65500000000	257
65600000000	275
65700000000	203
65800000000	232
65900000000	220
66000000000	246
66100000000	231
66200000000	231
66300000000	225
66400000000	228
66500000000	246
66600000000	224
66700000000	259
66800000000	239
66900000000	227
67000000000	221
67100000000	238
67200000000	272
67300000000	234
67400000000	225
67500000000	276
67600000000	240
67700000000	235
67800000000	224
67900000000	218
68000000000	207
68100000000	237
68200000000	229
68300000000	235
68400000000	233
68500000000	241
68600000000	232
68700000000	234
68800000000	212
68900000000	229
69000000000	218
69100000000	212
69200000000	198
69300000000	245
69400000000	227
69500000000	211
69600000000	233
69700000000	207
69800000000	221
69900000000	198
70000000000	205
70100000000	242
70200000000	239
70300000000	219
70400000000	211
70500000000	216
70600000000	211
70700000000	235
70800000000	215
70900000000	230
71000000000	220
71100000000	226
71200000000	239
71300000000	216
71400000000	240
71500000000	240
71600000000	225
71700000000	217
71800000000	255
71900000000	226
72000000000	237
72100000000	224
72200000000	231
72300000000	229
72400000000	225
72500000000	230
72600000000	232
72700000000	206
72800000000	266
72900000000	222
73000000000	237
73100000000	222
73200000000	253
73300000000	228
73400000000	214
73500000000	228
73600000000	228
73700000000	231
73800000000	205
73900000000	227
74000000000	232
74100000000	242
74200000000	233
74300000000	262
74400000000	206
74500000000	223
74600000000	248
74700000000	221
74800000000	230
74900000000	209
75000000000	239
75100000000	271
75200000000	295
75300000000	297
75400000000	344
75500000000	362
75600000000	363
75700000000	413
75800000000	401
75900000000	416
76000000000	441
76100000000	414
76200000000	457
76300000000	442
76400000000	452
76500000000	519
76600000000	451
76700000000	444
76800000000	482
76900000000	475
77000000000	457
77100000000	454
77200000000	478
77300000000	536
77400000000	482
77500000000	492
77600000000	452
77700000000	489
77800000000	494
77900000000	512
78000000000	480
78100000000	482
78200000000	491
78300000000	484
78400000000	478
78500000000	490
78600000000	503
78700000000	525
78800000000	469
78900000000	500
79000000000	523
79100000000	418
79200000000	516
79300000000	479
79400000000	523
79500000000	513
79600000000	507
79700000000	473
79800000000	483
79900000000	512
80000000000	503
80100000000	421
80200000000	477
80300000000	481
80400000000	486
80500000000	529
80600000000	449
80700000000	565
80800000000	518
80900000000	502
81000000000	509
81100000000	534
81200000000	481
81300000000	552
81400000000	508
81500000000	513
81600000000	524
81700000000	543
81800000000	490
81900000000	510
82000000000	480
82100000000	510
82200000000	527
82300000000	513
82400000000	458
82500000000	444
82600000000	507
82700000000	496
82800000000	502
82900000000	451
83000000000	460
83100000000	519
83200000000	501
83300000000	506
83400000000	476
83500000000	460
83600000000	494
83700000000	491
83800000000	523
83900000000	482
84000000000	496
84100000000	562
84200000000	546
84300000000	505
84400000000	467
84500000000	501
84600000000	498
84700000000	478
84800000000	492
84900000000	490
85000000000	476
85100000000	491
85200000000	498
85300000000	515
85400000000	545
85500000000	476
85600000000	479
85700000000	482
85800000000	504
85900000000	493
86000000000	512
86100000000	515
86200000000	478
86300000000	517
86400000000	446
86500000000	469
86600000000	523
86700000000	485
86800000000	476
86900000000	529
87000000000	508
87100000000	499
87200000000	457
87300000000	508
87400000000	439
87500000000	484
87600000000	476
87700000000	494
87800000000	505
87900000000	474
88000000000	512
88100000000	439
88200000000	490
88300000000	469
88400000000	477
88500000000	468
88600000000	457
88700000000	507
88800000000	528
88900000000	502
89000000000	507
89100000000	513
89200000000	510
89300000000	516
89400000000	495
89500000000	501
89600000000	535
89700000000	472
89800000000	479
89900000000	516
90000000000	464
90100000000	512
90200000000	534
90300000000	479
90400000000	500
90500000000	490
90600000000	460
90700000000	516
90800000000	480
90900000000	496
91000000000	507
91100000000	542
91200000000	508
91300000000	449
91400000000	576
91500000000	484
91600000000	415
91700000000	540
91800000000	542
91900000000	504
92000000000	495
92100000000	467
92200000000	495
92300000000	489
92400000000	461
92500000000	492
92600000000	492
92700000000	457
92800000000	489
92900000000	481
93000000000	479
93100000000	501
93200000000	478
93300000000	506
93400000000	504
93500000000	498
93600000000	522
93700000000	491
93800000000	508
93900000000	485
94000000000	526
94100000000	503
94200000000	519
94300000000	496
94400000000	497
94500000000	479
94600000000	492
94700000000	488
94800000000	467
94900000000	474
95000000000	472
95100000000	450
95200000000	484
95300000000	490
95400000000	495
95500000000	481
95600000000	490
95700000000	477
95800000000	468
95900000000	486
96000000000	492
96100000000	434
96200000000	492
96300000000	556
96400000000	479
96500000000	469
96600000000	480
96700000000	498
96800000000	524
96900000000	508
97000000000	492
97100000000	468
97200000000	478
97300000000	482
97400000000	463
97500000000	528
97600000000	454
97700000000	498
97800000000	481
97900000000	501
98000000000	469
98100000000	479
98200000000	436
98300000000	489
98400000000	537
98500000000	477
98600000000	514
98700000000	448
98800000000	468
98900000000	503
99000000000	496
99100000000	479
99200000000	490
99300000000	491
99400000000	473
99500000000	452
99600000000	461
99700000000	524
99800000000	514
99900000000	496
