"Time (ps)"	"Counts per bin"
0	500
100000000	453
200000000	464
300000000	496
400000000	428
500000000	480
600000000	477
700000000	459
800000000	474
900000000	437
1000000000	455
1100000000	482
1200000000	459
1300000000	432
1400000000	499
1500000000	493
1600000000	480
1700000000	456
1800000000	472
1900000000	475
2000000000	434
2100000000	447
2200000000	459
2300000000	499
2400000000	458
2500000000	459
2600000000	457
2700000000	477
2800000000	507
2900000000	437
3000000000	470
3100000000	464
3200000000	502
3300000000	477
3400000000	466
3500000000	509
3600000000	442
3700000000	432
3800000000	473
3900000000	488
4000000000	469
4100000000	509
4200000000	516
4300000000	476
4400000000	415
4500000000	493
4600000000	446
4700000000	453
4800000000	465
4900000000	494
5000000000	447
5100000000	470
5200000000	466
5300000000	458
5400000000	471
5500000000	482
5600000000	472
5700000000	522
5800000000	465
5900000000	496
6000000000	405
6100000000	505
6200000000	476
6300000000	462
6400000000	448
6500000000	464
6600000000	455
6700000000	464
6800000000	507
6900000000	489
7000000000	475
7100000000	474
7200000000	433
7300000000	442
7400000000	442
7500000000	505
7600000000	487
7700000000	435
7800000000	486
7900000000	472
8000000000	459
8100000000	491
8200000000	423
8300000000	452
8400000000	466
8500000000	469
8600000000	445
8700000000	452
8800000000	418
8900000000	467
9000000000	514
9100000000	484
9200000000	408
9300000000	481
9400000000	451
9500000000	462
9600000000	485
9700000000	451
9800000000	487
9900000000	462
10000000000	454
10100000000	524
10200000000	496
10300000000	447
10400000000	460
10500000000	431
10600000000	482
10700000000	472
10800000000	501
10900000000	489
11000000000	452
11100000000	455
11200000000	456
11300000000	436
11400000000	437
11500000000	468
11600000000	430
11700000000	463
11800000000	480
11900000000	450
12000000000	462
12100000000	464
12200000000	464
12300000000	434
12400000000	489
12500000000	465
12600000000	474
12700000000	454
12800000000	485
12900000000	456
13000000000	438
13100000000	515
13200000000	467
13300000000	470
13400000000	469
13500000000	436
13600000000	475
13700000000	446
13800000000	508
13900000000	461
14000000000	445
14100000000	449
14200000000	451
14300000000	451
14400000000	435
14500000000	450
14600000000	478
14700000000	469
14800000000	439
14900000000	488
15000000000	467
15100000000	485
15200000000	471
15300000000	515
15400000000	460
15500000000	476
15600000000	496
15700000000	447
15800000000	490
15900000000	453
16000000000	440
16100000000	452
16200000000	488
16300000000	452
16400000000	436
16500000000	460
16600000000	484
16700000000	491
16800000000	472
16900000000	486
17000000000	473
17100000000	474
17200000000	461
17300000000	488
17400000000	421
17500000000	475
17600000000	504
17700000000	464
17800000000	484
17900000000	482
18000000000	467
18100000000	459
18200000000	444
18300000000	459
18400000000	494
18500000000	461
18600000000	462
18700000000	454
18800000000	474
18900000000	458
19000000000	472
19100000000	463
19200000000	485
19300000000	503
19400000000	477
19500000000	499
19600000000	466
19700000000	461
19800000000	465
19900000000	481
20000000000	439
20100000000	513
20200000000	491
20300000000	447
20400000000	467
20500000000	459
20600000000	441
20700000000	467
20800000000	466
20900000000	507
21000000000	468
21100000000	469
21200000000	490
21300000000	482
21400000000	444
21500000000	519
21600000000	431
21700000000	476
21800000000	483
21900000000	416
22000000000	439
22100000000	448
22200000000	490
22300000000	435
22400000000	480
22500000000	506
22600000000	462
22700000000	441
22800000000	436
22900000000	502
23000000000	463
23100000000	473
23200000000	457
23300000000	456
23400000000	502
23500000000	450
23600000000	458
23700000000	479
23800000000	447
23900000000	473
24000000000	458
24100000000	456
24200000000	481
24300000000	469
24400000000	416
24500000000	458
24600000000	406
24700000000	461
24800000000	473
24900000000	425
25000000000	458
25100000000	471
25200000000	452
25300000000	474
25400000000	427
25500000000	503
25600000000	521
25700000000	465
25800000000	483
25900000000	469
26000000000	472
26100000000	472
26200000000	487
26300000000	509
26400000000	493
26500000000	531
26600000000	503
26700000000	501
26800000000	515
26900000000	490
27000000000	496
27100000000	482
27200000000	472
27300000000	478
27400000000	521
27500000000	469
27600000000	471
27700000000	494
27800000000	520
27900000000	513
28000000000	509
28100000000	470
28200000000	495
28300000000	521
28400000000	542
28500000000	498
28600000000	515
28700000000	538
28800000000	489
28900000000	517
29000000000	509
29100000000	451
29200000000	490
29300000000	496
29400000000	507
29500000000	499
29600000000	499
29700000000	474
29800000000	457
29900000000	535
30000000000	540
30100000000	467
30200000000	492
30300000000	444
30400000000	466
30500000000	485
30600000000	491
30700000000	505
30800000000	478
30900000000	485
31000000000	499
31100000000	476
31200000000	495
31300000000	560
31400000000	500
31500000000	482
31600000000	481
31700000000	495
31800000000	490
31900000000	515
32000000000	531
32100000000	474
32200000000	478
32300000000	465
32400000000	526
32500000000	447
32600000000	498
32700000000	474
32800000000	463
32900000000	467
33000000000	529
33100000000	466
33200000000	524
33300000000	459
33400000000	500
33500000000	507
33600000000	480
33700000000	498
33800000000	497
33900000000	456
34000000000	467
34100000000	493
34200000000	481
34300000000	484
34400000000	469
34500000000	486
34600000000	541
34700000000	485
34800000000	498
34900000000	503
35000000000	509
35100000000	451
35200000000	499
35300000000	431
35400000000	474
35500000000	463
35600000000	499
35700000000	465
35800000000	493
35900000000	503
36000000000	438
36100000000	511
36200000000	449
36300000000	517
36400000000	523
36500000000	502
36600000000	486
36700000000	530
36800000000	501
36900000000	463
37000000000	497
37100000000	480
37200000000	497
37300000000	462
37400000000	495
37500000000	478
37600000000	469
37700000000	532
37800000000	491
37900000000	495
38000000000	475
38100000000	480
38200000000	494
38300000000	472
38400000000	505
38500000000	493
38600000000	496
38700000000	497
38800000000	496
38900000000	503
39000000000	441
39100000000	447
39200000000	501
39300000000	492
39400000000	507
39500000000	482
39600000000	489
39700000000	521
39800000000	486
39900000000	480
40000000000	461
40100000000	474
40200000000	528
40300000000	523
40400000000	473
40500000000	524
40600000000	452
40700000000	465
40800000000	512
40900000000	502
41000000000	462
41100000000	490
41200000000	491
41300000000	481
41400000000	477
41500000000	475
41600000000	492
41700000000	460
41800000000	464
41900000000	476
42000000000	476
42100000000	514
42200000000	485
42300000000	490
42400000000	471
42500000000	480
42600000000	482
42700000000	487
42800000000	480
42900000000	486
43000000000	506
43100000000	470
43200000000	492
43300000000	483
43400000000	463
43500000000	521
43600000000	507
43700000000	487
43800000000	481
43900000000	444
44000000000	513
44100000000	483
44200000000	473
44300000000	480
44400000000	463
44500000000	491
44600000000	492
44700000000	526
44800000000	497
44900000000	482
45000000000	470
45100000000	487
45200000000	492
45300000000	456
45400000000	465
45500000000	465
45600000000	499
45700000000	481
45800000000	478
45900000000	461
46000000000	509
46100000000	508
46200000000	487
46300000000	496
46400000000	484
46500000000	492
46600000000	520
46700000000	527
46800000000	486
46900000000	481
47000000000	525
47100000000	461
47200000000	482
47300000000	540
47400000000	477
47500000000	484
47600000000	476
47700000000	496
47800000000	452
47900000000	500
48000000000	484
48100000000	488
48200000000	524
48300000000	496
48400000000	491
48500000000	486
48600000000	460
48700000000	466
48800000000	494
48900000000	520
49000000000	510
49100000000	480
49200000000	483
49300000000	493
49400000000	506
49500000000	477
49600000000	502
49700000000	496
49800000000	527
49900000000	487
50000000000	504
50100000000	452
50200000000	458
50300000000	489
50400000000	423
50500000000	479
50600000000	474
50700000000	458
50800000000	469
50900000000	442
51000000000	449
51100000000	481
51200000000	455
51300000000	422
51400000000	507
51500000000	486
51600000000	475
51700000000	455
51800000000	474
51900000000	477
52000000000	435
52100000000	440
52200000000	453
52300000000	501
52400000000	450
52500000000	461
52600000000	450
52700000000	478
52800000000	500
52900000000	442
53000000000	465
53100000000	468
53200000000	500
53300000000	471
53400000000	465
53500000000	504
53600000000	442
53700000000	432
53800000000	472
53900000000	483
54000000000	465
54100000000	506
54200000000	519
54300000000	473
54400000000	409
54500000000	483
54600000000	456
54700000000	448
54800000000	463
54900000000	489
55000000000	442
55100000000	468
55200000000	467
55300000000	447
55400000000	477
55500000000	476
55600000000	472
55700000000	522
55800000000	465
55900000000	493
56000000000	400
56100000000	499
56200000000	475
56300000000	464
56400000000	443
56500000000	459
56600000000	457
56700000000	461
56800000000	501
56900000000	489
57000000000	479
57100000000	469
57200000000	441
57300000000	430
57400000000	447
57500000000	494
57600000000	496
57700000000	426
57800000000	483
57900000000	476
58000000000	456
58100000000	480
58200000000	425
58300000000	443
58400000000	472
58500000000	466
58600000000	444
58700000000	451
58800000000	416
58900000000	469
59000000000	504
59100000000	485
59200000000	406
59300000000	483
59400000000	447
59500000000	457
59600000000	485
59700000000	448
59800000000	487
59900000000	461
60000000000	452
60100000000	521
60200000000	493
60300000000	450
60400000000	457
60500000000	429
60600000000	474
60700000000	473
60800000000	499
60900000000	484
61000000000	462
61100000000	445
61200000000	456
61300000000	434
61400000000	431
61500000000	467
61600000000	429
61700000000	457
61800000000	479
61900000000	453
62000000000	450
62100000000	474
62200000000	461
62300000000	419
62400000000	489
62500000000	470
62600000000	465
62700000000	452
62800000000	490
62900000000	443
63000000000	445
63100000000	509
63200000000	465
63300000000	467
63400000000	474
63500000000	426
63600000000	479
63700000000	442
63800000000	503
63900000000	463
64000000000	440
64100000000	444
64200000000	449
64300000000	456
64400000000	428
64500000000	448
64600000000	472
64700000000	470
64800000000	442
64900000000	487
65000000000	462
65100000000	482
65200000000	474
65300000000	503
65400000000	468
65500000000	473
65600000000	491
65700000000	445
65800000000	478
65900000000	454
66000000000	436
66100000000	456
66200000000	475
66300000000	467
66400000000	425
66500000000	458
66600000000	488
66700000000	477
66800000000	470
66900000000	491
67000000000	469
67100000000	479
67200000000	455
67300000000	484
67400000000	426
67500000000	472
67600000000	502
67700000000	461
67800000000	474
67900000000	477
68000000000	479
68100000000	452
68200000000	441
68300000000	454
68400000000	502
68500000000	451
68600000000	462
68700000000	450
68800000000	462
68900000000	466
69000000000	470
69100000000	465
69200000000	472
69300000000	496
69400000000	486
69500000000	491
69600000000	472
69700000000	451
69800000000	456
69900000000	491
70000000000	440
70100000000	503
70200000000	494
70300000000	438
70400000000	473
70500000000	458
70600000000	445
70700000000	459
70800000000	467
70900000000	501
71000000000	468
71100000000	467
71200000000	491
71300000000	480
71400000000	443
71500000000	509
71600000000	436
71700000000	467
71800000000	482
71900000000	419
72000000000	436
72100000000	447
72200000000	489
72300000000	434
72400000000	472
72500000000	511
72600000000	460
72700000000	440
72800000000	432
72900000000	492
73000000000	469
73100000000	470
73200000000	456
73300000000	457
73400000000	505
73500000000	442
73600000000	462
73700000000	476
73800000000	441
73900000000	477
74000000000	455
74100000000	449
74200000000	485
74300000000	469
74400000000	415
74500000000	457
74600000000	408
74700000000	451
74800000000	466
74900000000	425
75000000000	460
75100000000	471
75200000000	456
75300000000	458
75400000000	436
75500000000	495
75600000000	526
75700000000	459
75800000000	482
75900000000	471
76000000000	468
76100000000	468
76200000000	479
76300000000	510
76400000000	490
76500000000	536
76600000000	502
76700000000	498
76800000000	513
76900000000	489
77000000000	488
77100000000	480
77200000000	462
77300000000	486
77400000000	518
77500000000	463
77600000000	477
77700000000	492
77800000000	513
77900000000	510
78000000000	508
78100000000	476
78200000000	487
78300000000	518
78400000000	539
78500000000	500
78600000000	503
78700000000	539
78800000000	484
78900000000	510
79000000000	512
79100000000	448
79200000000	494
79300000000	491
79400000000	501
79500000000	504
79600000000	495
79700000000	471
79800000000	457
79900000000	531
80000000000	538
80100000000	472
80200000000	483
80300000000	445
80400000000	461
80500000000	489
80600000000	490
80700000000	496
80800000000	475
80900000000	485
81000000000	493
81100000000	483
81200000000	493
81300000000	550
81400000000	502
81500000000	478
81600000000	488
81700000000	489
81800000000	488
81900000000	513
82000000000	529
82100000000	468
82200000000	476
82300000000	467
82400000000	519
82500000000	448
82600000000	497
82700000000	474
82800000000	459
82900000000	459
83000000000	523
83100000000	471
83200000000	519
83300000000	463
83400000000	491
83500000000	513
83600000000	475
83700000000	492
83800000000	492
83900000000	453
84000000000	464
84100000000	494
84200000000	474
84300000000	486
84400000000	470
84500000000	487
84600000000	534
84700000000	481
84800000000	493
84900000000	498
85000000000	508
85100000000	458
85200000000	487
85300000000	434
85400000000	472
85500000000	454
85600000000	500
85700000000	466
85800000000	493
85900000000	503
86000000000	435
86100000000	510
86200000000	449
86300000000	516
86400000000	520
86500000000	497
86600000000	483
86700000000	532
86800000000	499
86900000000	461
87000000000	492
87100000000	476
87200000000	495
87300000000	461
87400000000	484
87500000000	480
87600000000	463
87700000000	535
87800000000	485
87900000000	489
88000000000	480
88100000000	479
88200000000	492
88300000000	467
88400000000	501
88500000000	496
88600000000	490
88700000000	495
88800000000	501
88900000000	492
89000000000	440
89100000000	442
89200000000	505
89300000000	491
89400000000	500
89500000000	482
89600000000	482
89700000000	523
89800000000	474
89900000000	490
90000000000	455
90100000000	477
90200000000	527
90300000000	517
90400000000	474
90500000000	526
90600000000	449
90700000000	464
90800000000	506
90900000000	500
91000000000	460
91100000000	485
91200000000	487
91300000000	485
91400000000	479
91500000000	466
91600000000	500
91700000000	444
91800000000	466
91900000000	476
92000000000	474
92100000000	516
92200000000	480
92300000000	485
92400000000	459
92500000000	490
92600000000	474
92700000000	492
92800000000	479
92900000000	480
93000000000	496
93100000000	468
93200000000	487
93300000000	482
93400000000	469
93500000000	517
93600000000	507
93700000000	477
93800000000	486
93900000000	450
94000000000	508
94100000000	482
94200000000	470
94300000000	477
94400000000	456
94500000000	496
94600000000	484
94700000000	524
94800000000	500
94900000000	466
95000000000	478
95100000000	485
95200000000	490
95300000000	453
95400000000	463
95500000000	465
95600000000	499
95700000000	466
95800000000	480
95900000000	463
96000000000	511
96100000000	494
96200000000	489
96300000000	489
96400000000	489
96500000000	488
96600000000	525
96700000000	519
96800000000	482
96900000000	483
97000000000	520
97100000000	467
97200000000	472
97300000000	535
97400000000	479
97500000000	493
97600000000	460
97700000000	497
97800000000	447
97900000000	503
98000000000	485
98100000000	484
98200000000	522
98300000000	490
98400000000	493
98500000000	477
98600000000	460
98700000000	468
98800000000	492
98900000000	510
99000000000	514
99100000000	478
99200000000	486
99300000000	491
99400000000	496
99500000000	471
99600000000	506
99700000000	480
99800000000	523
99900000000	493
