"Time (ps)"	"Counts per bin"
0	98568
100000000	99135
200000000	99993
300000000	99270
400000000	100083
500000000	100168
600000000	99755
700000000	99837
800000000	100344
900000000	99940
1000000000	100249
1100000000	100303
1200000000	100130
1300000000	100000
1400000000	100105
1500000000	100358
1600000000	100219
1700000000	100402
1800000000	100421
1900000000	100255
2000000000	99999
2100000000	100531
2200000000	100116
2300000000	100727
2400000000	99985
2500000000	100168
2600000000	99957
2700000000	100092
2800000000	100222
2900000000	100008
3000000000	100020
3100000000	99932
3200000000	99822
3300000000	100043
3400000000	99619
3500000000	99657
3600000000	100180
3700000000	100072
3800000000	100061
3900000000	100074
4000000000	100520
4100000000	100216
4200000000	100363
4300000000	99637
4400000000	100187
4500000000	100187
4600000000	100136
4700000000	100485
4800000000	99908
4900000000	99621
5000000000	99809
5100000000	99597
5200000000	99262
5300000000	100403
5400000000	100047
5500000000	99064
5600000000	99822
5700000000	99705
5800000000	101045
5900000000	99856
6000000000	100537
6100000000	100305
6200000000	100317
6300000000	100035
6400000000	99838
6500000000	100190
6600000000	99971
6700000000	99965
6800000000	99686
6900000000	99615
7000000000	99923
7100000000	99543
7200000000	100377
7300000000	99840
7400000000	99890
7500000000	99905
7600000000	100065
7700000000	99973
7800000000	99628
7900000000	99170
8000000000	99905
8100000000	99925
8200000000	99388
8300000000	100367
8400000000	99966
8500000000	100031
8600000000	99939
8700000000	99454
8800000000	100172
8900000000	100105
9000000000	99763
9100000000	100593
9200000000	99872
9300000000	99928
9400000000	100621
9500000000	99643
9600000000	100025
9700000000	99429
9800000000	99947
9900000000	100213
10000000000	99879
10100000000	99831
10200000000	100303
10300000000	99737
10400000000	100887
10500000000	99273
10600000000	99738
10700000000	99801
10800000000	100085
10900000000	100078
11000000000	99661
11100000000	100374
11200000000	100357
11300000000	100345
11400000000	100404
11500000000	100668
11600000000	100105
11700000000	100369
11800000000	100199
11900000000	99652
12000000000	99736
12100000000	99314
12200000000	100335
12300000000	100032
12400000000	99590
12500000000	100336
12600000000	99594
12700000000	99499
12800000000	99854
12900000000	99948
13000000000	99798
13100000000	100452
13200000000	99815
13300000000	99963
13400000000	100280
13500000000	99584
13600000000	99797
13700000000	100291
13800000000	99804
13900000000	99496
14000000000	100066
14100000000	100002
14200000000	100185
14300000000	100354
14400000000	99471
14500000000	99768
14600000000	100649
14700000000	99726
14800000000	99650
14900000000	100094
15000000000	99322
15100000000	100067
15200000000	100125
15300000000	100163
15400000000	100304
15500000000	100079
15600000000	99988
15700000000	100443
15800000000	100152
15900000000	99855
16000000000	99698
16100000000	100262
16200000000	99371
16300000000	99932
16400000000	100117
16500000000	99809
16600000000	100074
16700000000	100415
16800000000	99945
16900000000	99743
17000000000	100499
17100000000	100085
17200000000	100314
17300000000	99844
17400000000	100215
17500000000	100896
17600000000	99761
17700000000	100015
17800000000	100078
17900000000	99991
18000000000	100414
18100000000	99900
18200000000	99730
18300000000	99858
18400000000	100357
18500000000	99843
18600000000	100144
18700000000	99856
18800000000	99532
18900000000	99503
19000000000	100171
19100000000	99776
19200000000	99731
19300000000	99989
19400000000	100210
19500000000	99957
19600000000	99744
19700000000	99550
19800000000	99732
19900000000	99673
20000000000	99680
20100000000	99300
20200000000	100195
20300000000	99893
20400000000	99431
20500000000	99793
20600000000	100300
20700000000	99585
20800000000	99755
20900000000	100735
21000000000	99584
21100000000	99638
21200000000	99896
21300000000	100017
21400000000	99536
21500000000	100119
21600000000	100438
21700000000	99815
21800000000	99585
21900000000	99397
22000000000	100567
22100000000	99776
22200000000	100400
22300000000	100073
22400000000	99714
22500000000	100389
22600000000	99777
22700000000	99872
22800000000	100007
22900000000	99665
23000000000	99460
23100000000	100249
23200000000	99680
23300000000	99748
23400000000	100024
23500000000	99756
23600000000	99522
23700000000	100129
23800000000	100220
23900000000	99952
24000000000	99720
24100000000	99572
24200000000	99771
24300000000	99801
24400000000	100249
24500000000	99746
24600000000	100104
24700000000	99815
24800000000	99567
24900000000	99776
25000000000	99683
25100000000	99254
25200000000	98773
25300000000	98606
25400000000	99052
25500000000	98814
25600000000	98686
25700000000	98777
25800000000	99155
25900000000	99049
26000000000	98393
26100000000	98980
26200000000	98505
26300000000	98240
26400000000	98231
26500000000	98743
26600000000	98412
26700000000	98252
26800000000	98614
26900000000	98666
27000000000	98156
27100000000	97880
27200000000	97936
27300000000	98579
27400000000	98234
27500000000	98284
27600000000	98204
27700000000	98634
27800000000	98295
27900000000	98042
28000000000	98645
28100000000	98100
28200000000	97852
28300000000	98359
28400000000	97893
28500000000	97576
28600000000	97429
28700000000	97985
28800000000	98413
28900000000	97561
29000000000	97920
29100000000	97297
29200000000	97670
29300000000	97152
29400000000	98846
29500000000	97852
29600000000	98386
29700000000	97906
29800000000	97892
29900000000	97839
30000000000	97675
30100000000	98024
30200000000	97396
30300000000	97782
30400000000	97957
30500000000	97849
30600000000	98272
30700000000	98521
30800000000	97859
30900000000	98043
31000000000	98085
31100000000	98365
31200000000	98628
31300000000	97742
31400000000	98103
31500000000	98349
31600000000	98038
31700000000	97862
31800000000	98528
31900000000	97862
32000000000	98288
32100000000	98554
32200000000	98757
32300000000	97941
32400000000	98252
32500000000	98832
32600000000	97402
32700000000	98702
32800000000	98691
32900000000	98054
33000000000	97854
33100000000	97745
33200000000	98108
33300000000	97913
33400000000	97648
33500000000	98495
33600000000	98821
33700000000	98555
33800000000	97915
33900000000	98125
34000000000	98711
34100000000	97652
34200000000	97782
34300000000	98332
34400000000	97231
34500000000	98125
34600000000	98593
34700000000	97688
34800000000	98180
34900000000	97759
35000000000	98517
35100000000	98497
35200000000	98329
35300000000	97839
35400000000	98202
35500000000	98055
35600000000	98305
35700000000	97952
35800000000	97939
35900000000	98322
36000000000	97692
36100000000	97646
36200000000	97997
36300000000	97398
36400000000	98148
36500000000	98253
36600000000	98341
36700000000	97251
36800000000	98232
36900000000	97587
37000000000	97935
37100000000	97817
37200000000	97913
37300000000	98380
37400000000	98292
37500000000	97884
37600000000	98481
37700000000	98587
37800000000	97591
37900000000	98340
38000000000	97628
38100000000	98187
38200000000	97703
38300000000	97274
38400000000	98147
38500000000	97720
38600000000	97818
38700000000	97547
38800000000	98477
38900000000	97826
39000000000	97508
39100000000	97042
39200000000	98146
39300000000	98024
39400000000	97916
39500000000	98330
39600000000	98081
39700000000	97831
39800000000	98003
39900000000	98258
40000000000	98238
40100000000	98263
40200000000	98127
40300000000	97546
40400000000	98558
40500000000	97892
40600000000	98296
40700000000	98511
40800000000	97947
40900000000	98227
41000000000	97695
41100000000	98076
41200000000	98746
41300000000	97738
41400000000	97875
41500000000	97805
41600000000	98528
41700000000	97896
41800000000	98059
41900000000	98259
42000000000	98789
42100000000	98512
42200000000	97751
42300000000	97850
42400000000	98299
42500000000	97838
42600000000	97994
42700000000	98190
42800000000	97930
42900000000	98761
43000000000	98091
43100000000	98358
43200000000	98341
43300000000	97983
43400000000	98198
43500000000	97982
43600000000	97838
43700000000	97605
43800000000	97471
43900000000	97315
44000000000	98022
44100000000	98105
44200000000	97899
44300000000	98043
44400000000	97800
44500000000	98420
44600000000	98082
44700000000	98693
44800000000	97792
44900000000	97572
45000000000	98231
45100000000	98237
45200000000	97723
45300000000	97991
45400000000	98344
45500000000	97620
45600000000	97909
45700000000	98063
45800000000	98379
45900000000	97724
46000000000	98436
46100000000	98054
46200000000	97579
46300000000	98502
46400000000	98764
46500000000	98425
46600000000	98304
46700000000	97882
46800000000	98225
46900000000	98346
47000000000	98229
47100000000	98509
47200000000	98286
47300000000	98151
47400000000	98223
47500000000	98151
47600000000	98230
47700000000	98127
47800000000	98121
47900000000	97691
48000000000	97516
48100000000	98409
48200000000	98173
48300000000	98044
48400000000	98770
48500000000	98374
48600000000	98053
48700000000	97926
48800000000	98280
48900000000	98066
49000000000	98745
49100000000	98380
49200000000	98298
49300000000	97776
49400000000	98139
49500000000	97973
49600000000	98106
49700000000	97774
49800000000	97999
49900000000	97855
50000000000	98453
50100000000	99122
50200000000	99879
50300000000	99310
50400000000	99963
50500000000	100110
50600000000	99792
50700000000	99758
50800000000	100327
50900000000	99886
51000000000	100153
51100000000	100300
51200000000	100055
51300000000	99961
51400000000	100070
51500000000	100322
51600000000	100172
51700000000	100406
51800000000	100259
51900000000	100198
52000000000	100080
52100000000	100437
52200000000	100168
52300000000	100565
52400000000	100026
52500000000	100070
52600000000	100009
52700000000	99932
52800000000	100250
52900000000	99980
53000000000	99833
53100000000	99996
53200000000	99892
53300000000	99849
53400000000	99689
53500000000	99600
53600000000	100176
53700000000	99979
53800000000	100030
53900000000	100063
54000000000	100403
54100000000	100155
54200000000	100311
54300000000	99640
54400000000	100096
54500000000	100150
54600000000	100150
54700000000	100362
54800000000	99903
54900000000	99646
55000000000	99867
55100000000	99498
55200000000	99210
55300000000	100351
55400000000	99941
55500000000	99160
55600000000	99699
55700000000	99704
55800000000	100993
55900000000	99690
56000000000	100524
56100000000	100184
56200000000	100260
56300000000	100062
56400000000	99753
56500000000	100241
56600000000	99875
56700000000	99872
56800000000	99727
56900000000	99565
57000000000	99926
57100000000	99475
57200000000	100269
57300000000	99784
57400000000	99894
57500000000	99928
57600000000	99926
57700000000	99974
57800000000	99616
57900000000	99135
58000000000	99738
58100000000	99977
58200000000	99328
58300000000	100363
58400000000	99860
58500000000	100037
58600000000	99773
58700000000	99612
58800000000	100073
58900000000	100017
59000000000	99698
59100000000	100586
59200000000	99859
59300000000	99862
59400000000	100539
59500000000	99654
59600000000	99983
59700000000	99309
59800000000	100020
59900000000	100128
60000000000	99875
60100000000	99714
60200000000	100314
60300000000	99747
60400000000	100688
60500000000	99335
60600000000	99612
60700000000	99801
60800000000	99968
60900000000	100158
61000000000	99610
61100000000	100289
61200000000	100240
61300000000	100435
61400000000	100377
61500000000	100553
61600000000	100098
61700000000	100369
61800000000	100155
61900000000	99566
62000000000	99657
62100000000	99377
62200000000	100297
62300000000	99976
62400000000	99475
62500000000	100266
62600000000	99573
62700000000	99464
62800000000	99891
62900000000	99857
63000000000	99782
63100000000	100398
63200000000	99773
63300000000	99884
63400000000	100097
63500000000	99712
63600000000	99717
63700000000	100239
63800000000	99898
63900000000	99421
64000000000	99838
64100000000	100048
64200000000	100091
64300000000	100388
64400000000	99458
64500000000	99618
64600000000	100727
64700000000	99615
64800000000	99589
64900000000	99962
65000000000	99303
65100000000	100150
65200000000	99989
65300000000	100156
65400000000	100257
65500000000	99988
65600000000	100087
65700000000	100366
65800000000	100182
65900000000	99668
66000000000	99715
66100000000	100208
66200000000	99347
66300000000	99865
66400000000	100099
66500000000	99737
66600000000	100042
66700000000	100347
66800000000	99946
66900000000	99700
67000000000	100434
67100000000	100020
67200000000	100354
67300000000	99709
67400000000	100227
67500000000	100796
67600000000	99763
67700000000	100055
67800000000	99985
67900000000	99970
68000000000	100297
68100000000	99873
68200000000	99732
68300000000	99739
68400000000	100395
68500000000	99805
68600000000	100003
68700000000	99805
68800000000	99574
68900000000	99477
69000000000	100072
69100000000	99792
69200000000	99567
69300000000	100089
69400000000	100145
69500000000	99933
69600000000	99688
69700000000	99517
69800000000	99744
69900000000	99529
70000000000	99678
70100000000	99289
70200000000	100059
70300000000	99885
70400000000	99435
70500000000	99740
70600000000	100153
70700000000	99604
70800000000	99735
70900000000	100615
71000000000	99582
71100000000	99643
71200000000	99770
71300000000	100067
71400000000	99375
71500000000	100091
71600000000	100425
71700000000	99905
71800000000	99406
71900000000	99415
72000000000	100461
72100000000	99790
72200000000	100303
72300000000	100008
72400000000	99694
72500000000	100414
72600000000	99641
72700000000	99906
72800000000	99937
72900000000	99636
73000000000	99435
73100000000	100304
73200000000	99697
73300000000	99506
73400000000	99980
73500000000	99796
73600000000	99432
73700000000	100062
73800000000	100231
73900000000	99969
74000000000	99683
74100000000	99509
74200000000	99679
74300000000	99753
74400000000	100216
74500000000	99685
74600000000	100153
74700000000	99699
74800000000	99601
74900000000	99764
75000000000	99644
75100000000	99114
75200000000	98822
75300000000	98598
75400000000	98816
75500000000	98907
75600000000	98614
75700000000	98777
75800000000	99047
75900000000	99000
76000000000	98439
76100000000	98992
76200000000	98427
76300000000	98233
76400000000	98148
76500000000	98717
76600000000	98480
76700000000	98104
76800000000	98605
76900000000	98632
77000000000	98057
77100000000	97822
77200000000	97966
77300000000	98481
77400000000	98190
77500000000	98190
77600000000	98221
77700000000	98550
77800000000	98319
77900000000	97954
78000000000	98563
78100000000	98087
78200000000	97888
78300000000	98260
78400000000	97910
78500000000	97538
78600000000	97358
78700000000	97822
78800000000	98424
78900000000	97573
79000000000	97889
79100000000	97191
79200000000	97790
79300000000	97057
79400000000	98821
79500000000	97769
79600000000	98297
79700000000	97992
79800000000	97835
79900000000	97770
80000000000	97700
80100000000	97898
80200000000	97391
80300000000	97765
80400000000	97863
80500000000	97885
80600000000	98160
80700000000	98468
80800000000	97839
80900000000	98054
81000000000	97893
81100000000	98428
81200000000	98661
81300000000	97572
81400000000	98060
81500000000	98303
81600000000	98134
81700000000	97729
81800000000	98448
81900000000	97836
82000000000	98261
82100000000	98503
82200000000	98747
82300000000	97825
82400000000	98355
82500000000	98680
82600000000	97496
82700000000	98583
82800000000	98566
82900000000	98149
83000000000	97805
83100000000	97654
83200000000	98065
83300000000	97741
83400000000	97684
83500000000	98413
83600000000	98897
83700000000	98358
83800000000	98011
83900000000	98090
84000000000	98630
84100000000	97646
84200000000	97704
84300000000	98305
84400000000	97302
84500000000	97902
84600000000	98556
84700000000	97645
84800000000	98146
84900000000	97759
85000000000	98445
85100000000	98481
85200000000	98279
85300000000	97871
85400000000	98162
85500000000	97866
85600000000	98331
85700000000	98030
85800000000	97922
85900000000	98165
86000000000	97723
86100000000	97519
86200000000	98056
86300000000	97355
86400000000	98079
86500000000	98253
86600000000	98207
86700000000	97237
86800000000	98172
86900000000	97609
87000000000	97843
87100000000	97798
87200000000	97905
87300000000	98294
87400000000	98294
87500000000	97753
87600000000	98528
87700000000	98506
87800000000	97544
87900000000	98360
88000000000	97524
88100000000	98096
88200000000	97648
88300000000	97286
88400000000	98090
88500000000	97736
88600000000	97782
88700000000	97430
88800000000	98404
88900000000	97784
89000000000	97530
89100000000	96964
89200000000	98130
89300000000	97950
89400000000	97870
89500000000	98327
89600000000	98017
89700000000	97755
89800000000	98012
89900000000	98109
90000000000	98354
90100000000	98121
90200000000	98140
90300000000	97429
90400000000	98579
90500000000	97874
90600000000	98208
90700000000	98487
90800000000	97961
90900000000	98077
91000000000	97683
91100000000	97998
91200000000	98725
91300000000	97711
91400000000	97872
91500000000	97749
91600000000	98465
91700000000	97832
91800000000	97960
91900000000	98322
92000000000	98729
92100000000	98507
92200000000	97622
92300000000	97855
92400000000	98258
92500000000	97796
92600000000	97993
92700000000	98128
92800000000	97889
92900000000	98708
93000000000	97988
93100000000	98328
93200000000	98259
93300000000	98067
93400000000	98142
93500000000	97882
93600000000	97895
93700000000	97530
93800000000	97414
93900000000	97340
94000000000	97876
94100000000	98131
94200000000	97872
94300000000	97977
94400000000	97726
94500000000	98282
94600000000	98077
94700000000	98701
94800000000	97864
94900000000	97411
95000000000	98185
95100000000	98136
95200000000	97837
95300000000	97956
95400000000	98199
95500000000	97674
95600000000	97803
95700000000	98134
95800000000	98186
95900000000	97766
96000000000	98370
96100000000	98080
96200000000	97511
96300000000	98353
96400000000	98727
96500000000	98386
96600000000	98357
96700000000	97807
96800000000	98209
96900000000	98306
97000000000	98224
97100000000	98469
97200000000	98248
97300000000	98102
97400000000	98166
97500000000	98079
97600000000	98197
97700000000	98110
97800000000	98028
97900000000	97697
98000000000	97557
98100000000	98284
98200000000	98139
98300000000	97890
98400000000	98876
98500000000	98249
98600000000	98131
98700000000	97781
98800000000	98219
98900000000	98052
99000000000	98710
99100000000	98295
99200000000	98202
99300000000	97836
99400000000	98065
99500000000	97964
99600000000	98018
99700000000	97778
99800000000	97919
99900000000	97846
