"Time (ps)"	"Counts per bin"
0	1000195
100000000	1000732
200000000	999054
300000000	1001412
400000000	1000958
500000000	999499
600000000	1001293
700000000	1000737
800000000	1000826
900000000	1000385
1000000000	999994
1100000000	1000675
1200000000	1000935
1300000000	1000914
1400000000	1001560
1500000000	1001313
1600000000	999344
1700000000	1000774
1800000000	1001074
1900000000	1001825
2000000000	1000882
2100000000	1001301
2200000000	1000464
2300000000	1000585
2400000000	1000121
2500000000	1000144
2600000000	1001299
2700000000	1001094
2800000000	1002100
2900000000	1001219
3000000000	1002449
3100000000	1000806
3200000000	1000647
3300000000	1002024
3400000000	1002461
3500000000	1002330
3600000000	1001839
3700000000	1001435
3800000000	1001287
3900000000	1001440
4000000000	1003128
4100000000	1001725
4200000000	1002287
4300000000	1002134
4400000000	1001577
4500000000	999590
4600000000	1000640
4700000000	1002239
4800000000	1000913
4900000000	999042
5000000000	1002423
5100000000	1000982
5200000000	1001224
5300000000	1001739
5400000000	1001459
5500000000	1000668
5600000000	1001349
5700000000	998130
5800000000	1001393
5900000000	1001834
6000000000	1002133
6100000000	1001702
6200000000	1001553
6300000000	1002334
6400000000	1001433
6500000000	1001258
6600000000	1002012
6700000000	1001278
6800000000	1000737
6900000000	1000946
7000000000	1001448
7100000000	1000622
7200000000	1000153
7300000000	1001175
7400000000	1003233
7500000000	1000765
7600000000	1001961
7700000000	1001346
7800000000	1000667
7900000000	1001218
8000000000	1000942
8100000000	1001530
8200000000	1001085
8300000000	1001025
8400000000	1001920
8500000000	1000760
8600000000	1001319
8700000000	1000733
8800000000	1000777
8900000000	1000395
9000000000	1001218
9100000000	1001571
9200000000	1000317
9300000000	1003371
9400000000	1002106
9500000000	999643
9600000000	1002276
9700000000	1002007
9800000000	1000884
9900000000	1001432
10000000000	1003049
10100000000	1001745
10200000000	1001190
10300000000	1003029
10400000000	1000382
10500000000	1002900
10600000000	1001185
10700000000	1001404
10800000000	1001959
10900000000	1001468
11000000000	1002779
11100000000	1001877
11200000000	1000795
11300000000	1002741
11400000000	1002020
11500000000	1001627
11600000000	1001031
11700000000	1002749
11800000000	1002839
11900000000	1002485
12000000000	1002392
12100000000	999612
12200000000	1001563
12300000000	1001646
12400000000	1000567
12500000000	1002151
12600000000	1001887
12700000000	1001131
12800000000	1000763
12900000000	1001182
13000000000	1001080
13100000000	1002343
13200000000	1000085
13300000000	1002699
13400000000	1001391
13500000000	1000872
13600000000	1000485
13700000000	1000246
13800000000	1001366
13900000000	1001693
14000000000	1000928
14100000000	1001948
14200000000	1001296
14300000000	1002710
14400000000	1000987
14500000000	1001160
14600000000	1001395
14700000000	1001607
14800000000	1000994
14900000000	1000884
15000000000	1000882
15100000000	1003303
15200000000	1001650
15300000000	998750
15400000000	1001359
15500000000	1000573
15600000000	1001037
15700000000	1000682
15800000000	1002003
15900000000	1001365
16000000000	1000698
16100000000	1000489
16200000000	1001563
16300000000	1000296
16400000000	1001678
16500000000	1000405
16600000000	1002322
16700000000	1000099
16800000000	1001804
16900000000	1002236
17000000000	1000922
17100000000	1002025
17200000000	1000889
17300000000	1001746
17400000000	1000882
17500000000	999960
17600000000	1000573
17700000000	1001159
17800000000	1000918
17900000000	1000258
18000000000	1001700
18100000000	1000913
18200000000	1001735
18300000000	998685
18400000000	1001253
18500000000	999695
18600000000	1001747
18700000000	1001136
18800000000	1000625
18900000000	1001534
19000000000	1000523
19100000000	1001237
19200000000	1001330
19300000000	1001005
19400000000	1000592
19500000000	1000303
19600000000	1002279
19700000000	1000785
19800000000	999412
19900000000	1001382
20000000000	1002057
20100000000	1001158
20200000000	1003820
20300000000	1002840
20400000000	1000156
20500000000	999673
20600000000	1001671
20700000000	1000156
20800000000	1002264
20900000000	1000973
21000000000	1002506
21100000000	1000672
21200000000	1000574
21300000000	1001896
21400000000	1001740
21500000000	1001572
21600000000	1001412
21700000000	1000129
21800000000	1002705
21900000000	1002769
22000000000	1002678
22100000000	1000451
22200000000	1001562
22300000000	1001603
22400000000	999746
22500000000	1001361
22600000000	1002778
22700000000	1001416
22800000000	999677
22900000000	1002937
23000000000	999963
23100000000	999995
23200000000	1002393
23300000000	1001649
23400000000	1000491
23500000000	1003467
23600000000	1000954
23700000000	999741
23800000000	1001078
23900000000	1001129
24000000000	1000514
24100000000	1000765
24200000000	1000127
24300000000	1000955
24400000000	1000626
24500000000	998758
24600000000	1002628
24700000000	1002142
24800000000	1001281
24900000000	999180
25000000000	1001479
25100000000	1000741
25200000000	997824
25300000000	999954
25400000000	998762
25500000000	998749
25600000000	998711
25700000000	996488
25800000000	998369
25900000000	997239
26000000000	999885
26100000000	999506
26200000000	999111
26300000000	1000486
26400000000	998317
26500000000	998655
26600000000	997616
26700000000	997899
26800000000	998470
26900000000	999885
27000000000	998201
27100000000	998964
27200000000	999233
27300000000	998111
27400000000	999532
27500000000	997398
27600000000	998107
27700000000	997954
27800000000	998996
27900000000	997789
28000000000	996743
28100000000	998433
28200000000	999105
28300000000	998195
28400000000	998209
28500000000	997510
28600000000	997943
28700000000	999966
28800000000	998031
28900000000	999927
29000000000	999178
29100000000	997388
29200000000	998398
29300000000	998351
29400000000	997868
29500000000	998210
29600000000	998710
29700000000	999885
29800000000	998464
29900000000	998044
30000000000	996782
30100000000	997877
30200000000	997441
30300000000	998633
30400000000	999463
30500000000	998971
30600000000	996611
30700000000	997282
30800000000	997221
30900000000	998710
31000000000	998503
31100000000	999881
31200000000	998156
31300000000	996831
31400000000	999327
31500000000	996226
31600000000	999560
31700000000	999731
31800000000	996013
31900000000	997429
32000000000	999405
32100000000	998532
32200000000	998339
32300000000	998291
32400000000	995452
32500000000	997589
32600000000	997444
32700000000	998891
32800000000	998194
32900000000	998307
33000000000	997563
33100000000	998406
33200000000	998004
33300000000	997949
33400000000	998263
33500000000	997209
33600000000	997537
33700000000	998198
33800000000	997318
33900000000	998880
34000000000	998883
34100000000	996955
34200000000	997277
34300000000	997883
34400000000	996872
34500000000	998270
34600000000	999166
34700000000	996750
34800000000	997184
34900000000	996521
35000000000	997025
35100000000	1000638
35200000000	996080
35300000000	998401
35400000000	998487
35500000000	997304
35600000000	999543
35700000000	999547
35800000000	997030
35900000000	998568
36000000000	998892
36100000000	997875
36200000000	996648
36300000000	997932
36400000000	998485
36500000000	998019
36600000000	998618
36700000000	996860
36800000000	997929
36900000000	1000074
37000000000	996980
37100000000	998974
37200000000	996911
37300000000	996702
37400000000	995077
37500000000	995898
37600000000	996727
37700000000	998215
37800000000	998979
37900000000	996941
38000000000	995944
38100000000	995810
38200000000	999962
38300000000	998433
38400000000	998919
38500000000	998539
38600000000	997140
38700000000	997794
38800000000	998060
38900000000	998423
39000000000	997096
39100000000	997278
39200000000	998725
39300000000	998334
39400000000	998887
39500000000	997026
39600000000	998729
39700000000	998880
39800000000	996717
39900000000	996519
40000000000	997523
40100000000	998074
40200000000	998252
40300000000	996601
40400000000	998152
40500000000	997997
40600000000	997599
40700000000	998256
40800000000	997348
40900000000	998684
41000000000	997771
41100000000	998394
41200000000	998110
41300000000	998199
41400000000	997696
41500000000	1000655
41600000000	998994
41700000000	998036
41800000000	996771
41900000000	998243
42000000000	998909
42100000000	998693
42200000000	999208
42300000000	997221
42400000000	999124
42500000000	997217
42600000000	998700
42700000000	999450
42800000000	995762
42900000000	996622
43000000000	998717
43100000000	998171
43200000000	996063
43300000000	998296
43400000000	996639
43500000000	997885
43600000000	997347
43700000000	998121
43800000000	998807
43900000000	997888
44000000000	997869
44100000000	994897
44200000000	997632
44300000000	997930
44400000000	997600
44500000000	997904
44600000000	996928
44700000000	998974
44800000000	998428
44900000000	998616
45000000000	997881
45100000000	997975
45200000000	998383
45300000000	997715
45400000000	999065
45500000000	997106
45600000000	998120
45700000000	997142
45800000000	997322
45900000000	999373
46000000000	997149
46100000000	997759
46200000000	997774
46300000000	997271
46400000000	998114
46500000000	999280
46600000000	997134
46700000000	998054
46800000000	997441
46900000000	997877
47000000000	997080
47100000000	999346
47200000000	999668
47300000000	997613
47400000000	997908
47500000000	998252
47600000000	1000180
47700000000	996914
47800000000	995921
47900000000	997633
48000000000	997869
48100000000	996612
48200000000	998206
48300000000	997420
48400000000	998646
48500000000	997196
48600000000	998238
48700000000	997708
48800000000	996694
48900000000	999112
49000000000	998543
49100000000	997729
49200000000	998203
49300000000	999353
49400000000	996126
49500000000	995364
49600000000	996968
49700000000	998657
49800000000	998431
49900000000	998886
50000000000	999680
50100000000	1000548
50200000000	998339
50300000000	1000837
50400000000	1000632
50500000000	999100
50600000000	1000717
50700000000	999931
50800000000	1000640
50900000000	1000119
51000000000	999560
51100000000	1000193
51200000000	1000425
51300000000	1000210
51400000000	1001354
51500000000	1000711
51600000000	998907
51700000000	1000454
51800000000	1000484
51900000000	1001257
52000000000	1000254
52100000000	1001062
52200000000	1000121
52300000000	999872
52400000000	1000015
52500000000	999431
52600000000	1000564
52700000000	1000608
52800000000	1002044
52900000000	1000712
53000000000	1001685
53100000000	1000455
53200000000	1000171
53300000000	1001436
53400000000	1001939
53500000000	1001877
53600000000	1001490
53700000000	1001094
53800000000	1000830
53900000000	1000926
54000000000	1002591
54100000000	1001500
54200000000	1001680
54300000000	1001540
54400000000	1001168
54500000000	999062
54600000000	1000276
54700000000	1001486
54800000000	1000715
54900000000	998402
55000000000	1002021
55100000000	1000550
55200000000	1000645
55300000000	1001335
55400000000	1000998
55500000000	999885
55600000000	1000942
55700000000	997768
55800000000	1001248
55900000000	1000700
56000000000	1001821
56100000000	1001403
56200000000	1001145
56300000000	1001817
56400000000	1001063
56500000000	1000972
56600000000	1001446
56700000000	1000980
56800000000	1000099
56900000000	1000304
57000000000	1001028
57100000000	1000376
57200000000	999640
57300000000	1000844
57400000000	1002405
57500000000	1000462
57600000000	1001282
57700000000	1000945
57800000000	1000161
57900000000	1000993
58000000000	1000253
58100000000	1001349
58200000000	1000496
58300000000	1000623
58400000000	1001332
58500000000	1000312
58600000000	1001015
58700000000	1000001
58800000000	1000300
58900000000	1000107
59000000000	1000758
59100000000	1001059
59200000000	999881
59300000000	1002810
59400000000	1001975
59500000000	998999
59600000000	1001556
59700000000	1002153
59800000000	1000157
59900000000	1001102
60000000000	1002228
60100000000	1001390
60200000000	1000649
60300000000	1002529
60400000000	999709
60500000000	1002483
60600000000	1001355
60700000000	1000370
60800000000	1001472
60900000000	1001193
61000000000	1001813
61100000000	1001917
61200000000	1000100
61300000000	1002374
61400000000	1001750
61500000000	1000923
61600000000	1000883
61700000000	1002156
61800000000	1002284
61900000000	1001991
62000000000	1001992
62100000000	999061
62200000000	1001293
62300000000	1000950
62400000000	1000246
62500000000	1001385
62600000000	1001607
62700000000	1000859
62800000000	999820
62900000000	1001123
63000000000	1000471
63100000000	1001883
63200000000	999734
63300000000	1002190
63400000000	1000728
63500000000	1000483
63600000000	999900
63700000000	999764
63800000000	1000985
63900000000	1001033
64000000000	1000872
64100000000	1001561
64200000000	1000679
64300000000	1002276
64400000000	1000386
64500000000	1000763
64600000000	1000802
64700000000	1001269
64800000000	1000329
64900000000	1000442
65000000000	1000493
65100000000	1003002
65200000000	1001131
65300000000	998143
65400000000	1000910
65500000000	1000410
65600000000	1000445
65700000000	999773
65800000000	1001766
65900000000	1000939
66000000000	1000392
66100000000	999921
66200000000	1000981
66300000000	999904
66400000000	1001309
66500000000	999873
66600000000	1001703
66700000000	999818
66800000000	1001207
66900000000	1001932
67000000000	1000328
67100000000	1001399
67200000000	1000999
67300000000	1001113
67400000000	1000310
67500000000	999516
67600000000	999918
67700000000	1001049
67800000000	1000186
67900000000	999920
68000000000	1000940
68100000000	1000451
68200000000	1001521
68300000000	998051
68400000000	1000983
68500000000	998830
68600000000	1001338
68700000000	1000586
68800000000	1000219
68900000000	1001168
69000000000	1000119
69100000000	1000645
69200000000	1000861
69300000000	1000481
69400000000	1000297
69500000000	1000057
69600000000	1001278
69700000000	1000719
69800000000	998601
69900000000	1000925
70000000000	1001695
70100000000	1000840
70200000000	1003334
70300000000	1002248
70400000000	999564
70500000000	999361
70600000000	1001204
70700000000	999734
70800000000	1001814
70900000000	1000495
71000000000	1001777
71100000000	1000304
71200000000	1000279
71300000000	1001511
71400000000	1000790
71500000000	1001319
71600000000	1000686
71700000000	999910
71800000000	1002076
71900000000	1002225
72000000000	1002431
72100000000	1000127
72200000000	1000763
72300000000	1001291
72400000000	999323
72500000000	1000891
72600000000	1002168
72700000000	1001020
72800000000	999481
72900000000	1001981
73000000000	999715
73100000000	999607
73200000000	1001671
73300000000	1001204
73400000000	1000230
73500000000	1002582
73600000000	1001067
73700000000	998877
73800000000	1000661
73900000000	1000508
74000000000	1000260
74100000000	1000183
74200000000	999756
74300000000	1000316
74400000000	1000211
74500000000	998385
74600000000	1002143
74700000000	1001680
74800000000	1000970
74900000000	998287
75000000000	1001092
75100000000	1000369
75200000000	997291
75300000000	999240
75400000000	998718
75500000000	998077
75600000000	998416
75700000000	995983
75800000000	997941
75900000000	996708
76000000000	999431
76100000000	998840
76200000000	998914
76300000000	1000140
76400000000	997525
76500000000	998277
76600000000	997142
76700000000	997254
76800000000	998142
76900000000	999390
77000000000	998109
77100000000	998168
77200000000	998695
77300000000	997567
77400000000	999364
77500000000	997015
77600000000	997270
77700000000	997461
77800000000	998838
77900000000	997088
78000000000	996415
78100000000	997602
78200000000	998928
78300000000	997626
78400000000	997701
78500000000	997538
78600000000	997500
78700000000	999588
78800000000	997482
78900000000	999272
79000000000	998558
79100000000	997042
79200000000	997707
79300000000	998176
79400000000	997455
79500000000	997360
79600000000	998430
79700000000	999748
79800000000	997764
79900000000	997407
80000000000	996428
80100000000	997490
80200000000	997038
80300000000	997811
80400000000	999148
80500000000	998519
80600000000	996130
80700000000	996826
80800000000	997105
80900000000	997981
81000000000	998289
81100000000	999141
81200000000	997624
81300000000	996654
81400000000	998514
81500000000	995853
81600000000	999133
81700000000	999383
81800000000	995591
81900000000	997092
82000000000	998783
82100000000	997622
82200000000	998267
82300000000	997849
82400000000	995132
82500000000	997011
82600000000	996981
82700000000	997956
82800000000	997762
82900000000	998089
83000000000	996661
83100000000	998204
83200000000	997414
83300000000	997708
83400000000	997973
83500000000	996533
83600000000	997196
83700000000	997686
83800000000	997110
83900000000	998168
84000000000	998611
84100000000	996362
84200000000	996621
84300000000	997567
84400000000	996586
84500000000	997453
84600000000	998439
84700000000	996562
84800000000	996632
84900000000	996173
85000000000	996815
85100000000	999990
85200000000	995876
85300000000	997470
85400000000	998133
85500000000	996896
85600000000	998686
85700000000	999254
85800000000	996763
85900000000	998311
86000000000	998045
86100000000	997809
86200000000	995856
86300000000	997748
86400000000	997966
86500000000	997568
86600000000	998306
86700000000	996089
86800000000	997353
86900000000	999879
87000000000	996285
87100000000	998580
87200000000	996619
87300000000	995890
87400000000	994815
87500000000	995357
87600000000	996605
87700000000	997589
87800000000	998566
87900000000	996379
88000000000	995405
88100000000	995474
88200000000	999104
88300000000	998173
88400000000	998420
88500000000	998077
88600000000	996873
88700000000	997452
88800000000	997807
88900000000	997386
89000000000	996884
89100000000	996625
89200000000	998411
89300000000	997746
89400000000	998321
89500000000	996819
89600000000	998083
89700000000	998651
89800000000	996350
89900000000	996123
90000000000	996735
90100000000	997852
90200000000	997541
90300000000	996619
90400000000	997421
90500000000	997840
90600000000	996911
90700000000	997614
90800000000	996996
90900000000	998283
91000000000	997498
91100000000	997473
91200000000	997580
91300000000	997983
91400000000	997269
91500000000	999940
91600000000	998804
91700000000	997446
91800000000	996562
91900000000	997660
92000000000	998350
92100000000	998058
92200000000	998674
92300000000	997005
92400000000	998686
92500000000	996587
92600000000	998362
92700000000	998955
92800000000	995436
92900000000	996194
93000000000	997921
93100000000	997880
93200000000	995719
93300000000	997427
93400000000	996430
93500000000	997363
93600000000	996821
93700000000	997567
93800000000	998484
93900000000	997532
94000000000	997140
94100000000	994594
94200000000	997315
94300000000	997435
94400000000	997110
94500000000	997449
94600000000	996479
94700000000	998315
94800000000	998121
94900000000	998339
95000000000	997144
95100000000	997412
95200000000	997745
95300000000	997676
95400000000	998632
95500000000	996679
95600000000	997478
95700000000	996682
95800000000	997000
95900000000	998564
96000000000	996850
96100000000	997451
96200000000	997343
96300000000	996462
96400000000	997917
96500000000	998789
96600000000	996581
96700000000	997879
96800000000	996926
96900000000	997317
97000000000	996764
97100000000	998465
97200000000	999417
97300000000	997224
97400000000	997302
97500000000	997788
97600000000	999312
97700000000	996651
97800000000	995520
97900000000	997288
98000000000	997269
98100000000	996185
98200000000	997575
98300000000	996985
98400000000	998228
98500000000	996640
98600000000	997913
98700000000	997346
98800000000	996078
98900000000	998818
99000000000	998040
99100000000	997373
99200000000	997394
99300000000	998912
99400000000	995779
99500000000	995093
99600000000	996586
99700000000	997784
99800000000	998121
99900000000	998176
