"Time (ps)"	"Counts per bin"
0	2077280
100000000	2080193
200000000	2078609
300000000	2078698
400000000	2078388
500000000	2077627
600000000	2079052
700000000	2078804
800000000	2081771
900000000	2077818
1000000000	2078765
1100000000	2079528
1200000000	2076605
1300000000	2078213
1400000000	2077395
1500000000	2078504
1600000000	2076695
1700000000	2078615
1800000000	2075325
1900000000	2077448
2000000000	2075090
2100000000	2079852
2200000000	2076560
2300000000	2075802
2400000000	2079054
2500000000	2076502
2600000000	2076312
2700000000	2077425
2800000000	2077653
2900000000	2073982
3000000000	2076431
3100000000	2076696
3200000000	2076703
3300000000	2078279
3400000000	2076543
3500000000	2076120
3600000000	2076727
3700000000	2077533
3800000000	2076142
3900000000	2077519
4000000000	2075396
4100000000	2077365
4200000000	2078453
4300000000	2075878
4400000000	2077234
4500000000	2077865
4600000000	2077118
4700000000	2076192
4800000000	2075889
4900000000	2075538
5000000000	2072967
5100000000	2076878
5200000000	2078889
5300000000	2078772
5400000000	2078354
5500000000	2078779
5600000000	2077199
5700000000	2076969
5800000000	2075268
5900000000	2073878
6000000000	2078964
6100000000	2074900
6200000000	2077747
6300000000	2077354
6400000000	2077154
6500000000	2078863
6600000000	2075246
6700000000	2074804
6800000000	2078272
6900000000	2075471
7000000000	2077581
7100000000	2077464
7200000000	2078193
7300000000	2079993
7400000000	2077333
7500000000	2077195
7600000000	2079826
7700000000	2073388
7800000000	2077224
7900000000	2076805
8000000000	2076039
8100000000	2077336
8200000000	2078255
8300000000	2078208
8400000000	2075764
8500000000	2078063
8600000000	2075966
8700000000	2077646
8800000000	2075734
8900000000	2077694
9000000000	2076125
9100000000	2076146
9200000000	2076602
9300000000	2075093
9400000000	2079350
9500000000	2074692
9600000000	2076124
9700000000	2076270
9800000000	2078758
9900000000	2077320
10000000000	2077368
10100000000	2078410
10200000000	2076210
10300000000	2075783
10400000000	2079131
10500000000	2075525
10600000000	2078798
10700000000	2077902
10800000000	2076567
10900000000	2077419
11000000000	2077363
11100000000	2076710
11200000000	2077754
11300000000	2078072
11400000000	2076230
11500000000	2074596
11600000000	2078319
11700000000	2074679
11800000000	2077125
11900000000	2077358
12000000000	2077867
12100000000	2075830
12200000000	2078428
12300000000	2077085
12400000000	2078371
12500000000	2075777
12600000000	2076820
12700000000	2076864
12800000000	2076663
12900000000	2077212
13000000000	2077064
13100000000	2075656
13200000000	2077532
13300000000	2075625
13400000000	2075964
13500000000	2078094
13600000000	2077769
13700000000	2075462
13800000000	2075666
13900000000	2078102
14000000000	2075911
14100000000	2078042
14200000000	2077331
14300000000	2076130
14400000000	2077520
14500000000	2077603
14600000000	2078484
14700000000	2079829
14800000000	2077293
14900000000	2077835
15000000000	2079107
15100000000	2078868
15200000000	2077489
15300000000	2078255
15400000000	2078079
15500000000	2079021
15600000000	2079023
15700000000	2079206
15800000000	2079774
15900000000	2078164
16000000000	2080151
16100000000	2077606
16200000000	2075305
16300000000	2078840
16400000000	2079427
16500000000	2077257
16600000000	2076787
16700000000	2077297
16800000000	2073688
16900000000	2078944
17000000000	2075325
17100000000	2077829
17200000000	2077792
17300000000	2077847
17400000000	2077955
17500000000	2076440
17600000000	2078011
17700000000	2076377
17800000000	2077075
17900000000	2077376
18000000000	2077096
18100000000	2077440
18200000000	2076858
18300000000	2077786
18400000000	2074516
18500000000	2078293
18600000000	2077183
18700000000	2078181
18800000000	2078162
18900000000	2078769
19000000000	2076290
19100000000	2076514
19200000000	2076047
19300000000	2076003
19400000000	2077720
19500000000	2077795
19600000000	2079628
19700000000	2075700
19800000000	2076804
19900000000	2076157
20000000000	2075517
20100000000	2075805
20200000000	2074951
20300000000	2075774
20400000000	2078204
20500000000	2076918
20600000000	2078613
20700000000	2075186
20800000000	2076859
20900000000	2075016
21000000000	2079657
21100000000	2079236
21200000000	2077819
21300000000	2078260
21400000000	2078450
21500000000	2075933
21600000000	2077379
21700000000	2077706
21800000000	2078054
21900000000	2076719
22000000000	2077657
22100000000	2080555
22200000000	2079489
22300000000	2079365
22400000000	2079862
22500000000	2077771
22600000000	2078893
22700000000	2077755
22800000000	2077161
22900000000	2075826
23000000000	2077355
23100000000	2077257
23200000000	2077249
23300000000	2078400
23400000000	2077478
23500000000	2079065
23600000000	2078721
23700000000	2076979
23800000000	2074764
23900000000	2075742
24000000000	2076903
24100000000	2077229
24200000000	2077299
24300000000	2076319
24400000000	2080074
24500000000	2076088
24600000000	2073729
24700000000	2077317
24800000000	2077520
24900000000	2078230
25000000000	2078012
25100000000	2078195
25200000000	2077576
25300000000	2076836
25400000000	2075588
25500000000	2076849
25600000000	2076649
25700000000	2080035
25800000000	2075282
25900000000	2075369
26000000000	2074046
26100000000	2077052
26200000000	2076328
26300000000	2078365
26400000000	2073480
26500000000	2075160
26600000000	2074293
26700000000	2078257
26800000000	2075352
26900000000	2076391
27000000000	2078423
27100000000	2078319
27200000000	2077330
27300000000	2075820
27400000000	2075298
27500000000	2075921
27600000000	2073702
27700000000	2076162
27800000000	2076485
27900000000	2077033
28000000000	2075893
28100000000	2077393
28200000000	2079384
28300000000	2077084
28400000000	2078233
28500000000	2075485
28600000000	2073502
28700000000	2076518
28800000000	2075452
28900000000	2077141
29000000000	2077178
29100000000	2078711
29200000000	2075574
29300000000	2076272
29400000000	2075871
29500000000	2076630
29600000000	2077567
29700000000	2073056
29800000000	2075901
29900000000	2076359
30000000000	2076876
30100000000	2075050
30200000000	2076387
30300000000	2073202
30400000000	2076984
30500000000	2076555
30600000000	2076383
30700000000	2073090
30800000000	2076342
30900000000	2077448
31000000000	2074804
31100000000	2073789
31200000000	2075055
31300000000	2075971
31400000000	2076451
31500000000	2073536
31600000000	2074610
31700000000	2076252
31800000000	2076730
31900000000	2075354
32000000000	2077180
32100000000	2077015
32200000000	2077073
32300000000	2075517
32400000000	2074289
32500000000	2076480
32600000000	2076435
32700000000	2074204
32800000000	2077362
32900000000	2075060
33000000000	2074309
33100000000	2075464
33200000000	2077038
33300000000	2074858
33400000000	2075032
33500000000	2074450
33600000000	2074725
33700000000	2075386
33800000000	2075611
33900000000	2076041
34000000000	2075802
34100000000	2075556
34200000000	2076320
34300000000	2075070
34400000000	2074253
34500000000	2075136
34600000000	2073656
34700000000	2078118
34800000000	2074105
34900000000	2076025
35000000000	2076454
35100000000	2075816
35200000000	2074936
35300000000	2077446
35400000000	2075394
35500000000	2077491
35600000000	2076826
35700000000	2075683
35800000000	2075070
35900000000	2074884
36000000000	2080220
36100000000	2080069
36200000000	2076752
36300000000	2077769
36400000000	2074801
36500000000	2076306
36600000000	2075541
36700000000	2074864
36800000000	2075709
36900000000	2076972
37000000000	2076791
37100000000	2074535
37200000000	2076062
37300000000	2076500
37400000000	2076904
37500000000	2075416
37600000000	2076107
37700000000	2076762
37800000000	2076657
37900000000	2075275
38000000000	2072830
38100000000	2074200
38200000000	2073496
38300000000	2076177
38400000000	2071675
38500000000	2076056
38600000000	2075780
38700000000	2076121
38800000000	2072897
38900000000	2074949
39000000000	2074531
39100000000	2074621
39200000000	2074957
39300000000	2078643
39400000000	2072811
39500000000	2075890
39600000000	2076530
39700000000	2077552
39800000000	2075305
39900000000	2074959
40000000000	2077876
40100000000	2075962
40200000000	2076929
40300000000	2075311
40400000000	2074687
40500000000	2074332
40600000000	2076574
40700000000	2077055
40800000000	2075528
40900000000	2077972
41000000000	2076311
41100000000	2075211
41200000000	2073720
41300000000	2075347
41400000000	2074515
41500000000	2075599
41600000000	2073380
41700000000	2074223
41800000000	2073797
41900000000	2078098
42000000000	2074250
42100000000	2077425
42200000000	2074582
42300000000	2074283
42400000000	2074121
42500000000	2076065
42600000000	2073029
42700000000	2077171
42800000000	2075720
42900000000	2075494
43000000000	2076832
43100000000	2074940
43200000000	2076946
43300000000	2072235
43400000000	2077124
43500000000	2076348
43600000000	2076262
43700000000	2075586
43800000000	2075678
43900000000	2076506
44000000000	2075933
44100000000	2076768
44200000000	2076528
44300000000	2078209
44400000000	2077232
44500000000	2076059
44600000000	2078442
44700000000	2076076
44800000000	2073962
44900000000	2075951
45000000000	2075679
45100000000	2075432
45200000000	2072605
45300000000	2076210
45400000000	2077222
45500000000	2072694
45600000000	2075240
45700000000	2076752
45800000000	2075022
45900000000	2075257
46000000000	2076134
46100000000	2075443
46200000000	2076056
46300000000	2075226
46400000000	2075830
46500000000	2075747
46600000000	2077058
46700000000	2075415
46800000000	2074786
46900000000	2075873
47000000000	2077481
47100000000	2078365
47200000000	2078044
47300000000	2077091
47400000000	2074391
47500000000	2076880
47600000000	2075034
47700000000	2075155
47800000000	2078324
47900000000	2076301
48000000000	2075328
48100000000	2075698
48200000000	2074970
48300000000	2075758
48400000000	2075742
48500000000	2074988
48600000000	2076583
48700000000	2073926
48800000000	2074106
48900000000	2074316
49000000000	2074787
49100000000	2074552
49200000000	2077031
49300000000	2077298
49400000000	2074966
49500000000	2074530
49600000000	2074688
49700000000	2073961
49800000000	2074498
49900000000	2076893
50000000000	2077326
50100000000	2079659
50200000000	2077991
50300000000	2078476
50400000000	2077256
50500000000	2077227
50600000000	2077853
50700000000	2078621
50800000000	2080751
50900000000	2077399
51000000000	2078180
51100000000	2079028
51200000000	2075672
51300000000	2077732
51400000000	2076465
51500000000	2078243
51600000000	2076352
51700000000	2077495
51800000000	2074980
51900000000	2076745
52000000000	2074446
52100000000	2078966
52200000000	2076210
52300000000	2075361
52400000000	2078150
52500000000	2075448
52600000000	2075901
52700000000	2076998
52800000000	2076762
52900000000	2073760
53000000000	2075684
53100000000	2076230
53200000000	2075976
53300000000	2077589
53400000000	2075949
53500000000	2075133
53600000000	2076180
53700000000	2077128
53800000000	2075546
53900000000	2076791
54000000000	2075078
54100000000	2076754
54200000000	2077480
54300000000	2075220
54400000000	2076700
54500000000	2077033
54600000000	2076603
54700000000	2075311
54800000000	2075509
54900000000	2074837
55000000000	2072728
55100000000	2075902
55200000000	2078450
55300000000	2078085
55400000000	2077209
55500000000	2078382
55600000000	2077243
55700000000	2076366
55800000000	2074599
55900000000	2073025
56000000000	2078147
56100000000	2074189
56200000000	2077362
56300000000	2076561
56400000000	2076573
56500000000	2078037
56600000000	2074914
56700000000	2073660
56800000000	2078062
56900000000	2075004
57000000000	2076496
57100000000	2077310
57200000000	2077238
57300000000	2079572
57400000000	2076708
57500000000	2076225
57600000000	2078963
57700000000	2073530
57800000000	2076386
57900000000	2076216
58000000000	2075595
58100000000	2076215
58200000000	2077683
58300000000	2077362
58400000000	2075103
58500000000	2078087
58600000000	2074775
58700000000	2077375
58800000000	2074576
58900000000	2077422
59000000000	2075183
59100000000	2075696
59200000000	2076017
59300000000	2074491
59400000000	2078326
59500000000	2074497
59600000000	2075173
59700000000	2076023
59800000000	2077851
59900000000	2076541
60000000000	2076742
60100000000	2077972
60200000000	2075916
60300000000	2074999
60400000000	2078338
60500000000	2074836
60600000000	2078483
60700000000	2076703
60800000000	2076658
60900000000	2076539
61000000000	2076703
61100000000	2075709
61200000000	2077489
61300000000	2077582
61400000000	2075180
61500000000	2074451
61600000000	2077191
61700000000	2074200
61800000000	2076627
61900000000	2076284
62000000000	2077280
62100000000	2075048
62200000000	2078064
62300000000	2076540
62400000000	2078022
62500000000	2074819
62600000000	2076532
62700000000	2075501
62800000000	2076429
62900000000	2076457
63000000000	2076473
63100000000	2075252
63200000000	2076870
63300000000	2074651
63400000000	2075829
63500000000	2077144
63600000000	2077252
63700000000	2074883
63800000000	2074786
63900000000	2077366
64000000000	2075958
64100000000	2077462
64200000000	2076173
64300000000	2075621
64400000000	2076441
64500000000	2077322
64600000000	2077419
64700000000	2079583
64800000000	2076713
64900000000	2076966
65000000000	2078487
65100000000	2078607
65200000000	2076991
65300000000	2077345
65400000000	2077713
65500000000	2078259
65600000000	2078558
65700000000	2078700
65800000000	2078777
65900000000	2078003
66000000000	2078810
66100000000	2077516
66200000000	2074336
66300000000	2078269
66400000000	2078660
66500000000	2076645
66600000000	2075861
66700000000	2077150
66800000000	2073126
66900000000	2078428
67000000000	2074699
67100000000	2076760
67200000000	2077098
67300000000	2077738
67400000000	2076885
67500000000	2076162
67600000000	2076984
67700000000	2075787
67800000000	2076857
67900000000	2076463
68000000000	2076698
68100000000	2076404
68200000000	2076687
68300000000	2077097
68400000000	2073643
68500000000	2078146
68600000000	2075801
68700000000	2077677
68800000000	2077663
68900000000	2078367
69000000000	2075365
69100000000	2076164
69200000000	2075433
69300000000	2075196
69400000000	2076701
69500000000	2078109
69600000000	2078331
69700000000	2075328
69800000000	2076154
69900000000	2075153
70000000000	2074931
70100000000	2074967
70200000000	2074808
70300000000	2074674
70400000000	2077702
70500000000	2076638
70600000000	2077836
70700000000	2074553
70800000000	2076655
70900000000	2073664
71000000000	2079301
71100000000	2078963
71200000000	2077239
71300000000	2077674
71400000000	2077485
71500000000	2075728
71600000000	2076099
71700000000	2077416
71800000000	2076910
71900000000	2076575
72000000000	2076880
72100000000	2079829
72200000000	2079292
72300000000	2078109
72400000000	2079434
72500000000	2077248
72600000000	2078388
72700000000	2076925
72800000000	2076735
72900000000	2074958
73000000000	2077130
73100000000	2076419
73200000000	2076654
73300000000	2077832
73400000000	2076588
73500000000	2078350
73600000000	2078308
73700000000	2076412
73800000000	2073875
73900000000	2075610
74000000000	2076111
74100000000	2076240
74200000000	2076910
74300000000	2075554
74400000000	2079233
74500000000	2076266
74600000000	2072727
74700000000	2076791
74800000000	2076779
74900000000	2077683
75000000000	2077251
75100000000	2077663
75200000000	2076726
75300000000	2076441
75400000000	2074967
75500000000	2076311
75600000000	2076033
75700000000	2078826
75800000000	2075067
75900000000	2074450
76000000000	2073810
76100000000	2076072
76200000000	2076254
76300000000	2076753
76400000000	2073964
76500000000	2074338
76600000000	2073325
76700000000	2077843
76800000000	2074175
76900000000	2075961
77000000000	2078145
77100000000	2076933
77200000000	2077156
77300000000	2075215
77400000000	2074616
77500000000	2075300
77600000000	2072699
77700000000	2075791
77800000000	2075814
77900000000	2076727
78000000000	2075144
78100000000	2076480
78200000000	2078787
78300000000	2076451
78400000000	2077937
78500000000	2074871
78600000000	2072927
78700000000	2075585
78800000000	2074921
78900000000	2076288
79000000000	2076558
79100000000	2077608
79200000000	2075623
79300000000	2075410
79400000000	2075263
79500000000	2075675
79600000000	2077283
79700000000	2072168
79800000000	2075203
79900000000	2075886
80000000000	2076298
80100000000	2074418
80200000000	2075712
80300000000	2072761
80400000000	2075812
80500000000	2076438
80600000000	2075823
80700000000	2072208
80800000000	2076102
80900000000	2076164
81000000000	2074554
81100000000	2073035
81200000000	2074166
81300000000	2075880
81400000000	2075691
81500000000	2072922
81600000000	2073458
81700000000	2076009
81800000000	2075982
81900000000	2074940
82000000000	2076700
82100000000	2076153
82200000000	2076361
82300000000	2074940
82400000000	2073645
82500000000	2075875
82600000000	2075717
82700000000	2073179
82800000000	2077111
82900000000	2074861
83000000000	2072970
83100000000	2075333
83200000000	2076194
83300000000	2074390
83400000000	2074210
83500000000	2073859
83600000000	2074373
83700000000	2074427
83800000000	2074921
83900000000	2075578
84000000000	2075339
84100000000	2074526
84200000000	2075958
84300000000	2074373
84400000000	2073696
84500000000	2074286
84600000000	2073217
84700000000	2077112
84800000000	2073448
84900000000	2075935
85000000000	2075746
85100000000	2075028
85200000000	2074396
85300000000	2076304
85400000000	2075175
85500000000	2076864
85600000000	2075991
85700000000	2075241
85800000000	2074275
85900000000	2074276
86000000000	2079101
86100000000	2079520
86200000000	2076183
86300000000	2076999
86400000000	2074581
86500000000	2075603
86600000000	2074768
86700000000	2074412
86800000000	2075041
86900000000	2076075
87000000000	2075979
87100000000	2074358
87200000000	2075069
87300000000	2076036
87400000000	2076443
87500000000	2075122
87600000000	2075367
87700000000	2075981
87800000000	2075282
87900000000	2075565
88000000000	2071574
88100000000	2073836
88200000000	2073092
88300000000	2075248
88400000000	2071484
88500000000	2075497
88600000000	2074801
88700000000	2075724
88800000000	2072282
88900000000	2073966
89000000000	2074087
89100000000	2073842
89200000000	2074262
89300000000	2078090
89400000000	2072259
89500000000	2074949
89600000000	2076062
89700000000	2077169
89800000000	2074306
89900000000	2074523
90000000000	2077248
90100000000	2075523
90200000000	2075817
90300000000	2074762
90400000000	2074106
90500000000	2074022
90600000000	2075291
90700000000	2076544
90800000000	2075090
90900000000	2077695
91000000000	2075266
91100000000	2074668
91200000000	2072643
91300000000	2074828
91400000000	2074188
91500000000	2074760
91600000000	2072987
91700000000	2073562
91800000000	2073179
91900000000	2077069
92000000000	2073916
92100000000	2076827
92200000000	2074108
92300000000	2073545
92400000000	2073456
92500000000	2075662
92600000000	2072420
92700000000	2076508
92800000000	2075015
92900000000	2074763
93000000000	2076369
93100000000	2074102
93200000000	2076336
93300000000	2071818
93400000000	2076467
93500000000	2075450
93600000000	2075997
93700000000	2074490
93800000000	2075295
93900000000	2075858
94000000000	2075499
94100000000	2076351
94200000000	2075822
94300000000	2077158
94400000000	2076992
94500000000	2075534
94600000000	2077570
94700000000	2075051
94800000000	2073534
94900000000	2075396
95000000000	2075427
95100000000	2075095
95200000000	2071572
95300000000	2075410
95400000000	2076769
95500000000	2072175
95600000000	2074771
95700000000	2075870
95800000000	2074165
95900000000	2074936
96000000000	2075402
96100000000	2074916
96200000000	2075284
96300000000	2074341
96400000000	2075765
96500000000	2074454
96600000000	2077154
96700000000	2074508
96800000000	2074293
96900000000	2074835
97000000000	2076493
97100000000	2078270
97200000000	2077496
97300000000	2076571
97400000000	2074001
97500000000	2075985
97600000000	2074810
97700000000	2073927
97800000000	2077755
97900000000	2075690
98000000000	2074853
98100000000	2074871
98200000000	2074561
98300000000	2075159
98400000000	2074930
98500000000	2073822
98600000000	2076537
98700000000	2073465
98800000000	2073748
98900000000	2073260
99000000000	2074235
99100000000	2073914
99200000000	2076352
99300000000	2076346
99400000000	2074815
99500000000	2074010
99600000000	2073854
99700000000	2073101
99800000000	2074263
99900000000	2076108
