"Time (ps)"	"Counts per bin"
0	3114588
100000000	3118536
200000000	3117958
300000000	3117599
400000000	3116050
500000000	3116016
600000000	3117358
700000000	3119159
800000000	3121145
900000000	3116040
1000000000	3118123
1100000000	3118328
1200000000	3113124
1300000000	3116527
1400000000	3114879
1500000000	3117189
1600000000	3116795
1700000000	3118045
1800000000	3114604
1900000000	3116083
2000000000	3113830
2100000000	3118654
2200000000	3114787
2300000000	3113885
2400000000	3117310
2500000000	3116955
2600000000	3114186
2700000000	3115322
2800000000	3117313
2900000000	3112926
3000000000	3115394
3100000000	3113865
3200000000	3115311
3300000000	3118340
3400000000	3114223
3500000000	3114183
3600000000	3115859
3700000000	3118321
3800000000	3113839
3900000000	3115856
4000000000	3114431
4100000000	3116053
4200000000	3116779
4300000000	3115289
4400000000	3116469
4500000000	3118336
4600000000	3116429
4700000000	3116476
4800000000	3115123
4900000000	3115244
5000000000	3111732
5100000000	3114903
5200000000	3116083
5300000000	3119272
5400000000	3116540
5500000000	3117056
5600000000	3117034
5700000000	3114928
5800000000	3112572
5900000000	3111239
6000000000	3121328
6100000000	3112826
6200000000	3116748
6300000000	3118292
6400000000	3115139
6500000000	3117292
6600000000	3112911
6700000000	3112615
6800000000	3118315
6900000000	3116144
7000000000	3116267
7100000000	3116385
7200000000	3117164
7300000000	3120026
7400000000	3116843
7500000000	3114738
7600000000	3118701
7700000000	3114479
7800000000	3115435
7900000000	3115604
8000000000	3114510
8100000000	3117516
8200000000	3115539
8300000000	3115237
8400000000	3114245
8500000000	3116646
8600000000	3115423
8700000000	3115863
8800000000	3113575
8900000000	3115572
9000000000	3115650
9100000000	3114010
9200000000	3115979
9300000000	3113170
9400000000	3118144
9500000000	3113541
9600000000	3115245
9700000000	3114848
9800000000	3116943
9900000000	3114683
10000000000	3115955
10100000000	3116898
10200000000	3115662
10300000000	3116976
10400000000	3117207
10500000000	3114636
10600000000	3116747
10700000000	3115793
10800000000	3116456
10900000000	3119371
11000000000	3117011
11100000000	3114607
11200000000	3116549
11300000000	3116571
11400000000	3115150
11500000000	3113060
11600000000	3115118
11700000000	3112381
11800000000	3115590
11900000000	3116247
12000000000	3117910
12100000000	3114363
12200000000	3116315
12300000000	3116371
12400000000	3115828
12500000000	3114526
12600000000	3118022
12700000000	3114819
12800000000	3114873
12900000000	3114414
13000000000	3115876
13100000000	3114387
13200000000	3117494
13300000000	3113079
13400000000	3114179
13500000000	3116464
13600000000	3114162
13700000000	3113660
13800000000	3113674
13900000000	3116763
14000000000	3114279
14100000000	3116306
14200000000	3115786
14300000000	3113148
14400000000	3114658
14500000000	3115440
14600000000	3117160
14700000000	3116253
14800000000	3115525
14900000000	3116929
15000000000	3117017
15100000000	3117573
15200000000	3115977
15300000000	3116392
15400000000	3115985
15500000000	3118016
15600000000	3116504
15700000000	3117346
15800000000	3118344
15900000000	3115224
16000000000	3117150
16100000000	3114863
16200000000	3113545
16300000000	3117403
16400000000	3119207
16500000000	3113782
16600000000	3115702
16700000000	3115811
16800000000	3111777
16900000000	3117741
17000000000	3111292
17100000000	3113806
17200000000	3116505
17300000000	3116476
17400000000	3114422
17500000000	3114553
17600000000	3115810
17700000000	3114261
17800000000	3114980
17900000000	3114914
18000000000	3115683
18100000000	3116569
18200000000	3113306
18300000000	3116296
18400000000	3113054
18500000000	3113949
18600000000	3114592
18700000000	3116144
18800000000	3116111
18900000000	3116423
19000000000	3113546
19100000000	3114408
19200000000	3113655
19300000000	3112152
19400000000	3117339
19500000000	3114963
19600000000	3118310
19700000000	3114716
19800000000	3113847
19900000000	3113908
20000000000	3113728
20100000000	3114383
20200000000	3111539
20300000000	3112234
20400000000	3114870
20500000000	3114337
20600000000	3115315
20700000000	3113245
20800000000	3113333
20900000000	3112922
21000000000	3116451
21100000000	3116143
21200000000	3114917
21300000000	3117269
21400000000	3115437
21500000000	3114460
21600000000	3116515
21700000000	3116298
21800000000	3115885
21900000000	3113195
22000000000	3114648
22100000000	3118281
22200000000	3117145
22300000000	3116328
22400000000	3119346
22500000000	3116931
22600000000	3117239
22700000000	3116308
22800000000	3113579
22900000000	3113273
23000000000	3115639
23100000000	3116021
23200000000	3113902
23300000000	3114863
23400000000	3115421
23500000000	3117438
23600000000	3117913
23700000000	3113552
23800000000	3111303
23900000000	3114280
24000000000	3114936
24100000000	3115874
24200000000	3115256
24300000000	3115153
24400000000	3117992
24500000000	3113726
24600000000	3111564
24700000000	3115981
24800000000	3116068
24900000000	3115543
25000000000	3114733
25100000000	3116541
25200000000	3114820
25300000000	3114953
25400000000	3112322
25500000000	3115203
25600000000	3115788
25700000000	3117805
25800000000	3111980
25900000000	3114588
26000000000	3112263
26100000000	3114926
26200000000	3114052
26300000000	3116843
26400000000	3111177
26500000000	3112574
26600000000	3110804
26700000000	3116445
26800000000	3113472
26900000000	3115472
27000000000	3115093
27100000000	3115187
27200000000	3116055
27300000000	3113808
27400000000	3114225
27500000000	3113273
27600000000	3110606
27700000000	3113081
27800000000	3113019
27900000000	3116912
28000000000	3114204
28100000000	3117406
28200000000	3118694
28300000000	3114451
28400000000	3116193
28500000000	3112517
28600000000	3112203
28700000000	3113667
28800000000	3110995
28900000000	3113692
29000000000	3116009
29100000000	3117403
29200000000	3114234
29300000000	3114419
29400000000	3112196
29500000000	3113170
29600000000	3115610
29700000000	3110061
29800000000	3112243
29900000000	3114681
30000000000	3115221
30100000000	3113576
30200000000	3113430
30300000000	3110254
30400000000	3115266
30500000000	3115152
30600000000	3113643
30700000000	3109858
30800000000	3114321
30900000000	3114820
31000000000	3112364
31100000000	3110306
31200000000	3112685
31300000000	3114923
31400000000	3115373
31500000000	3112495
31600000000	3112057
31700000000	3113287
31800000000	3113457
31900000000	3114320
32000000000	3113914
32100000000	3113534
32200000000	3114643
32300000000	3112364
32400000000	3114191
32500000000	3115536
32600000000	3114772
32700000000	3111406
32800000000	3114721
32900000000	3110592
33000000000	3113180
33100000000	3114137
33200000000	3115208
33300000000	3111386
33400000000	3114365
33500000000	3112276
33600000000	3113178
33700000000	3112090
33800000000	3114927
33900000000	3113294
34000000000	3112312
34100000000	3113870
34200000000	3114495
34300000000	3113184
34400000000	3110473
34500000000	3112710
34600000000	3111532
34700000000	3116402
34800000000	3110527
34900000000	3114205
35000000000	3115574
35100000000	3114225
35200000000	3111822
35300000000	3116556
35400000000	3113213
35500000000	3114224
35600000000	3113056
35700000000	3113228
35800000000	3112185
35900000000	3111649
36000000000	3117692
36100000000	3118344
36200000000	3113853
36300000000	3115266
36400000000	3111227
36500000000	3116354
36600000000	3113403
36700000000	3111738
36800000000	3114586
36900000000	3114743
37000000000	3113932
37100000000	3112831
37200000000	3112770
37300000000	3114308
37400000000	3113339
37500000000	3113791
37600000000	3113942
37700000000	3115202
37800000000	3114271
37900000000	3114588
38000000000	3112049
38100000000	3111892
38200000000	3111888
38300000000	3113069
38400000000	3110728
38500000000	3112091
38600000000	3113866
38700000000	3114460
38800000000	3108751
38900000000	3110617
39000000000	3112792
39100000000	3112596
39200000000	3112280
39300000000	3115781
39400000000	3111199
39500000000	3113261
39600000000	3114239
39700000000	3116295
39800000000	3113012
39900000000	3111534
40000000000	3114572
40100000000	3113108
40200000000	3113670
40300000000	3110956
40400000000	3111922
40500000000	3111814
40600000000	3115154
40700000000	3117008
40800000000	3112935
40900000000	3113292
41000000000	3113781
41100000000	3114210
41200000000	3111539
41300000000	3112888
41400000000	3111568
41500000000	3114526
41600000000	3110780
41700000000	3111378
41800000000	3110736
41900000000	3114389
42000000000	3112984
42100000000	3114595
42200000000	3111763
42300000000	3111178
42400000000	3111210
42500000000	3113978
42600000000	3110636
42700000000	3113452
42800000000	3112919
42900000000	3112851
43000000000	3114101
43100000000	3115007
43200000000	3113972
43300000000	3108415
43400000000	3113295
43500000000	3113956
43600000000	3113817
43700000000	3113151
43800000000	3113867
43900000000	3113167
44000000000	3111965
44100000000	3114923
44200000000	3112418
44300000000	3116551
44400000000	3113990
44500000000	3113674
44600000000	3114478
44700000000	3114116
44800000000	3109731
44900000000	3114317
45000000000	3111917
45100000000	3112630
45200000000	3109159
45300000000	3115385
45400000000	3114883
45500000000	3109985
45600000000	3114383
45700000000	3114221
45800000000	3113606
45900000000	3113425
46000000000	3113749
46100000000	3114440
46200000000	3113868
46300000000	3112489
46400000000	3113032
46500000000	3114050
46600000000	3114931
46700000000	3111337
46800000000	3111303
46900000000	3113343
47000000000	3114715
47100000000	3114935
47200000000	3114859
47300000000	3113674
47400000000	3113238
47500000000	3115563
47600000000	3113078
47700000000	3112733
47800000000	3115661
47900000000	3113889
48000000000	3112677
48100000000	3113872
48200000000	3113392
48300000000	3112682
48400000000	3114740
48500000000	3112953
48600000000	3114076
48700000000	3111507
48800000000	3112438
48900000000	3113650
49000000000	3111772
49100000000	3111275
49200000000	3114193
49300000000	3116272
49400000000	3112490
49500000000	3113100
49600000000	3112648
49700000000	3110238
49800000000	3110067
49900000000	3114794
50000000000	3114555
50100000000	3117777
50200000000	3117563
50300000000	3117469
50400000000	3114787
50500000000	3115503
50600000000	3116330
50700000000	3118696
50800000000	3119958
50900000000	3116000
51000000000	3117341
51100000000	3118077
51200000000	3112193
51300000000	3115841
51400000000	3113865
51500000000	3117028
51600000000	3116455
51700000000	3117051
51800000000	3114540
51900000000	3114964
52000000000	3113338
52100000000	3117619
52200000000	3114502
52300000000	3113579
52400000000	3116409
52500000000	3115809
52600000000	3113686
52700000000	3115009
52800000000	3116263
52900000000	3112740
53000000000	3114433
53100000000	3113603
53200000000	3114785
53300000000	3117393
53400000000	3113547
53500000000	3113364
53600000000	3115692
53700000000	3117547
53800000000	3113566
53900000000	3114903
54000000000	3114024
54100000000	3115430
54200000000	3115846
54300000000	3114699
54400000000	3115710
54500000000	3117561
54600000000	3115978
54700000000	3115476
54800000000	3114932
54900000000	3114432
55000000000	3111596
55100000000	3114135
55200000000	3115224
55300000000	3118886
55400000000	3115350
55500000000	3116649
55600000000	3116969
55700000000	3114502
55800000000	3111740
55900000000	3110355
56000000000	3120447
56100000000	3112323
56200000000	3116384
56300000000	3117369
56400000000	3114705
56500000000	3116234
56600000000	3112425
56700000000	3111619
56800000000	3118175
56900000000	3115442
57000000000	3115391
57100000000	3116118
57200000000	3116236
57300000000	3119808
57400000000	3116343
57500000000	3113621
57600000000	3117730
57700000000	3114591
57800000000	3114583
57900000000	3115102
58000000000	3114053
58100000000	3116425
58200000000	3115121
58300000000	3114174
58400000000	3113397
58500000000	3116638
58600000000	3114480
58700000000	3115652
58800000000	3112158
58900000000	3115434
59000000000	3115007
59100000000	3113419
59200000000	3115395
59300000000	3112346
59400000000	3117385
59500000000	3113054
59600000000	3114141
59700000000	3114892
59800000000	3116247
59900000000	3113630
60000000000	3115573
60100000000	3116232
60200000000	3115485
60300000000	3115768
60400000000	3117032
60500000000	3113868
60600000000	3116206
60700000000	3114591
60800000000	3116640
60900000000	3118541
61000000000	3116577
61100000000	3113302
61200000000	3116285
61300000000	3115946
61400000000	3114263
61500000000	3112619
61600000000	3114216
61700000000	3111893
61800000000	3115298
61900000000	3115152
62000000000	3117013
62100000000	3113539
62200000000	3116407
62300000000	3115796
62400000000	3115190
62500000000	3113560
62600000000	3117941
62700000000	3113438
62800000000	3114392
62900000000	3113681
63000000000	3115253
63100000000	3114462
63200000000	3116574
63300000000	3111970
63400000000	3114331
63500000000	3115509
63600000000	3113614
63700000000	3112807
63800000000	3113097
63900000000	3115945
64000000000	3114259
64100000000	3115712
64200000000	3114743
64300000000	3112845
64400000000	3113055
64500000000	3115278
64600000000	3115916
64700000000	3116335
64800000000	3114759
64900000000	3116117
65000000000	3116362
65100000000	3117460
65200000000	3115434
65300000000	3115420
65400000000	3115815
65500000000	3117020
65600000000	3116062
65700000000	3116799
65800000000	3117487
65900000000	3114885
66000000000	3115954
66100000000	3115047
66200000000	3112135
66300000000	3117071
66400000000	3118408
66500000000	3113003
66600000000	3114883
66700000000	3115441
66800000000	3111603
66900000000	3117016
67000000000	3110723
67100000000	3112539
67200000000	3116177
67300000000	3116148
67400000000	3113153
67500000000	3114467
67600000000	3114852
67700000000	3113465
67800000000	3115139
67900000000	3113776
68000000000	3115166
68100000000	3115830
68200000000	3113180
68300000000	3115400
68400000000	3112184
68500000000	3114043
68600000000	3113047
68700000000	3115134
68800000000	3115960
68900000000	3116213
69000000000	3112748
69100000000	3113970
69200000000	3112899
69300000000	3111115
69400000000	3116475
69500000000	3115205
69600000000	3117469
69700000000	3113923
69800000000	3113416
69900000000	3112954
70000000000	3112948
70100000000	3113446
70200000000	3111480
70300000000	3111351
70400000000	3114116
70500000000	3114067
70600000000	3114768
70700000000	3112326
70800000000	3113279
70900000000	3111484
71000000000	3116234
71100000000	3115970
71200000000	3114280
71300000000	3116756
71400000000	3114238
71500000000	3114116
71600000000	3115491
71700000000	3115997
71800000000	3114688
71900000000	3113132
72000000000	3113557
72100000000	3117478
72200000000	3117343
72300000000	3114737
72400000000	3119184
72500000000	3116195
72600000000	3117031
72700000000	3115324
72800000000	3113676
72900000000	3111869
73000000000	3115579
73100000000	3114928
73200000000	3113678
73300000000	3114180
73400000000	3114359
73500000000	3116669
73600000000	3117716
73700000000	3113024
73800000000	3110474
73900000000	3114057
74000000000	3114055
74100000000	3114764
74200000000	3114979
74300000000	3114277
74400000000	3117076
74500000000	3113974
74600000000	3110733
74700000000	3115640
74800000000	3114653
74900000000	3115378
75000000000	3114121
75100000000	3115766
75200000000	3113843
75300000000	3114801
75400000000	3111839
75500000000	3114630
75600000000	3114848
75700000000	3116931
75800000000	3111691
75900000000	3113508
76000000000	3112420
76100000000	3113723
76200000000	3113800
76300000000	3115263
76400000000	3111637
76500000000	3111943
76600000000	3109808
76700000000	3115877
76800000000	3111941
76900000000	3115709
77000000000	3114707
77100000000	3113571
77200000000	3116229
77300000000	3113014
77400000000	3113487
77500000000	3112723
77600000000	3109694
77700000000	3112687
77800000000	3112078
77900000000	3116736
78000000000	3113708
78100000000	3116123
78200000000	3118164
78300000000	3113771
78400000000	3116122
78500000000	3111783
78600000000	3111709
78700000000	3112683
78800000000	3110771
78900000000	3112380
79000000000	3115849
79100000000	3115831
79200000000	3114378
79300000000	3113544
79400000000	3111825
79500000000	3112202
79600000000	3115092
79700000000	3109454
79800000000	3111294
79900000000	3114335
80000000000	3114676
80100000000	3112827
80200000000	3112859
80300000000	3109972
80400000000	3113952
80500000000	3115118
80600000000	3112895
80700000000	3108858
80800000000	3114270
80900000000	3113656
81000000000	3112155
81100000000	3108998
81200000000	3112096
81300000000	3114871
81400000000	3114546
81500000000	3111996
81600000000	3110782
81700000000	3113268
81800000000	3112538
81900000000	3113888
82000000000	3113554
82100000000	3112758
82200000000	3113835
82300000000	3111771
82400000000	3113203
82500000000	3115349
82600000000	3113764
82700000000	3110661
82800000000	3114344
82900000000	3110528
83000000000	3111761
83100000000	3113965
83200000000	3114482
83300000000	3110908
83400000000	3113439
83500000000	3111931
83600000000	3112582
83700000000	3111315
83800000000	3114079
83900000000	3112875
84000000000	3111884
84100000000	3112916
84200000000	3113820
84300000000	3112676
84400000000	3110201
84500000000	3111306
84600000000	3111439
84700000000	3115248
84800000000	3109930
84900000000	3114518
85000000000	3114188
85100000000	3114076
85200000000	3111000
85300000000	3114960
85400000000	3113184
85500000000	3113906
85600000000	3112411
85700000000	3112647
85800000000	3110984
85900000000	3111113
86000000000	3116982
86100000000	3117516
86200000000	3113076
86300000000	3114873
86400000000	3110814
86500000000	3115755
86600000000	3112645
86700000000	3111257
86800000000	3113899
86900000000	3113682
87000000000	3113350
87100000000	3112651
87200000000	3111875
87300000000	3113558
87400000000	3112720
87500000000	3113666
87600000000	3113271
87700000000	3114108
87800000000	3113121
87900000000	3114813
88000000000	3110724
88100000000	3111602
88200000000	3111319
88300000000	3112316
88400000000	3110588
88500000000	3111660
88600000000	3112741
88700000000	3114260
88800000000	3108401
88900000000	3109443
89000000000	3112069
89100000000	3111765
89200000000	3111549
89300000000	3115628
89400000000	3110221
89500000000	3112585
89600000000	3113749
89700000000	3115769
89800000000	3112129
89900000000	3111199
90000000000	3113929
90100000000	3112570
90200000000	3112461
90300000000	3110372
90400000000	3111523
90500000000	3111531
90600000000	3114035
90700000000	3116486
90800000000	3112061
90900000000	3113541
91000000000	3112145
91100000000	3113807
91200000000	3110540
91300000000	3112239
91400000000	3111451
91500000000	3113776
91600000000	3110050
91700000000	3111041
91800000000	3110146
91900000000	3113338
92000000000	3112541
92100000000	3114076
92200000000	3111213
92300000000	3110492
92400000000	3110525
92500000000	3113348
92600000000	3110193
92700000000	3112950
92800000000	3111965
92900000000	3112354
93000000000	3113720
93100000000	3113946
93200000000	3113478
93300000000	3107747
93400000000	3112708
93500000000	3113170
93600000000	3113599
93700000000	3111893
93800000000	3113458
93900000000	3112881
94000000000	3111225
94100000000	3114542
94200000000	3111847
94300000000	3115258
94400000000	3113984
94500000000	3113230
94600000000	3113441
94700000000	3113201
94800000000	3109331
94900000000	3113249
95000000000	3112207
95100000000	3112051
95200000000	3108262
95300000000	3114379
95400000000	3114826
95500000000	3108899
95600000000	3114070
95700000000	3113408
95800000000	3112793
95900000000	3113133
96000000000	3113060
96100000000	3113947
96200000000	3113045
96300000000	3111892
96400000000	3112901
96500000000	3112376
96600000000	3115208
96700000000	3110638
96800000000	3110679
96900000000	3112135
97000000000	3113748
97100000000	3114910
97200000000	3114214
97300000000	3113330
97400000000	3112609
97500000000	3114830
97600000000	3112817
97700000000	3112016
97800000000	3114709
97900000000	3113114
98000000000	3112200
98100000000	3113174
98200000000	3112983
98300000000	3111816
98400000000	3114171
98500000000	3111507
98600000000	3114234
98700000000	3111151
98800000000	3112010
98900000000	3112810
99000000000	3110940
99100000000	3111017
99200000000	3113266
99300000000	3114972
99400000000	3112634
99500000000	3112512
99600000000	3111993
99700000000	3109419
99800000000	3109629
99900000000	3114048
