165.028 41.990
165.288 -8.538
165.547 65.936
165.807 86.413
166.067 24.892
166.327 -60.626
166.587 -79.142
166.847 81.344
167.107 98.832
167.367 38.323
167.627 101.816
167.886 91.311
168.146 71.808
168.406 226.308
168.666 130.809
168.926 32.313
169.186 64.819
169.446 91.327
169.706 -45.164
169.966 1.348
170.225 70.863
170.485 83.379
170.745 152.897
171.005 248.416
171.265 88.938
171.525 97.462
171.785 45.988
172.045 52.515
172.305 165.045
172.564 121.576
172.824 16.109
173.084 123.644
173.344 111.180
173.604 82.719
173.864 120.259
174.124 81.800
174.384 67.344
174.644 147.889
174.903 241.435
175.163 226.984
175.423 263.534
175.683 103.085
175.943 130.638
176.203 119.193
176.463 63.749
176.723 47.306
176.983 118.865
177.242 117.426
177.502 178.988
177.762 195.551
178.022 67.115
178.282 58.682
178.542 40.249
178.802 53.818
179.062 32.388
179.322 210.959
179.581 228.531
179.841 115.105
180.101 150.680
180.361 160.257
180.621 153.834
180.881 94.413
181.141 87.992
181.401 70.573
181.661 131.155
181.920 207.738
182.180 127.322
182.440 52.908
182.700 30.494
182.960 36.081
183.220 83.669
183.480 260.258
183.740 138.848
184.000 38.439
184.259 -26.969
184.519 127.624
184.779 133.218
185.039 128.813
185.299 189.408
185.559 191.004
185.819 247.601
186.079 230.199
186.339 165.798
186.598 80.397
186.858 -4.003
187.118 44.598
187.378 111.200
187.638 123.802
187.898 211.405
188.158 254.008
188.418 116.612
188.678 83.217
188.937 127.822
189.197 117.428
189.457 135.035
189.717 129.641
189.977 54.249
190.237 74.857
190.497 166.465
190.757 140.074
191.017 136.684
191.276 47.294
191.536 52.904
191.796 65.515
192.056 88.126
192.316 128.737
192.576 72.349
192.836 89.961
193.096 130.574
193.356 101.186
193.616 119.799
193.875 118.413
194.135 112.026
194.395 213.640
194.655 224.254
194.915 204.869
195.175 133.483
195.435 244.098
195.695 70.713
195.955 -65.672
196.214 91.943
196.474 197.558
196.734 149.174
196.994 187.789
197.254 245.405
197.514 230.021
197.774 165.636
198.034 66.252
198.294 43.868
198.553 118.484
198.813 91.100
199.073 6.716
199.333 64.332
199.593 177.947
199.853 214.563
200.113 266.179
200.373 219.794
200.633 85.410
200.892 41.025
201.152 61.641
201.412 148.256
201.672 213.871
201.932 369.486
202.192 301.101
202.452 167.715
202.712 132.330
202.972 173.944
203.231 294.558
203.491 250.172
203.751 159.785
204.011 192.399
204.271 240.012
204.531 112.624
204.791 44.237
205.051 60.849
205.311 134.461
205.570 69.073
205.830 84.684
206.090 139.295
206.350 201.906
206.610 326.516
206.870 186.126
207.130 121.735
207.390 186.345
207.650 155.953
207.909 156.562
208.169 241.170
208.429 281.777
208.689 167.384
208.949 218.991
209.209 271.597
209.469 127.203
209.729 101.808
209.989 154.413
210.248 34.017
210.508 260.621
210.768 231.224
211.028 99.827
211.288 213.429
211.548 230.031
211.808 236.632
212.068 266.233
212.328 322.833
212.587 350.432
212.847 194.031
213.107 198.630
213.367 229.227
213.627 208.824
213.887 205.421
214.147 158.017
214.407 217.612
214.667 167.207
214.926 262.801
215.186 227.394
215.446 174.987
215.706 135.579
215.966 214.171
216.226 189.761
216.486 117.351
216.746 159.941
217.006 210.529
217.265 179.117
217.525 139.705
217.785 184.291
218.045 179.877
218.305 158.462
218.565 154.046
218.825 210.630
219.085 296.213
219.345 162.795
219.604 110.376
219.864 169.957
220.124 199.537
220.384 212.116
220.644 185.694
220.904 138.272
221.164 191.848
221.424 139.424
221.684 126.999
221.943 167.574
222.203 244.147
222.463 189.720
222.723 93.292
222.983 204.863
223.243 173.433
223.503 218.002
223.763 179.571
224.023 126.138
224.282 213.705
224.542 239.271
224.802 247.836
225.062 223.400
225.322 296.963
225.582 244.526
225.842 207.087
226.102 249.648
226.362 267.208
226.621 285.767
226.881 213.325
227.141 191.882
227.401 223.438
227.661 151.993
227.921 269.548
228.181 223.101
228.441 222.654
228.701 351.205
228.960 334.756
229.220 218.306
229.480 142.855
229.740 237.403
230.000 364.949
230.260 234.496
230.520 179.041
230.780 147.585
231.040 182.128
231.299 181.670
231.559 200.211
231.819 196.752
232.079 233.291
232.339 209.829
232.599 138.367
232.859 217.903
233.119 318.438
233.379 207.973
233.638 232.506
233.898 311.039
234.158 323.570
234.418 193.101
234.678 248.631
234.938 313.159
235.198 154.687
235.458 129.213
235.718 189.739
235.978 187.263
236.237 194.787
236.497 259.310
236.757 289.831
237.017 233.352
237.277 202.871
237.537 181.390
237.797 178.907
238.057 287.424
238.317 239.939
238.576 150.454
238.836 186.967
239.096 286.480
239.356 230.991
239.616 213.502
239.876 216.011
240.136 149.519
240.396 251.027
240.656 335.533
240.915 257.038
241.175 228.543
241.435 188.046
241.695 178.548
241.955 348.049
242.215 398.549
242.475 299.048
242.735 243.546
242.995 327.043
243.254 275.539
243.514 195.034
243.774 94.528
244.034 151.021
244.294 318.513
244.554 260.004
244.814 234.494
245.074 235.982
245.334 241.470
245.593 242.957
245.853 215.442
246.113 149.927
246.373 245.411
246.633 336.893
246.893 250.374
247.153 251.855
247.413 298.334
247.673 309.813
247.932 310.290
248.192 315.766
248.452 364.241
248.712 291.715
248.972 161.188
249.232 320.661
249.492 249.132
249.752 98.602
250.012 232.070
250.271 229.538
250.531 241.005
250.791 407.471
251.051 390.936
251.311 241.400
251.571 83.862
251.831 197.324
252.091 284.784
252.351 225.244
252.610 176.703
252.870 231.160
253.130 231.616
253.390 222.072
253.650 262.526
253.911 272.980
254.172 306.432
254.433 285.883
254.694 252.333
254.955 261.782
255.216 226.231
255.477 359.678
255.738 324.124
255.999 229.569
256.261 328.013
256.522 312.456
256.783 312.898
257.044 189.339
257.305 130.779
257.566 182.217
257.827 164.655
258.088 220.092
258.349 197.528
258.610 221.963
258.871 269.396
259.132 343.829
259.393 238.261
259.654 202.691
259.915 195.121
260.176 261.550
260.437 294.977
260.698 252.404
260.959 250.830
261.221 326.254
261.482 374.678
261.743 347.100
262.004 332.522
262.265 459.942
262.526 408.362
262.787 199.780
263.048 218.198
263.309 240.614
263.570 317.030
263.831 289.444
264.092 265.858
264.353 155.270
264.614 326.682
264.875 355.092
265.136 299.502
265.397 399.910
265.658 408.318
265.919 434.724
266.181 373.130
266.442 285.534
266.703 212.938
266.964 214.340
267.225 244.742
267.486 247.143
267.747 325.542
268.008 363.941
268.269 393.339
268.530 319.735
268.791 283.131
269.052 276.526
269.313 319.919
269.574 334.312
269.835 315.704
270.096 328.095
270.357 348.485
270.618 290.874
270.879 201.262
271.141 248.648
271.402 225.035
271.663 162.420
271.924 275.804
272.185 365.187
272.446 346.569
272.707 280.950
272.968 225.331
273.229 221.710
273.490 221.088
273.751 157.466
274.012 200.842
274.273 328.218
274.534 283.592
274.795 317.966
275.056 305.339
275.317 180.711
275.578 108.081
275.839 187.451
276.101 209.820
276.362 213.189
276.623 287.556
276.884 392.922
277.145 358.287
277.406 323.652
277.667 247.015
277.928 170.378
278.189 337.739
278.450 330.100
278.711 298.460
278.972 308.819
279.233 275.177
279.494 364.534
279.755 427.890
280.016 413.245
280.277 309.599
280.538 301.953
280.799 249.305
281.061 271.657
281.322 259.008
281.583 246.358
281.844 193.707
282.105 207.055
282.366 318.402
282.627 311.748
282.888 328.094
283.149 321.438
283.410 244.782
283.671 276.125
283.932 254.467
284.193 141.808
284.454 201.148
284.715 260.487
284.976 264.826
285.237 308.163
285.498 458.500
285.759 386.836
286.021 373.171
286.282 346.505
286.543 367.838
286.804 297.171
287.065 280.502
287.326 332.833
287.587 244.163
287.848 293.492
288.109 361.820
288.370 340.147
288.631 227.474
288.892 240.800
289.153 241.124
289.414 202.448
289.675 402.772
289.936 475.094
290.197 439.415
290.458 321.736
290.719 262.056
290.981 371.375
291.242 437.693
291.503 397.010
291.764 281.327
292.025 154.643
292.286 182.957
292.547 298.272
292.808 276.585
293.069 312.897
293.330 337.209
293.591 354.520
293.852 295.830
294.113 268.139
294.374 288.448
294.635 315.755
294.896 367.062
295.157 369.368
295.418 350.673
295.679 400.978
295.941 367.282
296.202 345.585
296.463 304.887
296.724 374.188
296.985 397.489
297.246 390.788
297.507 281.087
297.768 230.386
298.029 328.683
298.290 451.980
298.551 464.276
298.812 452.571
299.073 295.865
299.334 242.159
299.595 351.452
299.856 351.744
300.117 415.035
300.378 385.326
300.639 229.616
300.901 221.905
301.162 349.193
301.423 412.481
301.684 481.768
301.945 463.054
302.206 323.339
302.467 320.624
302.728 283.908
302.989 337.191
303.250 335.473
303.511 416.755
303.772 434.036
304.033 398.316
304.294 343.596
304.555 321.874
304.816 377.153
305.077 448.430
305.338 353.706
305.599 300.982
305.861 304.258
306.122 376.532
306.383 345.806
306.644 322.079
306.905 267.351
307.166 367.623
307.427 330.894
307.688 276.164
307.949 339.434
308.210 338.702
308.471 347.971
308.732 307.238
308.993 212.505
309.254 236.771
309.515 222.036
309.776 335.301
310.037 371.565
310.298 221.828
310.559 215.091
310.821 359.353
311.082 374.614
311.343 280.875
311.604 294.135
311.865 311.394
312.126 283.652
312.387 309.910
312.648 298.168
312.909 287.424
313.170 330.680
313.434 354.935
313.698 330.190
313.963 380.444
314.227 343.697
314.491 354.950
314.755 344.202
315.019 299.453
315.284 194.704
315.548 320.954
315.812 311.203
316.076 406.452
316.340 431.700
316.604 389.947
316.869 382.194
317.133 354.440
317.397 407.686
317.661 338.931
317.925 303.175
318.190 371.419
318.454 350.662
318.718 306.904
318.982 381.146
319.246 444.387
319.511 539.627
319.775 337.867
320.039 301.107
320.303 350.345
320.567 389.583
320.832 354.821
321.096 336.057
321.360 392.294
321.624 341.529
321.888 283.764
322.153 365.999
322.417 277.232
322.681 215.466
322.945 329.698
323.209 330.930
323.473 324.162
323.738 332.392
324.002 310.623
324.266 465.852
324.530 469.081
324.794 339.310
325.059 274.538
325.323 242.765
325.587 335.991
325.851 397.218
326.115 487.443
326.380 399.668
326.644 373.892
326.908 348.116
327.172 320.339
327.436 330.562
327.701 350.784
327.965 312.006
328.229 334.227
328.493 231.447
328.757 262.667
329.022 364.886
329.286 290.105
329.550 314.323
329.814 335.540
330.078 301.757
330.342 274.974
330.607 356.190
330.871 380.405
331.135 438.620
331.399 440.834
331.663 360.048
331.928 386.261
332.192 391.474
332.456 349.686
332.720 381.897
332.984 339.108
333.249 401.319
333.513 394.529
333.777 284.738
334.041 270.947
334.305 395.155
334.570 431.363
334.834 336.571
335.098 437.777
335.362 408.984
335.626 341.189
335.891 290.394
336.155 331.599
336.419 330.803
336.683 221.007
336.947 372.210
337.211 402.413
337.476 244.615
337.740 272.816
338.004 337.017
338.268 361.218
338.532 362.418
338.797 270.617
339.061 367.816
339.325 462.015
339.589 500.213
339.853 376.411
340.118 278.608
340.382 404.804
340.646 460.000
340.910 328.196
341.174 357.391
341.439 347.585
341.703 387.779
341.967 356.973
342.231 330.166
342.495 308.359
342.759 407.551
343.024 422.742
343.288 495.934
343.552 475.124
343.816 252.315
344.080 291.504
344.345 378.693
344.609 264.882
344.873 218.071
345.137 348.258
345.401 406.446
345.666 241.633
345.930 336.819
346.194 380.005
346.458 261.191
346.722 248.376
346.987 295.560
347.251 409.744
347.515 505.928
347.779 381.111
348.043 296.294
348.308 321.476
348.572 284.658
348.836 264.839
349.100 302.020
349.364 272.201
349.628 232.381
349.893 240.560
350.157 316.739
350.421 369.918
350.685 342.096
350.949 322.274
351.214 258.451
351.478 315.628
351.742 326.805
352.006 352.981
352.270 344.156
352.535 267.331
352.799 274.506
353.063 327.680
353.327 310.854
353.591 286.028
353.856 340.201
354.120 391.373
354.384 411.545
354.648 424.717
354.912 362.888
355.177 305.059
355.441 303.230
355.705 465.400
355.969 477.569
356.233 398.738
356.497 348.907
356.762 363.076
357.026 305.243
357.290 328.411
357.554 377.578
357.818 407.745
358.083 383.911
358.347 316.077
358.611 284.242
358.875 361.407
359.139 363.572
359.404 290.736
359.668 369.900
359.932 473.064
360.196 445.227
360.460 373.389
360.725 398.552
360.989 407.714
361.253 520.875
361.517 504.036
361.781 431.197
362.046 445.357
362.310 497.517
362.574 441.676
362.838 336.836
363.102 365.994
363.366 388.153
363.631 332.311
363.895 331.468
364.159 397.625
364.423 430.782
364.687 461.939
364.952 475.095
365.216 505.250
365.480 436.405
365.747 337.560
366.013 342.715
366.280 362.869
366.546 419.023
366.813 370.176
367.079 417.329
367.346 452.482
367.612 375.634
367.879 382.786
368.145 458.938
368.412 374.089
368.678 318.240
368.945 400.390
369.211 343.540
369.478 371.690
369.744 357.839
370.011 347.989
370.278 343.137
370.544 302.285
370.811 373.433
371.077 397.581
371.344 345.728
371.610 370.875
371.877 387.022
372.143 367.168
372.410 423.314
372.676 445.459
372.943 464.604
373.209 384.749
373.476 287.893
373.742 273.038
374.009 391.181
374.276 373.325
374.542 302.468
374.809 313.610
375.075 228.753
375.342 190.895
375.608 263.037
375.875 327.178
376.141 443.319
376.408 457.460
376.674 477.600
376.941 431.740
377.207 360.880
377.474 646.019
377.740 576.158
378.007 318.297
378.273 408.435
378.540 497.573
378.807 374.711
379.073 284.848
379.340 316.985
379.606 363.122
379.873 364.258
380.139 372.395
380.406 400.530
380.672 346.666
380.939 314.801
381.205 266.936
381.472 189.070
381.738 235.204
382.005 384.338
382.271 389.472
382.538 353.605
382.804 466.738
383.071 393.870
383.338 382.003
383.604 414.135
383.871 516.266
384.137 510.398
384.404 369.529
384.670 352.659
384.937 298.790
385.203 415.920
385.470 405.050
385.736 417.179
386.003 434.309
386.269 392.437
386.536 329.566
386.802 333.694
387.069 420.822
387.336 508.950
387.602 451.077
387.869 261.205
388.135 224.331
388.402 192.458
388.668 270.584
388.935 393.710
389.201 465.836
389.468 417.961
389.734 399.086
390.001 342.211
390.267 314.335
390.534 403.460
390.800 395.583
391.067 409.707
391.333 394.830
391.600 339.953
391.867 382.076
392.133 455.199
392.400 361.321
392.666 251.443
392.933 390.564
393.199 482.686
393.466 359.807
393.732 321.928
393.999 441.048
394.265 414.168
394.532 280.288
394.798 346.408
395.065 352.527
395.331 370.646
395.598 400.765
395.864 402.884
396.131 451.002
396.398 430.120
396.664 442.238
396.931 439.355
397.197 437.473
397.464 336.590
397.730 478.706
397.997 471.823
398.263 389.939
398.530 396.055
398.796 488.170
399.063 492.286
399.329 416.401
399.596 453.516
399.862 399.630
400.129 421.745
400.396 504.859
400.662 389.972
400.929 391.086
401.195 373.199
401.462 379.312
401.728 439.425
401.995 426.537
402.261 339.650
402.528 373.762
402.794 399.873
403.061 493.985
403.327 629.096
403.594 566.207
403.860 460.318
404.127 446.428
404.393 566.539
404.660 605.649
404.931 637.758
405.202 634.868
405.473 593.977
405.745 711.086
406.016 939.195
406.287 891.303
406.558 753.412
406.829 811.520
407.100 787.627
407.371 946.735
407.642 993.842
407.914 886.949
408.185 840.056
408.456 818.163
408.727 924.269
408.998 922.375
409.269 1058.481
409.540 1149.587
409.811 948.692
410.083 896.797
410.354 900.902
410.625 806.007
410.896 866.111
411.167 933.215
411.438 962.319
411.709 874.423
411.981 937.527
412.252 749.630
412.523 636.733
412.794 774.836
413.065 826.938
413.336 664.041
413.607 698.143
413.878 722.245
414.150 687.346
414.421 577.448
414.692 502.549
414.963 509.650
415.234 611.751
415.505 633.852
415.776 678.952
416.047 656.052
416.319 607.152
416.590 478.252
416.861 328.351
417.132 413.450
417.403 490.549
417.674 447.648
417.945 409.747
418.217 441.845
418.488 510.943
418.759 384.041
419.030 379.139
419.301 467.237
419.572 486.334
419.843 452.431
420.114 353.528
420.386 394.624
420.657 500.721
420.928 400.817
421.199 349.913
421.470 371.009
421.741 355.105
422.012 386.200
422.283 292.295
422.555 295.390
422.826 367.485
423.097 449.580
423.368 427.674
423.639 362.768
423.910 413.862
424.181 393.956
424.453 351.049
424.724 496.143
424.995 562.236
425.266 430.329
425.537 350.422
425.808 430.514
426.079 484.606
426.350 452.699
426.622 425.790
426.893 510.882
427.164 425.974
427.435 325.065
427.706 297.156
427.977 312.247
428.248 367.338
428.519 475.429
428.791 418.519
429.062 475.609
429.333 372.699
429.604 307.789
429.875 355.878
430.146 440.968
430.417 480.057
430.689 439.146
430.960 310.235
431.231 344.324
431.502 521.412
431.773 495.500
432.044 373.588
432.315 514.676
432.586 495.764
432.858 481.851
433.129 329.939
433.400 361.026
433.671 423.113
433.942 419.199
434.213 312.286
434.484 338.372
434.755 432.459
435.027 322.545
435.298 405.631
435.569 470.716
435.840 401.802
436.116 410.887
436.391 448.972
436.667 470.057
436.942 501.142
437.218 515.226
437.493 498.311
437.769 546.395
438.045 505.479
438.320 517.563
438.596 462.646
438.871 390.730
439.147 417.813
439.422 369.896
439.698 329.979
439.974 329.062
440.249 419.145
440.525 479.227
440.800 315.310
441.076 381.392
441.351 525.474
441.627 530.555
441.903 489.637
442.178 403.718
442.454 416.800
442.729 582.881
443.005 432.962
443.281 487.042
443.556 646.123
443.832 570.203
444.107 435.284
444.383 432.364
444.658 392.444
444.934 369.523
445.210 527.603
445.485 608.682
445.761 563.762
446.036 531.841
446.312 610.919
446.587 533.998
446.863 411.077
447.139 471.155
447.414 517.233
447.690 583.312
447.965 557.390
448.241 455.467
448.516 443.545
448.792 465.622
449.068 467.700
449.343 528.777
449.619 499.854
449.894 524.931
450.170 476.007
450.445 521.084
450.721 575.160
450.997 423.236
451.272 469.312
451.548 455.388
451.823 471.464
452.099 542.539
452.375 424.615
452.650 437.690
452.926 484.765
453.201 494.840
453.477 663.915
453.752 550.989
454.028 439.064
454.304 525.138
454.579 578.212
454.855 555.286
455.130 555.360
455.406 611.434
455.681 551.507
455.957 511.581
456.233 480.654
456.508 521.727
456.784 525.800
457.059 516.873
457.335 579.946
457.610 543.018
457.886 518.091
458.162 444.163
458.437 460.235
458.713 527.307
458.988 541.379
459.264 564.450
459.539 556.522
459.815 545.593
460.091 466.664
460.366 387.735
460.642 357.806
460.917 444.877
461.193 502.948
461.468 443.018
461.744 426.088
462.020 473.159
462.295 517.229
462.571 490.299
462.846 498.368
463.122 567.438
463.397 557.508
463.673 453.124
463.949 483.163
464.224 492.223
464.500 493.291
464.775 408.853
465.051 428.065
465.327 473.517
465.602 587.883
465.878 534.592
466.153 400.394
466.429 553.709
466.704 709.911
466.980 604.398
467.256 574.466
467.531 642.176
467.807 612.826
468.082 561.791
468.358 488.223
468.633 529.922
468.909 465.732
469.185 420.035
469.460 512.074
469.736 569.051
470.011 449.279
470.287 445.876
470.562 520.430
470.838 386.814
471.114 432.725
471.389 488.347
471.665 489.918
471.940 550.197
472.216 561.396
472.491 428.292
472.767 453.133
473.043 576.931
473.318 624.664
473.594 458.317
473.869 433.416
474.145 415.170
474.421 384.717
474.696 490.580
474.972 440.229
475.247 446.859
475.523 545.246
475.798 549.944
476.074 504.643
476.350 506.744
476.625 488.976
476.901 504.331
477.176 479.441
477.452 388.478
477.727 386.508
478.003 324.186
478.279 472.624
478.554 553.988
478.830 502.733
479.105 533.247
479.381 527.698
479.656 425.327
479.932 482.709
480.208 554.145
480.483 547.580
480.759 577.976
481.034 527.959
481.310 459.334
481.585 459.477
481.861 482.724
482.137 423.891
482.412 454.712
482.688 508.077
482.963 516.655
483.239 534.234
483.514 399.023
483.790 459.285
484.066 593.752
484.341 486.432
484.617 462.079
484.892 547.785
485.168 512.024
485.443 444.973
485.719 438.074
485.995 475.954
486.270 468.603
486.546 421.246
486.821 359.979
487.097 336.621
487.373 436.938
487.648 598.537
487.924 527.210
488.199 361.720
488.475 283.191
488.750 302.301
489.026 375.274
489.302 344.909
489.577 391.686
489.853 419.763
490.128 527.556
490.404 504.591
490.679 408.757
490.955 537.446
491.231 578.557
491.506 541.018
491.782 400.566
492.057 407.078
492.333 470.735
492.608 425.780
492.884 444.426
493.160 360.333
493.435 381.682
493.711 459.188
493.986 428.431
494.262 388.710
494.537 352.490
494.813 422.566
495.089 316.946
495.364 377.904
495.640 498.783
495.915 441.863
496.191 526.449
496.467 526.036
496.742 494.563
497.018 464.004
497.293 415.687
497.569 473.464
497.844 411.089
498.120 492.331
498.396 516.179
498.671 462.128
498.947 525.737
499.222 514.385
499.498 470.174
499.773 537.889
500.049 558.955
500.325 507.671
500.600 540.739
500.876 515.308
501.151 575.573
501.427 581.224
501.702 595.932
501.978 608.045
502.254 639.535
502.529 524.256
502.805 622.521
503.080 663.524
503.356 539.121
503.631 552.849
503.907 540.864
504.183 496.382
504.458 594.613
504.734 545.530
505.009 588.050
505.285 513.799
505.560 545.687
505.836 535.158
506.112 524.077
506.387 475.546
506.663 471.072
506.938 443.824
507.214 396.353
507.490 457.620
507.765 480.419
508.041 545.051
508.316 593.538
508.592 513.844
508.867 502.312
509.143 587.285
509.419 558.190
509.694 471.865
509.970 417.752
510.245 387.937
510.521 531.599
510.796 494.155
511.072 426.273
511.348 459.371
511.623 503.289
511.899 423.308
512.174 511.318
512.450 613.042
512.725 551.583
513.001 373.682
513.277 399.103
513.552 571.288
513.828 520.900
514.103 502.701
514.379 569.319
514.654 461.947
514.930 477.787
515.206 710.928
515.481 661.908
515.757 460.854
516.032 411.527
516.308 502.567
516.583 536.270
516.859 492.429
517.135 557.714
517.410 643.168
517.686 654.876
517.961 572.318
518.237 555.735
518.513 529.536
518.788 659.630
519.064 727.901
519.339 687.104
519.615 595.752
519.890 678.155
520.166 733.423
520.442 820.347
520.717 829.054
520.993 774.984
521.268 711.723
521.544 764.703
521.819 741.184
522.095 725.163
522.371 847.234
522.646 856.866
522.922 856.090
523.197 833.145
523.473 916.603
523.748 873.584
524.024 774.107
524.300 798.074
524.575 808.644
524.851 807.730
525.126 788.837
525.402 754.229
525.677 853.793
525.953 799.483
526.229 812.911
526.504 793.636
526.780 887.566
527.055 822.430
527.331 833.956
527.606 844.376
527.882 832.128
528.158 757.297
528.433 881.634
528.709 848.087
528.984 815.500
529.260 750.765
529.535 813.486
529.811 708.822
530.087 622.644
530.362 675.310
530.638 805.597
530.913 832.265
531.189 741.412
531.465 602.458
531.740 571.198
532.016 609.510
532.291 600.848
532.567 631.124
532.842 616.631
533.118 595.932
533.394 683.931
533.669 598.728
533.945 522.894
534.220 520.990
534.496 593.594
534.771 575.696
535.047 651.421
535.323 626.708
535.598 628.089
535.874 673.666
536.149 703.691
536.425 698.550
536.700 769.041
536.976 852.944
537.252 978.454
537.527 1002.050
537.803 1031.560
538.078 1231.239
538.354 1403.355
538.629 1480.564
538.905 1546.550
539.181 1692.640
539.456 1750.866
539.732 1912.556
540.007 1999.468
540.283 1918.480
540.558 1941.306
540.834 1964.970
541.110 1951.114
541.385 1950.164
541.661 2026.443
541.936 2084.983
542.212 2085.023
542.488 2097.948
542.763 2126.729
543.039 2094.157
543.314 2158.681
543.590 2055.602
543.865 2036.774
544.141 2121.223
544.417 2103.388
544.692 1960.429
544.968 2120.350
545.243 2040.986
545.519 1859.257
545.794 1948.620
546.070 2013.272
546.348 2003.374
546.627 1904.007
546.905 2012.408
547.183 2086.901
547.461 2133.614
547.740 2268.708
548.018 2212.354
548.296 2219.133
548.575 2194.346
548.853 2146.718
549.131 2254.999
549.409 2393.674
549.688 2521.689
549.966 2510.814
550.244 2589.226
550.523 2569.850
550.801 2602.987
551.079 2656.830
551.357 2778.530
551.636 2741.237
551.914 2786.164
552.192 2751.685
552.471 2837.361
552.749 2879.099
553.027 2844.807
553.306 2952.174
553.584 3082.989
553.862 3170.371
554.140 3321.685
554.419 3284.538
554.697 3454.016
554.975 3491.769
555.254 3440.494
555.532 3319.007
555.810 3345.074
556.088 3513.864
556.367 3355.185
556.645 3119.468
556.923 3115.613
557.202 3011.552
557.480 3035.849
557.758 2805.976
558.036 2608.146
558.315 2478.253
558.593 2394.068
558.871 2279.873
559.150 2095.793
559.428 1972.183
559.706 1738.375
559.984 1598.702
560.263 1587.552
560.541 1430.537
560.819 1325.977
561.098 1306.154
561.376 1215.805
561.654 1011.032
561.932 886.919
562.211 906.383
562.489 915.063
562.767 861.437
563.046 723.009
563.324 727.148
563.602 773.030
563.880 698.426
564.159 709.976
564.437 759.186
564.715 667.818
564.994 594.916
565.272 623.740
565.550 570.444
565.828 479.854
566.107 567.635
566.385 594.696
566.663 513.544
566.942 505.426
567.220 518.908
567.498 628.094
567.776 545.436
568.055 490.661
568.333 543.579
568.611 588.013
568.890 551.437
569.168 505.238
569.446 526.049
569.725 499.029
570.003 423.700
570.281 424.143
570.559 510.250
570.838 500.128
571.116 542.313
571.394 621.803
571.673 603.041
571.951 551.232
572.229 541.556
572.507 565.439
572.786 571.859
573.064 569.527
573.342 584.166
573.621 463.387
573.899 481.957
574.177 637.733
574.455 616.884
574.734 501.082
575.012 556.888
575.290 528.083
575.569 518.829
575.847 623.395
576.125 644.036
576.403 520.929
576.682 534.256
576.960 594.455
577.243 602.760
577.527 497.968
577.810 417.212
578.093 459.076
578.377 466.933
578.660 476.846
578.944 466.997
579.227 487.756
579.510 528.906
579.794 508.630
580.077 502.211
580.360 545.400
580.644 506.252
580.927 516.728
581.210 534.652
581.494 509.853
581.777 610.870
582.061 569.678
582.344 491.514
582.627 419.761
582.911 456.682
583.194 469.146
583.477 537.042
583.761 577.992
584.044 589.002
584.327 597.614
584.611 526.716
584.894 524.750
585.178 515.790
585.461 494.843
585.744 558.810
586.028 518.400
586.311 552.431
586.594 556.463
586.878 499.494
587.161 512.525
587.444 559.556
587.728 524.587
588.011 559.618
588.295 466.649
588.578 490.190
588.861 586.125
589.145 487.742
589.428 477.250
589.711 462.803
589.995 481.352
590.278 583.281
590.562 509.895
590.845 439.486
591.128 610.734
591.412 640.705
591.695 545.471
591.978 646.753
592.262 625.452
592.545 462.719
592.828 578.980
593.112 504.654
593.395 450.845
593.679 449.430
593.962 551.054
594.245 513.719
594.529 485.888
594.812 430.763
595.095 409.331
595.379 541.616
595.662 544.172
595.945 472.161
596.229 422.119
596.512 474.778
596.796 500.055
597.079 563.945
597.362 678.826
597.646 679.172
597.929 550.616
598.212 542.196
598.496 533.331
598.779 603.909
599.062 640.463
599.346 525.981
599.629 499.850
599.913 511.208
600.196 483.651
600.479 527.495
600.763 576.319
601.046 472.952
601.329 493.131
601.613 566.421
601.896 510.402
602.179 523.681
602.463 454.947
602.746 561.065
603.030 660.307
603.313 612.582
603.596 471.295
603.880 514.978
604.163 480.692
604.446 428.339
604.730 393.108
605.013 508.210
605.296 527.345
605.580 454.894
605.863 533.277
606.147 469.641
606.430 394.252
606.713 483.913
606.997 470.702
607.280 584.751
607.563 519.220
607.847 475.729
608.130 531.536
608.414 582.902
608.697 589.779
608.980 515.946
609.264 538.048
609.547 479.761
609.830 484.685
610.114 482.753
610.397 486.698
610.680 524.409
610.964 500.954
611.247 521.569
611.531 475.003
611.814 372.968
612.097 443.653
612.381 547.166
612.664 621.331
612.947 489.856
613.231 452.591
613.514 473.691
613.797 490.416
614.081 512.054
614.364 541.550
614.648 497.372
614.931 420.777
615.214 397.228
615.498 449.758
615.781 490.582
616.064 443.364
616.348 486.697
616.631 532.523
616.914 528.088
617.198 499.077
617.481 439.005
617.765 427.629
618.048 505.076
618.331 453.770
618.615 399.896
618.898 542.214
619.181 544.216
619.465 557.639
619.748 427.101
620.031 402.797
620.315 439.892
620.598 452.259
620.882 537.143
621.165 644.064
621.448 589.418
621.732 602.965
622.015 504.484
622.298 397.838
622.582 445.167
622.865 458.624
623.148 457.651
623.432 536.671
623.715 477.637
623.999 600.988
624.282 605.633
624.565 669.251
624.849 569.679
625.132 441.821
625.415 641.443
625.699 723.852
625.982 573.524
626.265 494.830
626.549 476.174
626.832 545.896
627.116 579.255
627.399 487.361
627.682 922.896
627.966 722.595
628.249 463.342
628.532 426.721
628.816 608.437
629.099 510.658
629.383 519.181
629.666 542.144
629.949 517.640
630.233 479.856
630.516 547.829
630.799 601.172
631.083 519.536
631.366 455.545
631.649 418.488
631.933 422.020
632.216 537.470
632.500 599.738
632.783 611.607
633.066 563.934
633.350 540.100
633.633 601.378
633.916 648.127
634.200 607.935
634.483 638.027
634.766 636.222
635.050 607.760
635.333 620.526
635.617 601.326
635.900 693.100
636.183 759.928
636.467 725.206
636.750 780.464
637.033 817.279
637.317 832.869
637.600 855.604
637.883 845.433
638.167 820.272
638.450 832.803
638.734 838.443
639.017 990.151
639.300 1035.117
639.584 1007.977
639.867 1166.091
640.150 1174.532
640.434 1292.421
640.717 1336.095
641.000 1260.416
641.284 1437.073
641.567 1485.212
641.851 1502.067
642.134 1698.538
642.417 1822.206
642.701 2000.733
642.984 2205.427
643.267 2343.473
643.551 2409.038
643.834 2683.107
644.117 3041.103
644.401 3276.402
644.684 3712.225
644.968 4455.368
645.251 4963.405
645.534 5443.727
645.818 6102.284
646.101 6968.130
646.384 7724.958
646.668 8696.811
646.951 9781.339
647.235 10991.681
647.518 12106.364
647.801 13206.949
648.085 14312.879
648.368 15330.111
648.651 16394.042
648.935 17738.496
649.218 18907.067
649.501 20202.005
649.785 21602.024
650.068 23359.785
650.352 25027.757
650.635 26727.237
650.918 28543.461
651.202 30582.980
651.485 32313.849
651.768 33896.868
652.052 35310.321
652.335 36674.832
652.618 37916.415
652.902 39022.642
653.185 40056.360
653.469 40974.552
653.752 41649.233
654.035 42450.175
654.319 42781.811
654.602 42959.691
654.885 43129.887
655.169 43457.531
655.452 43355.106
655.735 43479.061
656.019 43353.649
656.302 43557.068
656.586 43550.224
656.869 43628.896
657.152 43502.923
657.436 43590.893
657.719 43958.712
658.002 44584.240
658.286 44648.488
658.569 44938.221
658.852 45082.113
659.136 45390.930
659.419 45489.429
659.703 45432.598
659.986 45752.416
660.269 45882.148
660.553 45542.858
660.836 45639.424
661.119 45452.453
661.403 45269.079
661.686 45106.059
661.969 44627.952
662.253 43895.628
662.536 43451.544
662.820 42545.983
663.103 41664.666
663.386 40479.089
663.670 39319.880
663.953 38274.719
664.236 37261.847
664.520 35721.848
664.803 34383.470
665.086 32973.184
665.370 31638.831
665.653 30433.178
665.937 29147.634
666.220 27493.496
666.503 26058.426
666.787 24496.580
667.070 22905.131
667.353 21466.127
667.637 19774.533
667.920 18653.864
668.204 17428.006
668.487 15861.394
668.770 14839.889
669.054 13614.858
669.337 12592.060
669.620 11501.357
669.904 10722.863
670.187 9915.261
670.470 9181.522
670.754 8479.501
671.037 7770.891
671.321 6987.693
671.604 6760.707
671.887 6378.701
672.171 5964.187
672.454 5535.819
672.737 5158.863
673.021 4801.098
673.304 4614.056
673.587 4463.152
673.871 4225.442
674.154 4018.634
674.438 3860.400
674.721 3731.952
675.004 3525.935
675.288 3281.099
675.571 3208.288
675.854 3023.962
676.138 2841.533
676.421 2687.622
676.704 2530.295
676.988 2535.960
677.271 2634.674
677.555 2457.481
677.838 2203.106
678.121 2134.734
678.405 2111.223
678.688 2055.343
678.971 1816.888
679.255 1896.784
679.538 1889.542
679.821 1756.782
680.105 1645.438
680.388 1599.767
680.672 1509.974
680.955 1451.782
681.238 1399.202
681.522 1315.647
681.805 1302.055
682.088 1346.552
682.372 1352.147
682.655 1237.712
682.938 1214.767
683.222 1168.858
683.505 1060.381
683.789 1055.176
684.072 1064.600
684.355 1050.982
684.639 1029.081
684.922 943.505
685.205 926.823
685.489 1050.016
685.772 996.796
686.056 948.695
686.339 959.175
686.622 836.106
686.906 792.284
687.189 908.170
687.472 1044.932
687.756 903.090
688.039 782.967
688.322 788.205
688.606 890.521
688.889 903.066
689.173 800.789
689.456 799.764
689.739 813.353
690.023 845.892
690.306 826.099
690.589 796.090
690.873 903.501
691.156 871.262
691.439 779.710
691.723 697.523
692.006 749.310
692.290 785.193
692.573 821.779
692.856 842.893
693.140 890.580
693.423 821.353
693.706 738.285
693.990 687.139
694.273 648.224
694.556 845.716
694.840 926.077
695.123 875.552
695.407 899.435
695.690 827.569
695.973 890.297
696.257 921.324
696.540 1007.843
696.830 964.687
697.120 961.622
697.410 942.172
697.699 900.198
697.989 999.704
698.279 946.388
698.569 865.519
698.859 914.717
699.149 945.584
699.439 839.426
699.729 733.486
700.018 699.830
700.308 753.161
700.598 671.629
700.888 559.843
701.178 696.348
701.468 635.821
701.758 524.759
702.048 574.701
702.337 528.788
702.627 582.229
702.917 552.983
703.207 490.456
703.497 557.385
703.787 484.480
704.077 497.057
704.366 595.473
704.656 495.595
704.946 417.126
705.236 425.717
705.526 526.107
705.816 568.040
706.106 409.963
706.396 451.405
706.685 529.520
706.975 463.003
707.265 403.628
707.555 511.696
707.845 508.716
708.135 460.170
708.425 392.616
708.715 435.553
709.004 584.349
709.294 519.148
709.584 487.569
709.874 592.121
710.164 568.469
710.454 506.368
710.744 468.372
711.034 522.167
711.323 528.045
711.613 469.991
711.903 564.923
712.193 624.920
712.483 491.209
712.773 430.262
713.063 384.291
713.352 431.547
713.642 509.898
713.932 488.431
714.222 468.995
714.512 463.691
714.802 374.700
715.092 464.832
715.382 416.560
715.671 396.466
715.961 449.668
716.251 414.038
716.541 427.130
716.831 461.350
717.121 404.429
717.411 516.589
717.701 530.959
717.990 482.170
718.280 465.983
718.570 402.006
718.860 364.424
719.150 393.440
719.440 369.225
719.730 364.817
720.019 587.767
720.309 520.530
720.599 474.700
720.889 437.346
721.179 435.448
721.469 461.742
721.759 438.230
722.049 478.514
722.338 407.580
722.628 440.078
722.918 425.276
723.208 473.224
723.498 418.431
723.788 464.085
724.078 590.183
724.368 534.441
724.657 470.357
724.947 458.290
725.237 495.427
725.527 544.669
725.817 472.799
726.107 442.271
726.397 400.700
726.686 373.636
726.976 436.513
727.266 497.456
727.556 406.562
727.846 494.095
728.136 517.810
728.426 448.092
728.716 384.154
729.005 488.820
729.295 418.098
729.585 291.740
729.875 284.406
730.165 393.329
730.455 448.630
730.745 418.983
731.035 465.600
731.324 582.279
731.614 488.930
731.904 385.436
732.194 440.844
732.484 460.743
732.774 444.220
733.064 402.406
733.354 330.436
733.643 419.223
733.933 466.587
734.223 430.539
734.513 545.563
734.803 477.817
735.093 394.905
735.383 383.586
735.672 427.546
735.962 509.611
736.252 411.375
736.542 444.517
736.832 431.799
737.122 386.158
737.412 408.721
737.702 493.533
737.991 480.790
738.281 425.703
738.571 445.928
738.861 505.875
739.151 476.362
739.441 479.841
739.731 412.992
740.021 487.712
740.310 518.779
740.600 526.216
740.890 385.291
741.180 391.989
741.470 476.900
741.760 526.273
742.050 556.889
742.339 466.017
742.629 386.901
742.919 469.012
743.209 426.073
743.499 386.944
743.789 406.153
744.079 437.850
744.369 436.442
744.658 414.527
744.948 266.606
745.238 369.956
745.528 452.230
745.818 509.240
746.108 462.627
746.398 511.760
746.688 461.129
746.977 558.461
747.267 472.080
747.557 525.247
747.847 535.202
748.137 458.136
748.427 472.081
748.717 433.720
749.006 336.785
749.296 382.951
749.586 446.265
749.876 544.333
750.166 458.690
750.456 426.260
750.746 452.647
751.036 368.829
751.325 501.577
751.615 490.104
751.905 443.165
752.195 466.621
752.485 457.635
752.775 464.113
753.065 459.122
753.355 533.210
753.644 518.208
753.934 469.582
754.224 469.125
754.514 555.955
754.804 353.806
755.094 318.715
755.384 400.975
755.674 465.181
755.963 550.451
756.253 510.856
756.543 568.532
756.833 527.477
757.123 513.909
757.413 503.384
757.703 434.050
757.992 392.858
758.282 512.959
758.572 506.453
758.862 423.049
759.152 425.073
759.442 422.651
759.732 435.150
760.022 485.414
760.311 441.651
760.601 346.091
760.891 464.816
761.181 515.619
761.471 463.837
761.761 384.760
762.051 390.816
762.341 506.130
762.630 578.154
762.920 489.547
763.210 493.078
763.500 529.855
763.793 474.481
764.086 434.212
764.379 423.728
764.671 497.182
764.964 458.965
765.257 474.069
765.550 476.046
765.843 354.083
766.136 448.854
766.429 470.037
766.722 480.654
767.014 413.785
767.307 276.249
767.600 317.551
767.893 331.997
768.186 356.204
768.479 391.499
768.772 493.326
769.064 513.501
769.357 456.602
769.650 450.018
769.943 535.177
770.236 464.697
770.529 403.686
770.822 473.255
771.115 507.542
771.407 553.476
771.700 528.262
771.993 548.000
772.286 508.106
772.579 512.647
772.872 431.006
773.165 404.809
773.457 471.354
773.750 517.251
774.043 428.465
774.336 408.708
774.629 435.115
774.922 470.884
775.215 438.606
775.508 414.573
775.800 371.915
776.093 453.873
776.386 490.653
776.679 412.609
776.972 442.833
777.265 621.094
777.558 647.644
777.850 516.352
778.143 509.330
778.436 504.824
778.729 453.073
779.022 489.266
779.315 384.756
779.608 336.527
779.900 437.042
780.193 444.090
780.486 436.628
780.779 448.238
781.072 388.683
781.365 443.248
781.658 434.669
781.951 375.444
782.243 464.884
782.536 551.171
782.829 507.007
783.122 470.874
783.415 513.544
783.708 535.622
784.001 497.520
784.293 515.586
784.586 549.150
784.879 536.136
785.172 477.553
785.465 390.869
785.758 413.927
786.051 451.013
786.344 533.123
786.636 652.788
786.929 523.671
787.222 470.571
787.515 419.591
787.808 438.744
788.101 445.749
788.394 561.645
788.686 572.646
788.979 541.230
789.272 503.738
789.565 436.381
789.858 359.547
790.151 399.878
790.444 400.888
790.737 387.301
791.029 393.526
791.322 460.404
791.615 441.013
791.908 467.880
792.201 420.518
792.494 397.180
792.787 463.529
793.079 589.626
793.372 475.504
793.665 470.008
793.958 451.076
794.251 459.064
794.544 514.395
794.837 560.782
795.130 456.107
795.422 463.098
795.715 507.975
796.008 493.523
796.301 456.695
796.594 471.646
796.887 531.419
797.180 530.963
797.472 374.444
797.765 323.608
798.058 391.026
798.351 382.454
798.644 347.570
798.937 337.611
799.230 386.091
799.523 656.677
799.815 591.883
800.108 360.588
800.401 324.707
800.694 438.815
800.987 393.523
801.280 512.202
801.573 599.127
801.865 533.204
802.158 456.835
802.451 429.900
802.744 421.927
803.037 416.948
803.330 432.361
803.623 554.695
803.915 549.716
804.208 431.395
804.501 488.326
804.794 510.359
805.087 418.860
805.380 317.506
805.673 356.238
805.966 490.383
806.258 464.834
806.551 460.758
806.844 492.898
807.137 539.635
807.430 390.510
807.723 332.288
808.016 532.098
808.308 565.373
808.601 428.707
808.894 402.417
809.187 446.137
809.480 491.977
809.773 430.186
810.066 461.817
810.359 542.857
810.651 511.673
810.944 347.862
811.237 372.442
811.530 468.315
811.825 438.496
812.119 364.402
812.414 313.959
812.709 428.428
813.003 464.731
813.298 407.649
813.593 430.776
813.887 398.974
814.182 558.009
814.476 550.465
814.771 554.537
815.066 490.569
815.360 403.699
815.655 442.328
815.950 475.342
816.244 472.301
816.539 541.572
816.834 455.956
817.128 515.616
817.423 553.837
817.718 636.324
818.012 480.344
818.307 302.608
818.602 429.668
818.896 492.163
819.191 438.209
819.486 449.421
819.780 544.179
820.075 591.753
820.369 636.421
820.664 526.325
820.959 564.638
821.253 551.762
821.548 476.125
821.843 507.239
822.137 541.041
822.432 535.929
822.727 490.618
823.021 447.299
823.316 550.181
823.611 590.087
823.905 495.848
824.200 416.373
824.495 471.059
824.789 573.391
825.084 543.293
825.379 442.611
825.673 389.235
825.968 484.249
826.262 454.053
826.557 462.950
826.852 504.932
827.146 526.174
827.441 503.358
827.736 554.858
828.030 500.198
828.325 317.088
828.620 458.288
828.914 551.240
829.209 437.211
829.504 532.065
829.798 569.045
830.093 490.230
830.388 422.587
830.682 388.360
830.977 489.250
831.271 537.602
831.566 439.129
831.861 438.223
832.155 455.122
832.450 507.078
832.745 576.131
833.039 490.090
833.334 374.097
833.629 489.713
833.923 468.573
834.218 393.866
834.513 415.322
834.807 417.664
835.102 314.100
835.397 381.971
835.691 371.629
835.986 361.450
836.281 376.069
836.575 369.839
836.870 381.822
837.164 428.148
837.459 364.263
837.754 432.632
838.048 453.057
838.343 398.663
838.638 417.119
838.932 446.359
839.227 414.673
839.522 415.335
839.816 416.584
840.111 444.093
840.406 414.761
840.700 503.645
840.995 631.969
841.290 659.991
841.584 540.103
841.879 585.295
842.174 492.378
842.468 444.274
842.763 390.535
843.057 442.528
843.352 481.614
843.647 476.718
843.941 447.546
844.236 464.532
844.531 486.127
844.825 495.351
845.120 545.835
845.415 582.431
845.709 518.003
846.004 542.029
846.299 438.944
846.593 555.771
846.888 532.410
847.183 423.136
847.477 441.683
847.772 512.305
848.066 520.853
848.361 509.521
848.656 500.991
848.950 442.718
849.245 590.833
849.540 509.608
849.834 596.113
850.129 626.624
850.424 549.282
850.718 510.844
851.013 563.728
851.308 489.613
851.602 493.068
851.897 597.781
852.192 712.377
852.486 553.826
852.781 479.381
853.076 534.374
853.370 523.476
853.665 595.568
853.959 594.219
854.254 541.101
854.549 644.139
854.843 551.895
855.138 465.502
855.433 534.068
855.727 631.890
856.022 523.842
856.317 466.828
856.611 510.831
856.906 504.632
857.201 570.220
857.495 630.476
857.790 615.257
858.085 554.191
858.379 526.829
858.674 410.302
858.969 341.121
859.263 460.442
859.558 512.895
859.852 453.536
860.147 482.157
860.442 581.132
860.736 423.469
861.031 467.702
861.326 582.172
861.620 497.057
861.915 572.423
862.210 569.517
862.504 460.170
862.799 476.340
863.094 526.400
863.388 498.753
863.683 480.206
863.978 457.640
864.272 439.844
864.567 416.433
864.861 465.832
865.156 422.188
865.451 383.857
865.745 500.410
866.040 562.337
866.335 564.277
866.629 580.167
866.924 472.750
867.219 472.814
867.513 545.402
867.808 445.531
868.103 408.273
868.397 450.379
868.692 487.862
868.987 431.879
869.281 371.860
869.576 493.997
869.871 588.607
870.165 493.546
870.460 425.334
870.754 466.246
871.049 460.370
871.344 457.486
871.638 440.345
871.933 383.329
872.228 389.849
872.522 403.827
872.817 499.124
873.112 672.322
873.406 580.606
873.701 569.883
873.996 487.963
874.290 423.295
874.585 406.947
874.880 483.185
875.174 454.712
875.469 392.445
875.764 416.206
876.058 410.027
876.353 375.438
876.647 378.689
876.942 381.212
877.237 400.222
877.531 445.840
877.826 495.947
878.121 462.222
878.415 420.005
878.710 389.464
879.005 498.376
879.299 488.493
879.594 386.923
879.889 301.041
880.183 333.317
880.478 422.193
880.773 414.876
881.067 424.362
881.362 451.488
881.656 394.214
881.951 418.857
882.246 364.150
882.540 371.781
882.835 364.330
883.130 397.979
883.424 370.336
883.719 345.901
884.014 465.290
884.308 431.176
884.603 387.321
884.898 398.957
885.192 434.017
885.487 432.217
885.782 373.399
886.076 470.756
886.371 450.170
886.666 289.235
886.960 366.044
887.255 384.524
887.549 376.695
887.844 498.239
888.139 497.806
888.433 447.995
888.728 399.249
889.023 384.158
889.317 475.683
889.612 401.752
889.907 363.351
890.201 427.075
890.496 454.998
890.791 398.949
891.085 402.135
891.380 359.776
891.675 370.702
891.969 457.282
892.264 345.067
892.559 348.024
892.853 475.434
893.148 396.889
893.442 429.676
893.737 520.891
894.032 419.999
894.326 316.922
894.621 353.933
894.916 336.616
895.210 339.850
895.505 396.412
895.800 364.055
896.094 321.936
896.389 405.792
896.684 409.691
896.978 358.144
897.273 336.680
897.568 418.545
897.862 420.691
898.157 367.647
898.451 482.139
898.746 477.721
899.041 509.152
899.335 493.215
899.630 397.915
899.925 392.255
900.219 447.178
900.514 488.795
900.809 381.565
901.103 319.615
901.398 475.928
901.693 429.121
901.987 366.230
902.282 407.763
902.577 362.110
902.871 335.056
903.166 421.000
903.461 462.454
903.755 445.895
904.050 403.194
904.344 291.716
904.639 376.663
904.934 373.417
905.228 340.823
905.523 312.897
905.818 383.793
906.112 464.881
906.407 424.210
906.702 380.681
906.996 435.447
907.291 424.726
907.586 409.471
907.880 515.044
908.175 455.519
908.470 447.344
908.764 509.615
909.059 546.533
909.354 484.581
909.648 397.359
909.943 412.891
910.237 519.783
910.532 501.495
910.827 522.583
911.121 501.051
911.416 453.266
911.711 493.714
912.005 462.402
912.300 441.122
912.599 492.306
912.898 436.809
913.196 451.946
913.495 493.697
913.794 568.042
914.093 464.457
914.391 475.561
914.690 499.286
914.989 476.417
915.288 561.800
915.586 465.661
915.885 360.735
916.184 310.762
916.483 322.026
916.782 417.563
917.080 446.705
917.379 413.655
917.678 369.754
917.977 499.353
918.275 537.676
918.574 466.158
918.873 470.406
919.172 442.764
919.471 371.057
919.769 419.790
920.068 423.464
920.367 430.023
920.666 427.840
920.964 435.951
921.263 397.299
921.562 383.594
921.861 410.852
922.159 358.310
922.458 391.295
922.757 419.681
923.056 438.905
923.355 422.572
923.653 505.831
923.952 523.560
924.251 415.815
924.550 437.906
924.848 442.176
925.147 378.086
925.446 356.643
925.745 456.763
926.043 464.652
926.342 415.103
926.641 332.525
926.940 448.879
927.239 482.434
927.537 512.673
927.836 434.770
928.135 395.092
928.434 493.463
928.732 488.341
929.031 542.048
929.330 566.757
929.629 520.653
929.927 440.373
930.226 391.935
930.525 474.653
930.824 552.266
931.123 441.036
931.421 493.331
931.720 509.656
932.019 544.699
932.318 519.338
932.616 450.391
932.915 417.750
933.214 486.637
933.513 510.018
933.812 493.626
934.110 518.474
934.409 599.450
934.708 488.417
935.007 638.415
935.305 620.536
935.604 421.295
935.903 500.284
936.202 537.068
936.500 655.582
936.799 779.784
937.098 702.551
937.397 658.042
937.696 585.801
937.994 511.864
938.293 616.016
938.592 516.082
938.891 510.358
939.189 582.864
939.488 640.302
939.787 733.010
940.086 646.589
940.384 591.705
940.683 568.004
940.982 516.795
941.281 642.766
941.580 845.309
941.878 767.835
942.177 623.566
942.476 678.153
942.775 654.316
943.073 496.189
943.372 526.263
943.671 681.698
943.970 783.199
944.268 707.074
944.567 543.769
944.866 605.182
945.165 550.294
945.464 510.888
945.762 467.293
946.061 670.479
946.360 742.415
946.659 809.434
946.957 733.226
947.256 623.577
947.555 599.724
947.854 690.694
948.153 622.216
948.451 581.040
948.750 631.111
949.049 601.152
949.348 767.184
949.646 637.671
949.945 580.592
950.244 664.054
950.543 575.162
950.841 554.769
951.140 546.530
951.439 393.023
951.738 421.247
952.037 538.496
952.335 693.045
952.634 692.951
952.933 584.556
953.232 574.144
953.530 413.572
953.829 641.333
954.128 672.276
954.427 575.348
954.725 667.687
955.024 648.059
955.323 584.866
955.622 421.336
955.921 403.608
956.219 515.312
956.518 515.174
956.817 569.640
957.116 565.933
957.414 528.561
957.713 455.664
958.012 422.494
958.311 410.057
958.610 521.771
958.908 545.850
959.207 557.635
959.506 604.183
959.805 563.944
960.103 547.420
960.402 531.465
960.701 429.706
961.000 398.533
961.298 384.437
961.597 461.712
961.896 472.450
962.195 500.912
962.494 542.398
962.792 492.117
963.091 474.466
963.390 443.238
963.689 408.036
963.987 496.582
964.286 574.310
964.585 566.237
964.884 505.833
965.182 414.654
965.481 619.775
965.780 723.305
966.080 693.982
966.380 654.575
966.680 546.968
966.981 513.271
967.281 494.059
967.581 436.497
967.881 551.642
968.181 491.947
968.481 446.340
968.781 472.886
969.082 438.717
969.382 497.857
969.682 538.882
969.982 556.765
970.282 599.672
970.582 440.270
970.882 409.950
971.183 570.313
971.483 475.382
971.783 489.061
972.083 531.798
972.383 573.762
972.683 516.552
972.983 536.796
973.284 482.011
973.584 428.998
973.884 437.694
974.184 414.342
974.484 495.438
974.784 466.168
975.084 386.476
975.385 373.693
975.685 410.997
975.985 408.781
976.285 446.087
976.585 465.058
976.885 411.800
977.185 381.350
977.486 461.637
977.786 455.473
978.086 485.012
978.386 465.846
978.686 403.696
978.986 406.665
979.286 461.671
979.587 476.677
979.887 404.683
980.187 392.689
980.487 343.695
980.787 388.701
981.087 386.707
981.387 577.713
981.688 481.719
981.988 317.725
982.288 379.731
982.588 497.737
982.888 524.743
983.188 454.748
983.488 482.754
983.789 492.760
984.089 524.766
984.389 495.772
984.689 419.778
984.989 394.784
985.289 402.790
985.589 545.795
985.890 444.801
986.190 325.807
986.490 389.813
986.790 453.819
987.090 393.825
987.390 428.831
987.690 492.836
987.991 414.842
988.291 405.848
988.591 433.854
988.891 369.860
989.191 377.865
989.491 453.871
989.791 439.877
990.092 439.883
990.392 508.888
990.692 545.894
990.992 503.900
991.292 406.906
991.592 473.911
991.892 468.917
992.193 544.923
992.493 521.929
992.793 432.934
993.093 394.940
993.393 377.946
993.693 450.952
993.993 522.957
994.294 578.963
994.594 464.969
994.894 405.974
995.194 427.980
995.494 389.986
995.794 441.991
996.094 449.997
996.395 496.003
996.695 540.008
996.995 426.014
997.295 346.020
997.595 394.025
997.895 356.031
998.195 331.037
998.496 401.042
998.796 392.048
999.096 546.053
999.396 464.059
999.696 466.065
999.996 471.070
1000.296 527.076
1000.597 560.081
1000.897 486.087
1001.197 486.093
1001.497 587.098
1001.797 484.104
1002.097 389.109
1002.397 448.115
1002.698 491.120
1002.998 519.126
1003.298 528.131
1003.598 416.137
1003.898 381.143
1004.198 506.148
1004.498 530.154
1004.799 507.159
1005.099 509.165
1005.399 526.170
1005.699 569.176
1005.999 506.181
1006.299 433.187
1006.599 608.192
1006.900 575.198
1007.200 443.203
1007.500 496.209
1007.800 546.214
1008.100 411.219
1008.400 370.225
1008.700 401.230
1009.001 428.236
1009.301 440.241
1009.601 550.247
1009.901 578.252
1010.201 477.258
1010.501 502.263
1010.801 571.268
1011.102 454.274
1011.402 478.279
1011.702 377.285
1012.002 370.290
1012.302 499.295
1012.602 493.301
1012.902 441.306
1013.203 449.312
1013.503 510.317
1013.803 550.322
1014.103 406.328
1014.403 481.333
1014.703 419.338
1015.003 373.344
1015.304 488.349
1015.604 561.354
1015.904 414.360
1016.204 371.365
1016.504 428.370
1016.804 423.376
1017.104 447.381
1017.405 441.386
1017.705 413.392
1018.005 407.397
1018.305 456.402
1018.605 458.407
1018.905 340.413
1019.205 349.418
1019.506 582.423
1019.806 571.429
1020.106 462.434
1020.406 476.439
1020.706 524.444
1021.006 521.450
1021.306 555.455
1021.607 482.460
1021.907 576.465
1022.207 499.471
1022.507 402.476
1022.807 442.481
1023.107 484.486
1023.407 452.491
1023.708 424.497
1024.008 408.502
1024.308 413.507
1024.608 418.512
1024.908 400.517
1025.208 484.523
1025.508 606.528
1025.809 538.533
1026.109 402.538
1026.409 439.543
1026.709 486.548
1027.009 438.554
1027.309 496.559
1027.609 397.564
1027.910 368.569
1028.210 469.574
1028.510 557.579
1028.810 711.584
1029.110 617.589
1029.410 486.595
1029.710 575.600
1030.011 553.605
1030.311 621.610
1030.611 497.615
1030.911 459.620
1031.211 455.625
1031.511 429.630
1031.811 557.635
1032.112 556.640
1032.412 518.646
1032.712 377.651
1033.012 437.656
1033.312 636.661
1033.612 598.666
1033.912 503.671
1034.212 463.676
1034.513 442.681
1034.813 427.686
1035.113 525.691
1035.413 430.696
1035.713 443.701
1036.013 549.706
1036.313 492.711
1036.614 515.716
1036.914 427.721
1037.214 325.726
1037.514 492.731
1037.814 498.736
1038.114 492.741
1038.414 484.746
1038.715 502.751
1039.015 423.756
1039.315 360.761
1039.615 454.766
1039.915 462.771
1040.215 424.776
1040.515 376.781
1040.816 495.786
1041.116 497.791
1041.416 464.796
1041.716 403.800
1042.016 357.805
1042.316 500.810
1042.616 478.815
1042.917 449.820
1043.217 462.825
1043.517 473.830
1043.817 509.835
1044.117 502.840
1044.417 512.845
1044.717 454.850
1045.018 458.854
1045.318 521.859
1045.618 559.864
1045.918 467.869
1046.218 398.874
1046.518 434.879
1046.818 471.884
1047.119 402.888
1047.419 576.893
1047.719 508.898
1048.019 398.903
1048.319 466.908
1048.619 449.913
1048.919 455.917
1049.220 441.922
1049.520 520.927
1049.820 452.932
1050.120 379.937
1050.420 548.942
1050.720 459.946
1051.020 424.951
1051.321 489.956
1051.621 524.961
1051.921 470.966
1052.221 416.970
1052.521 346.975
1052.821 351.980
1053.121 498.985
1053.422 552.989
1053.722 553.994
1054.022 495.999
1054.322 590.004
1054.622 509.008
1054.922 403.013
1055.222 457.018
1055.523 480.023
1055.823 546.027
1056.123 550.032
1056.423 451.037
1056.723 510.041
1057.023 445.046
1057.323 312.051
1057.624 411.056
1057.924 537.060
1058.224 551.065
1058.524 477.070
1058.824 543.074
1059.124 522.079
1059.424 391.084
1059.725 441.088
1060.025 431.093
1060.325 415.098
1060.625 390.102
1060.925 464.107
1061.225 505.112
1061.525 537.116
1061.826 477.121
1062.126 534.126
1062.426 550.130
1062.726 519.135
1063.026 489.140
1063.326 646.144
1063.626 608.149
1063.927 502.153
1064.227 500.158
1064.527 439.163
1064.827 514.167
1065.127 447.172
1065.427 346.176
1065.727 392.181
1066.028 537.186
1066.328 546.190
1066.628 410.195
1066.928 397.199
1067.228 422.204
1067.528 433.209
1067.828 442.213
1068.129 366.218
1068.429 492.222
1068.729 508.227
1069.029 468.231
1069.329 398.236
1069.629 451.240
1069.929 527.245
1070.230 553.249
1070.530 522.254
1070.830 451.259
1071.130 527.263
1071.430 472.268
1071.730 486.272
1072.030 582.277
1072.331 471.281
1072.631 431.286
1072.931 497.290
1073.231 543.295
1073.531 447.299
1073.831 386.304
1074.131 473.308
1074.432 556.313
1074.732 480.317
1075.032 393.321
1075.332 403.326
1075.632 420.330
1075.932 404.335
1076.232 377.339
1076.533 375.344
1076.833 445.348
1077.133 459.353
1077.433 428.357
1077.733 417.362
1078.033 534.366
1078.333 526.370
1078.634 497.375
1078.934 465.379
1079.234 436.384
1079.534 513.388
1079.834 578.392
1080.134 507.397
1080.434 501.401
1080.735 487.406
1081.035 430.410
1081.335 360.414
1081.635 383.419
1081.935 426.423
1082.235 465.428
1082.535 441.432
1082.836 458.436
1083.136 463.441
1083.436 601.445
1083.736 597.449
1084.036 474.454
1084.336 414.458
1084.636 457.463
1084.937 561.467
1085.237 562.471
1085.537 468.476
1085.837 501.480
1086.137 493.484
1086.437 536.489
1086.737 490.493
1087.038 445.497
1087.338 528.502
1087.638 549.506
1087.938 424.510
1088.238 339.514
1088.538 449.519
1088.838 557.523
1089.139 605.527
1089.439 449.532
1089.739 521.536
1090.039 566.540
1090.339 569.544
1090.639 449.549
1090.939 491.553
1091.240 453.557
1091.540 483.562
1091.840 467.566
1092.140 584.570
1092.453 593.574
1092.766 485.579
1093.079 399.583
1093.392 440.587
1093.705 403.591
1094.018 441.596
1094.330 509.600
1094.643 507.604
1094.956 551.608
1095.269 483.612
1095.582 489.617
1095.895 438.621
1096.208 409.625
1096.521 481.629
1096.834 499.633
1097.147 458.638
1097.460 501.642
1097.773 595.646
1098.085 515.650
1098.398 437.654
1098.711 443.659
1099.024 361.663
1099.337 470.667
1099.650 548.671
1099.963 551.675
1100.276 453.679
1100.589 475.684
1100.902 506.688
1101.215 493.692
1101.528 542.696
1101.841 463.700
1102.153 482.704
1102.466 541.709
1102.779 412.713
1103.092 411.717
1103.405 484.721
1103.718 467.725
1104.031 505.729
1104.344 569.733
1104.657 497.737
1104.970 701.742
1105.283 558.746
1105.596 437.750
1105.909 436.754
1106.221 522.758
1106.534 504.762
1106.847 412.766
1107.160 370.770
1107.473 378.774
1107.786 466.778
1108.099 432.782
1108.412 435.787
1108.725 460.791
1109.038 379.795
1109.351 532.799
1109.664 530.803
1109.977 434.807
1110.289 468.811
1110.602 432.815
1110.915 397.819
1111.228 411.823
1111.541 422.827
1111.854 383.831
1112.167 345.835
1112.480 364.839
1112.793 435.843
1113.106 487.847
1113.419 539.851
1113.732 491.855
1114.044 397.859
1114.357 506.863
1114.670 508.867
1114.983 435.871
1115.296 413.875
1115.609 479.879
1115.922 518.883
1116.235 508.887
1116.548 464.891
1116.861 439.895
1117.174 417.899
1117.487 462.903
1117.800 595.907
1118.112 520.911
1118.425 457.915
1118.738 446.919
1119.051 423.923
1119.364 397.927
1119.677 486.931
1119.990 425.935
1120.303 449.939
1120.616 550.943
1120.929 444.947
1121.242 558.951
1121.555 559.955
1121.868 458.958
1122.180 457.962
1122.493 345.966
1122.806 338.970
1123.119 419.974
1123.432 487.978
1123.745 444.982
1124.058 391.986
1124.371 378.990
1124.684 546.994
1124.997 516.998
1125.310 434.001
1125.623 344.005
1125.935 317.009
1126.248 408.013
1126.561 469.017
1126.874 460.021
1127.187 541.025
1127.500 536.029
1127.813 499.033
1128.126 494.036
1128.439 487.040
1128.752 579.044
1129.065 444.048
1129.378 293.052
1129.691 426.056
1130.003 508.059
1130.316 473.063
1130.629 381.067
1130.942 412.071
1131.255 402.075
1131.568 364.079
1131.881 402.083
1132.194 478.086
1132.507 452.090
1132.820 447.094
1133.133 487.098
1133.446 381.102
1133.759 564.105
1134.071 882.109
1134.384 652.113
1134.697 618.117
1135.010 617.121
1135.323 474.124
1135.636 381.128
1135.949 357.132
1136.262 378.136
1136.575 437.140
1136.888 469.143
1137.201 423.147
1137.514 440.151
1137.826 516.155
1138.139 399.158
1138.452 449.162
1138.765 631.166
1139.078 638.170
1139.391 548.173
1139.704 458.177
1140.017 500.181
1140.330 450.185
1140.643 383.188
1140.956 411.192
1141.269 463.196
1141.582 467.200
1141.894 445.203
1142.207 553.207
1142.520 487.211
1142.833 491.214
1143.146 427.218
1143.459 394.222
1143.772 444.226
1144.085 523.229
1144.398 423.233
1144.711 416.237
1145.024 404.240
1145.337 454.244
1145.650 492.248
1145.962 397.251
1146.275 432.255
1146.588 352.259
1146.901 511.263
1147.214 493.266
1147.527 436.270
1147.840 484.274
1148.153 442.277
1148.466 441.281
1148.779 448.285
1149.092 517.288
1149.405 423.292
1149.718 442.296
1150.030 492.299
1150.343 484.303
1150.656 453.306
1150.969 466.310
1151.282 537.314
1151.595 491.317
1151.908 416.321
1152.221 312.325
1152.534 368.328
1152.847 585.332
1153.160 537.335
1153.473 489.339
1153.785 518.343
1154.098 494.346
1154.411 555.350
1154.724 520.354
1155.037 608.357
1155.350 507.361
1155.663 468.364
1155.976 424.368
1156.289 516.372
1156.602 471.375
1156.915 359.379
1157.228 362.382
1157.541 367.386
1157.853 352.389
1158.166 441.393
1158.479 527.397
1158.792 460.400
1159.105 492.404
1159.418 517.407
1159.731 472.411
1160.044 427.414
1160.357 565.418
1160.670 526.421
1160.983 374.425
1161.296 454.429
1161.609 588.432
1161.921 480.436
1162.234 377.439
1162.547 340.443
1162.860 387.446
1163.173 366.450
1163.486 394.453
1163.799 468.457
1164.112 476.460
1164.425 436.464
1164.738 384.467
1165.051 351.471
1165.364 409.474
1165.676 451.478
1165.989 465.481
1166.302 392.485
1166.615 448.488
1166.928 459.492
1167.241 508.495
1167.554 517.499
1167.867 486.502
1168.180 452.506
1168.493 379.509
1168.806 386.513
1169.119 399.516
1169.432 471.520
1169.744 450.523
1170.057 442.527
1170.370 526.530
1170.683 513.534
1170.996 426.537
1171.309 417.541
1171.622 404.544
1171.935 461.547
1172.248 578.551
1172.561 531.554
1172.874 456.558
1173.187 465.561
1173.500 486.565
1173.812 556.568
1174.125 535.571
1174.438 540.575
1174.751 475.578
1175.064 450.582
1175.377 490.585
1175.690 429.589
1176.003 425.592
1176.316 501.595
1176.629 484.599
1176.942 428.602
1177.255 374.606
1177.567 358.609
1177.880 437.612
1178.193 494.616
1178.506 443.619
1178.819 513.623
1179.132 539.626
1179.445 365.629
1179.758 453.633
1180.071 547.636
1180.384 488.640
1180.697 513.643
1181.010 476.646
1181.323 503.650
1181.635 515.653
1181.948 498.656
1182.261 442.660
1182.574 423.663
1182.887 457.666
1183.200 596.670
1183.513 505.673
1183.826 460.676
1184.139 496.680
1184.452 455.683
1184.765 390.686
1185.078 347.690
1185.391 376.693
1185.703 405.696
1186.016 339.700
1186.329 328.703
1186.642 407.706
1186.955 522.710
1187.268 466.713
1187.581 462.716
1187.894 492.720
1188.207 510.723
1188.520 429.726
1188.833 428.730
1189.146 392.733
1189.459 365.736
1189.771 360.740
1190.084 491.743
1190.397 496.746
1190.710 458.749
1191.023 444.753
1191.336 476.756
1191.649 452.759
1191.962 503.763
1192.275 413.766
1192.588 471.769
1192.901 498.772
1193.214 419.776
1193.526 440.779
1193.839 490.782
1194.152 401.785
1194.465 467.789
1194.778 483.792
1195.091 502.795
1195.404 478.798
1195.717 477.802
1196.030 487.805
1196.343 444.808
1196.656 384.811
1196.969 442.815
1197.282 475.818
1197.594 498.821
1197.907 608.824
1198.220 540.828
1198.533 396.831
1198.846 415.834
1199.159 445.837
1199.472 495.840
1199.785 521.844
1200.098 448.847
1200.411 562.850
1200.724 510.853
1201.037 445.857
1201.350 361.860
1201.662 358.863
1201.975 450.866
1202.288 436.869
1202.601 162.873
