165.028 -19.322
165.288 5.757
165.547 -12.164
165.807 3.916
166.067 20.996
166.327 25.076
166.587 -24.843
166.847 18.238
167.107 10.320
167.367 -38.598
167.627 -6.516
167.886 31.567
168.146 38.650
168.406 61.734
168.666 29.817
168.926 19.901
169.186 41.986
169.446 63.071
169.706 2.156
169.966 16.242
170.225 40.327
170.485 5.414
170.745 10.500
171.005 5.587
171.265 11.674
171.525 22.762
171.785 14.849
172.045 -22.062
172.305 7.026
172.564 27.115
172.824 -38.796
173.084 24.293
173.344 13.383
173.604 -21.527
173.864 7.563
174.124 23.653
174.384 30.744
174.644 -2.165
174.903 29.927
175.163 68.018
175.423 31.110
175.683 22.202
175.943 40.295
176.203 47.387
176.463 3.480
176.723 -15.427
176.983 -18.333
177.242 -9.240
177.502 22.854
177.762 29.948
178.022 35.042
178.282 27.137
178.542 20.232
178.802 27.327
179.062 34.422
179.322 52.518
179.581 27.613
179.841 1.709
180.101 20.805
180.361 34.901
180.621 52.998
180.881 29.094
181.141 10.191
181.401 30.288
181.661 10.386
181.920 11.483
182.180 34.581
182.440 25.678
182.700 5.776
182.960 15.874
183.220 27.973
183.480 38.071
183.740 11.170
184.000 6.268
184.259 -15.633
184.519 7.466
184.779 -4.435
185.039 0.665
185.299 38.764
185.559 69.864
185.819 57.964
186.079 52.063
186.339 25.163
186.598 13.264
186.858 -12.636
187.118 -0.536
187.378 -12.435
187.638 -6.335
187.898 32.766
188.158 44.867
188.418 45.968
188.678 18.069
188.937 20.170
189.197 8.271
189.457 -36.628
189.717 -1.526
189.977 33.575
190.237 14.677
190.497 31.778
190.757 94.880
191.017 80.982
191.276 21.084
191.536 27.186
191.796 27.288
192.056 -11.610
192.316 0.492
192.576 -17.406
192.836 17.697
193.096 53.799
193.356 21.901
193.616 15.004
193.875 15.106
194.135 29.209
194.395 54.311
194.655 75.414
194.915 38.516
195.175 11.619
195.435 32.722
195.695 20.824
195.955 -23.073
196.214 7.030
196.474 45.133
196.734 22.236
196.994 16.338
197.254 76.441
197.514 38.544
197.774 -1.353
198.034 25.750
198.294 20.853
198.553 43.956
198.813 45.058
199.073 -20.839
199.333 -0.736
199.593 47.367
199.853 36.470
200.113 61.573
200.373 35.676
200.633 25.778
200.892 33.881
201.152 -6.016
201.412 -12.913
201.672 -20.810
201.932 4.292
202.192 27.395
202.452 37.498
202.712 66.600
202.972 77.703
203.231 75.806
203.491 14.908
203.751 -16.989
204.011 41.113
204.271 42.215
204.531 1.318
204.791 20.420
205.051 21.522
205.311 8.625
205.570 -25.273
205.830 5.829
206.090 40.931
206.350 9.033
206.610 6.135
206.870 3.237
207.130 5.339
207.390 35.440
207.650 73.542
207.909 20.644
208.169 -15.255
208.429 30.847
208.689 -4.052
208.949 -5.950
209.209 19.151
209.469 17.252
209.729 18.353
209.989 7.454
210.248 42.555
210.508 126.656
210.768 79.757
211.028 -4.143
211.288 14.958
211.548 29.059
211.808 35.159
212.068 61.259
212.328 79.360
212.587 32.460
212.847 -4.440
213.107 23.660
213.367 10.760
213.627 -14.141
213.887 51.959
214.147 -16.941
214.407 8.158
214.667 49.257
214.926 100.357
215.186 79.456
215.446 28.555
215.706 8.654
215.966 13.752
216.226 47.851
216.486 -2.050
216.746 8.048
217.006 48.146
217.265 17.245
217.525 37.343
217.785 42.441
218.045 20.539
218.305 -26.364
218.565 -10.266
218.825 39.831
219.085 85.929
219.345 61.026
219.604 63.123
219.864 68.220
220.124 35.317
220.384 85.414
220.644 95.510
220.904 -21.393
221.164 -15.297
221.424 36.799
221.684 48.895
221.943 14.991
222.203 41.087
222.463 42.183
222.723 28.278
222.983 117.374
223.243 83.469
223.503 53.564
223.763 28.659
224.023 38.754
224.282 68.849
224.542 31.943
224.802 11.038
225.062 28.132
225.322 64.226
225.582 42.320
225.842 14.414
226.102 0.507
226.362 39.601
226.621 52.694
226.881 18.787
227.141 8.881
227.401 7.973
227.661 12.066
227.921 36.159
228.181 47.251
228.441 46.344
228.701 30.436
228.960 51.528
229.220 69.620
229.480 74.711
229.740 46.803
230.000 91.894
230.260 42.985
230.520 19.076
230.780 28.167
231.040 -8.742
231.299 -30.651
231.559 -35.561
231.819 14.529
232.079 54.619
232.339 27.709
232.599 9.799
232.859 52.889
233.119 34.978
233.379 2.067
233.638 36.157
233.898 60.245
234.158 28.334
234.418 -32.577
234.678 17.511
234.938 68.600
235.198 20.688
235.458 -26.224
235.718 1.864
235.978 -9.049
236.237 6.039
236.497 70.126
236.757 96.213
237.017 88.300
237.277 107.387
237.537 92.473
237.797 32.560
238.057 10.646
238.317 18.732
238.576 5.818
238.836 45.904
239.096 40.990
239.356 68.075
239.616 69.160
239.876 69.245
240.136 50.330
240.396 42.415
240.656 88.500
240.915 78.584
241.175 43.668
241.435 1.752
241.695 4.836
241.955 57.920
242.215 105.004
242.475 91.087
242.735 30.170
242.995 40.253
243.254 53.336
243.514 50.419
243.774 28.501
244.034 30.584
244.294 65.666
244.554 57.748
244.814 57.830
245.074 37.911
245.334 6.993
245.593 -16.926
245.853 -8.845
246.113 0.236
246.373 15.317
246.633 51.397
246.893 75.478
247.153 53.558
247.413 31.638
247.673 39.718
247.932 42.798
248.192 88.877
248.452 79.957
248.712 57.036
248.972 17.115
249.232 65.194
249.492 80.273
249.752 91.351
250.012 44.429
250.271 22.508
250.531 55.586
250.791 63.663
251.051 47.741
251.311 54.818
251.571 57.896
251.831 78.973
252.091 56.050
252.351 20.127
252.610 -0.797
252.870 74.280
253.130 18.356
253.390 20.432
253.650 33.508
253.911 43.584
254.172 94.659
254.433 78.735
254.694 53.810
254.955 52.885
255.216 3.960
255.477 70.034
255.738 95.109
255.999 84.183
256.261 73.257
256.522 9.331
256.783 8.405
257.044 45.479
257.305 11.552
257.566 7.626
257.827 5.699
258.088 36.772
258.349 30.845
258.610 39.917
258.871 -0.010
259.132 41.062
259.393 38.134
259.654 37.206
259.915 35.278
260.176 -3.651
260.437 31.421
260.698 89.492
260.959 58.563
261.221 9.634
261.482 21.705
261.743 67.775
262.004 83.846
262.265 70.916
262.526 60.986
262.787 69.056
263.048 43.126
263.309 46.195
263.570 54.265
263.831 49.334
264.092 88.403
264.353 32.472
264.614 28.541
264.875 54.609
265.136 56.678
265.397 82.746
265.658 73.814
265.919 90.882
266.181 80.950
266.442 65.017
266.703 21.085
266.964 27.152
267.225 39.219
267.486 54.286
267.747 44.353
268.008 45.419
268.269 103.486
268.530 79.552
268.791 61.618
269.052 81.684
269.313 62.750
269.574 16.815
269.835 64.881
270.096 71.946
270.357 41.011
270.618 36.076
270.879 42.141
271.141 7.206
271.402 -18.730
271.663 7.335
271.924 29.399
272.185 40.463
272.446 46.527
272.707 80.590
272.968 44.654
273.229 28.717
273.490 22.780
273.751 51.843
274.012 49.906
274.273 109.969
274.534 99.032
274.795 52.094
275.056 67.156
275.317 41.218
275.578 32.280
275.839 88.342
276.101 45.404
276.362 41.465
276.623 77.527
276.884 94.588
277.145 47.649
277.406 62.710
277.667 56.770
277.928 41.831
278.189 100.891
278.450 87.952
278.711 117.012
278.972 102.072
279.233 43.132
279.494 74.191
279.755 99.251
280.016 91.310
280.277 25.369
280.538 31.428
280.799 20.487
281.061 50.546
281.322 56.605
281.583 28.663
281.844 32.721
282.105 28.779
282.366 32.837
282.627 15.895
282.888 34.953
283.149 55.011
283.410 60.068
283.671 64.125
283.932 90.182
284.193 64.239
284.454 18.296
284.715 9.353
284.976 -33.591
285.237 31.466
285.498 127.522
285.759 88.578
286.021 69.634
286.282 60.690
286.543 45.746
286.804 45.801
287.065 39.857
287.326 35.912
287.587 50.967
287.848 45.022
288.109 28.077
288.370 22.131
288.631 45.186
288.892 51.240
289.153 40.295
289.414 8.349
289.675 50.403
289.936 86.457
290.197 90.510
290.458 55.564
290.719 17.617
290.981 28.670
291.242 84.724
291.503 53.777
291.764 1.830
292.025 15.882
292.286 11.935
292.547 48.987
292.808 69.040
293.069 100.092
293.330 106.144
293.591 52.196
293.852 29.248
294.113 59.299
294.374 68.351
294.635 43.402
294.896 66.454
295.157 106.505
295.418 108.556
295.679 59.607
295.941 51.657
296.202 72.708
296.463 35.758
296.724 55.809
296.985 109.859
297.246 76.909
297.507 59.959
297.768 97.009
298.029 73.058
298.290 92.108
298.551 73.157
298.812 82.207
299.073 65.256
299.334 65.305
299.595 87.354
299.856 97.403
300.117 122.451
300.378 96.500
300.639 86.548
300.901 89.597
301.162 101.645
301.423 70.693
301.684 48.741
301.945 80.789
302.206 73.836
302.467 41.884
302.728 40.931
302.989 76.979
303.250 92.026
303.511 89.073
303.772 67.120
304.033 65.167
304.294 38.213
304.555 54.260
304.816 45.306
305.077 24.353
305.338 53.399
305.599 78.445
305.861 71.491
306.122 98.537
306.383 35.582
306.644 29.628
306.905 36.674
307.166 75.719
307.427 57.764
307.688 48.809
307.949 56.854
308.210 72.899
308.471 48.944
308.732 10.989
308.993 26.033
309.254 62.078
309.515 30.122
309.776 48.166
310.037 22.210
310.298 34.254
310.559 62.298
310.821 95.342
311.082 108.386
311.343 85.429
311.604 52.473
311.865 49.516
312.126 16.559
312.387 65.602
312.648 79.645
312.909 92.688
313.170 45.731
313.434 52.773
313.698 44.816
313.963 44.858
314.227 60.901
314.491 89.943
314.755 66.985
315.019 37.027
315.284 9.069
315.548 57.111
315.812 72.152
316.076 59.194
316.340 85.235
316.604 124.277
316.869 88.318
317.133 79.359
317.397 105.400
317.661 73.441
317.925 70.482
318.190 64.522
318.454 101.563
318.718 79.603
318.982 90.644
319.246 90.684
319.511 105.724
319.775 60.764
320.039 75.804
320.303 98.844
320.567 127.884
320.832 128.924
321.096 52.963
321.360 93.003
321.624 86.042
321.888 30.081
322.153 71.120
322.417 96.159
322.681 92.198
322.945 105.237
323.209 58.276
323.473 97.315
323.738 121.353
324.002 89.392
324.266 66.430
324.530 55.468
324.794 64.506
325.059 89.545
325.323 57.583
325.587 69.620
325.851 69.658
326.115 71.696
326.380 92.733
326.644 42.771
326.908 55.808
327.172 76.846
327.436 70.883
327.701 86.920
327.965 79.957
328.229 67.994
328.493 53.031
328.757 61.067
329.022 65.104
329.286 42.140
329.550 53.177
329.814 63.213
330.078 56.250
330.342 33.286
330.607 66.322
330.871 81.358
331.135 86.394
331.399 49.429
331.663 3.465
331.928 58.501
332.192 64.536
332.456 72.572
332.720 83.607
332.984 64.642
333.249 47.677
333.513 52.712
333.777 66.747
334.041 28.782
334.305 21.817
334.570 67.852
334.834 60.886
335.098 50.921
335.362 60.955
335.626 68.990
335.891 32.024
336.155 42.058
336.419 -5.908
336.683 -1.874
336.947 66.160
337.211 52.194
337.476 66.228
337.740 96.262
338.004 76.295
338.268 30.329
338.532 9.362
338.797 34.395
339.061 59.429
339.325 63.462
339.589 56.495
339.853 44.528
340.118 61.561
340.382 94.594
340.646 87.626
340.910 59.659
341.174 109.692
341.439 56.724
341.703 30.757
341.967 50.789
342.231 77.821
342.495 100.853
342.759 129.886
343.024 84.918
343.288 86.949
343.552 112.981
343.816 63.013
344.080 60.045
344.345 36.076
344.609 43.108
344.873 58.139
345.137 73.171
345.401 102.202
345.666 26.233
345.930 23.264
346.194 64.296
346.458 50.326
346.722 42.357
346.987 35.388
347.251 82.419
347.515 86.450
347.779 91.480
348.043 74.511
348.308 29.541
348.572 8.572
348.836 4.602
349.100 25.632
349.364 53.662
349.628 29.692
349.893 50.722
350.157 90.752
350.421 91.782
350.685 35.812
350.949 -12.158
351.214 13.871
351.478 5.901
351.742 23.930
352.006 44.960
352.270 45.989
352.535 80.018
352.799 70.047
353.063 63.077
353.327 52.106
353.591 26.135
353.856 38.163
354.120 65.192
354.384 92.221
354.648 98.250
354.912 85.278
355.177 50.307
355.441 47.335
355.705 78.364
355.969 65.392
356.233 93.420
356.497 98.449
356.762 59.477
357.026 50.505
357.290 107.533
357.554 100.561
357.818 61.588
358.083 43.616
358.347 73.644
358.611 89.672
358.875 78.699
359.139 50.727
359.404 38.754
359.668 104.781
359.932 124.809
360.196 102.836
360.460 75.863
360.725 44.890
360.989 55.917
361.253 83.944
361.517 74.971
361.781 63.998
362.046 99.025
362.310 122.052
362.574 94.078
362.838 62.105
363.102 14.131
363.366 36.158
363.631 83.184
363.895 63.210
364.159 69.237
364.423 76.263
364.687 109.289
364.952 75.315
365.216 88.341
365.480 109.367
365.747 94.393
366.013 105.419
366.280 67.444
366.546 58.470
366.813 67.496
367.079 78.521
367.346 76.547
367.612 84.572
367.879 96.598
368.145 90.623
368.412 61.648
368.678 67.673
368.945 52.699
369.211 69.724
369.478 90.749
369.744 81.774
370.011 62.799
370.278 75.823
370.544 40.848
370.811 12.873
371.077 46.898
371.344 41.922
371.610 47.947
371.877 58.971
372.143 81.996
372.410 110.020
372.676 87.044
372.943 41.068
373.209 63.093
373.476 75.117
373.742 51.141
374.009 99.165
374.276 102.189
374.542 103.213
374.809 70.237
375.075 25.260
375.342 11.284
375.608 13.308
375.875 62.331
376.141 74.355
376.408 47.378
376.674 81.402
376.941 90.425
377.207 70.449
377.474 132.472
377.740 109.495
378.007 54.518
378.273 35.541
378.540 58.564
378.807 77.587
379.073 76.610
379.340 82.633
379.606 68.656
379.873 78.679
380.139 99.702
380.406 76.724
380.672 27.747
380.939 40.770
381.205 46.792
381.472 19.815
381.738 51.837
382.005 123.859
382.271 115.882
382.538 48.904
382.804 95.926
383.071 86.948
383.338 65.970
383.604 74.992
383.871 79.014
384.137 67.036
384.404 76.058
384.670 77.080
384.937 70.102
385.203 77.124
385.470 67.145
385.736 86.167
386.003 62.188
386.269 52.210
386.536 88.231
386.802 54.253
387.069 59.274
387.336 119.296
387.602 131.317
387.869 80.338
388.135 60.359
388.402 48.380
388.668 36.402
388.935 41.423
389.201 99.444
389.468 110.464
389.734 108.485
390.001 101.506
390.267 63.527
390.534 39.548
390.800 79.568
391.067 77.589
391.333 94.610
391.600 59.630
391.867 99.651
392.133 140.671
392.400 47.692
392.666 7.712
392.933 72.732
393.199 89.753
393.466 68.773
393.732 55.793
393.999 86.813
394.265 92.833
394.532 66.853
394.798 52.873
395.065 63.893
395.331 71.913
395.598 41.933
395.864 72.953
396.131 63.973
396.398 63.992
396.664 71.012
396.931 32.032
397.197 60.051
397.464 76.071
397.730 144.090
397.997 127.110
398.263 83.129
398.530 60.148
398.796 77.168
399.063 131.187
399.329 134.206
399.596 153.225
399.862 135.244
400.129 93.264
400.396 105.283
400.662 75.302
400.929 102.321
401.195 74.340
401.462 86.358
401.728 118.377
401.995 133.396
402.261 142.415
402.528 176.434
402.794 206.452
403.061 155.471
403.327 170.489
403.594 196.508
403.860 200.526
404.127 200.545
404.393 193.563
404.660 187.582
404.931 247.600
405.202 303.618
405.473 289.637
405.745 268.655
406.016 322.673
406.287 342.691
406.558 335.709
406.829 366.727
407.100 370.745
407.371 440.763
407.642 415.781
407.914 447.799
408.185 426.817
408.456 442.835
408.727 478.852
408.998 468.870
409.269 470.888
409.540 469.905
409.811 479.923
410.083 473.941
410.354 422.958
410.625 389.976
410.896 422.993
411.167 428.010
411.438 401.028
411.709 387.045
411.981 382.062
412.252 308.080
412.523 278.097
412.794 290.114
413.065 265.131
413.336 221.148
413.607 231.165
413.878 272.182
414.150 223.199
414.421 241.216
414.692 207.233
414.963 192.250
415.234 211.267
415.505 180.284
415.776 159.301
416.047 204.317
416.319 147.334
416.590 134.351
416.861 110.367
417.132 120.384
417.403 120.400
417.674 98.417
417.945 46.433
418.217 16.450
418.488 82.466
418.759 72.483
419.030 35.499
419.301 99.515
419.572 103.531
419.843 109.548
420.114 88.564
420.386 101.580
420.657 85.596
420.928 88.612
421.199 106.628
421.470 70.644
421.741 2.660
422.012 50.676
422.283 99.692
422.555 107.708
422.826 71.724
423.097 108.740
423.368 74.755
423.639 34.771
423.910 58.787
424.181 94.802
424.453 92.818
424.724 131.834
424.995 123.849
425.266 136.865
425.537 88.880
425.808 25.896
426.079 16.911
426.350 51.926
426.622 76.942
426.893 128.957
427.164 82.972
427.435 49.988
427.706 104.003
427.977 67.018
428.248 8.033
428.519 68.048
428.791 65.063
429.062 69.079
429.333 30.094
429.604 35.109
429.875 103.124
430.146 109.138
430.417 90.153
430.689 54.168
430.960 23.183
431.231 71.198
431.502 69.213
431.773 86.227
432.044 133.242
432.315 97.257
432.586 34.271
432.858 55.286
433.129 97.301
433.400 116.315
433.671 103.330
433.942 92.344
434.213 47.359
434.484 94.373
434.755 70.388
435.027 28.402
435.298 75.416
435.569 95.431
435.840 68.445
436.116 38.459
436.391 52.473
436.667 108.487
436.942 124.502
437.218 94.516
437.493 129.530
437.769 110.544
438.045 66.558
438.320 71.572
438.596 76.586
438.871 109.600
439.147 125.614
439.422 70.628
439.698 18.642
439.974 42.655
440.249 61.669
440.525 96.683
440.800 88.697
441.076 72.710
441.351 90.724
441.627 93.738
441.903 78.751
442.178 81.765
442.454 71.779
442.729 85.792
443.005 75.806
443.281 110.819
443.556 145.833
443.832 82.846
444.107 45.859
444.383 45.873
444.658 53.886
444.934 57.899
445.210 116.913
445.485 156.926
445.761 134.939
446.036 90.952
446.312 127.966
446.587 166.979
446.863 106.992
447.139 80.005
447.414 66.018
447.690 129.031
447.965 155.044
448.241 93.057
448.516 110.070
448.792 117.083
449.068 108.096
449.343 135.109
449.619 140.122
449.894 124.135
450.170 109.147
450.445 157.160
450.721 117.173
450.997 106.186
451.272 103.198
451.548 81.211
451.823 102.224
452.099 105.236
452.375 82.249
452.650 68.261
452.926 114.274
453.201 116.286
453.477 143.299
453.752 138.311
454.028 94.324
454.304 101.336
454.579 119.349
454.855 133.361
455.130 95.373
455.406 105.386
455.681 83.398
455.957 81.410
456.233 91.422
456.508 123.435
456.784 149.447
457.059 126.459
457.335 115.471
457.610 80.483
457.886 80.495
458.162 110.507
458.437 127.520
458.713 108.532
458.988 82.544
459.264 54.555
459.539 85.567
459.815 135.579
460.091 119.591
460.366 110.603
460.642 93.615
460.917 88.627
461.193 80.639
461.468 87.650
461.744 89.662
462.020 26.674
462.295 60.686
462.571 60.697
462.846 56.709
463.122 116.721
463.397 109.732
463.673 63.680
463.949 66.689
464.224 87.679
464.500 42.736
464.775 80.790
465.051 111.578
465.327 115.697
465.602 70.683
465.878 95.740
466.153 110.626
466.429 122.736
466.704 119.630
466.980 69.881
467.256 84.892
467.531 132.036
467.807 117.149
468.082 93.112
468.358 80.017
468.633 71.233
468.909 62.208
469.185 73.337
469.460 72.416
469.736 59.409
470.011 71.504
470.287 78.486
470.562 102.849
470.838 104.982
471.114 133.382
471.389 99.049
471.665 79.949
471.940 69.920
472.216 56.773
472.491 35.565
472.767 20.399
473.043 74.162
473.318 131.983
473.594 77.384
473.869 93.750
474.145 131.401
474.421 140.568
474.696 109.042
474.972 97.963
475.247 138.848
475.523 137.699
475.798 90.960
476.074 80.694
476.350 105.145
476.625 112.399
476.901 144.010
477.176 137.764
477.452 88.804
477.727 48.123
478.003 41.987
478.279 72.486
478.554 84.691
478.830 85.805
479.105 98.840
479.381 111.934
479.656 109.917
479.932 62.197
480.208 88.460
480.483 134.892
480.759 127.825
481.034 102.454
481.310 95.393
481.585 107.308
481.861 111.350
482.137 84.058
482.412 89.014
482.688 115.954
482.963 47.643
483.239 41.593
483.514 76.674
483.790 97.530
484.066 111.429
484.341 100.350
484.617 115.215
484.892 111.015
485.168 77.194
485.443 83.092
485.719 95.030
485.995 94.851
486.270 101.704
486.546 99.535
486.821 83.718
487.097 65.794
487.373 75.601
487.648 85.304
487.924 100.962
488.199 106.766
488.475 71.412
488.750 48.733
489.026 68.417
489.302 53.706
489.577 58.565
489.853 100.633
490.128 103.581
490.404 103.489
490.679 91.756
490.955 110.249
491.231 113.191
491.506 102.547
491.782 97.760
492.057 95.717
492.333 120.188
492.608 86.929
492.884 68.347
493.160 39.981
493.435 72.421
493.711 108.705
493.986 57.677
494.262 74.409
494.537 78.340
494.813 83.333
495.089 51.990
495.364 62.804
495.640 68.707
495.915 57.911
496.191 127.916
496.467 122.139
496.742 58.109
497.018 44.412
497.293 22.704
497.569 46.451
497.844 91.106
498.120 91.115
498.396 62.535
498.671 43.738
498.947 102.337
499.222 89.525
499.498 100.569
499.773 86.647
500.049 100.787
500.325 104.889
500.600 65.107
500.876 93.209
501.151 116.475
501.427 135.677
501.702 129.792
501.978 126.786
502.254 157.261
502.529 136.991
502.805 141.166
503.080 171.559
503.356 174.769
503.631 134.550
503.907 117.625
504.183 45.771
504.458 97.399
504.734 169.099
505.009 204.497
505.285 147.021
505.560 121.603
505.836 152.099
506.112 126.804
506.387 102.521
506.663 118.604
506.938 86.257
507.214 99.410
507.490 145.783
507.765 113.354
508.041 133.544
508.316 101.262
508.592 86.968
508.867 94.937
509.143 129.021
509.419 154.155
509.694 104.707
509.970 97.694
510.245 96.506
510.521 137.418
510.796 77.349
511.072 48.386
511.348 102.137
511.623 94.169
511.899 43.200
512.174 90.832
512.450 97.694
512.725 56.036
513.001 5.443
513.277 50.001
513.552 63.744
513.828 71.516
514.103 66.527
514.379 40.960
514.654 30.061
514.930 60.461
515.206 115.366
515.481 97.709
515.757 104.382
516.032 119.943
516.308 187.100
516.583 200.583
516.859 123.277
517.135 102.837
517.410 113.335
517.686 114.315
517.961 150.280
518.237 149.996
518.513 132.288
518.788 148.609
519.064 221.689
519.339 188.094
519.615 157.997
519.890 193.532
520.166 156.745
520.442 188.363
520.717 266.330
520.993 290.679
521.268 233.621
521.544 240.366
521.819 239.911
522.095 251.205
522.371 302.745
522.646 245.226
522.922 233.504
523.197 291.941
523.473 279.229
523.748 244.786
524.024 240.966
524.300 263.940
524.575 230.454
524.851 246.729
525.126 311.510
525.402 345.308
525.677 302.253
525.953 256.083
526.229 280.946
526.504 259.213
526.780 241.764
527.055 264.969
527.331 277.416
527.606 281.520
527.882 241.067
528.158 248.010
528.433 289.760
528.709 274.412
528.984 257.144
529.260 264.377
529.535 282.382
529.811 230.515
530.087 163.594
530.362 191.697
530.638 199.219
530.913 197.682
531.189 198.845
531.465 160.242
531.740 155.573
532.016 177.007
532.291 185.718
532.567 177.364
532.842 170.588
533.118 190.159
533.394 155.399
533.669 94.424
533.945 139.179
534.220 135.294
534.496 84.800
534.771 120.952
535.047 122.053
535.323 135.851
535.598 120.115
535.874 145.630
536.149 202.475
536.425 212.465
536.700 221.278
536.976 266.817
537.252 364.240
537.527 383.269
537.803 398.010
538.078 466.255
538.354 507.560
538.629 569.090
538.905 643.900
539.181 666.873
539.456 697.452
539.732 751.454
540.007 786.012
540.283 809.523
540.558 861.050
540.834 841.989
541.110 832.928
541.385 866.598
541.661 890.368
541.936 870.444
542.212 852.611
542.488 897.217
542.763 955.697
543.039 966.573
543.314 903.087
543.590 898.032
543.865 904.990
544.141 904.997
544.417 865.282
544.692 826.560
544.968 868.274
545.243 851.251
545.519 837.503
545.794 902.955
546.070 855.247
546.348 830.234
546.627 802.577
546.905 879.999
547.183 914.007
547.461 940.826
547.740 998.429
548.018 970.601
548.296 1010.359
548.575 1072.928
548.853 1017.323
549.131 1033.219
549.409 1106.605
549.688 1187.961
549.966 1220.705
550.244 1191.942
550.523 1231.401
550.801 1249.000
551.079 1277.445
551.357 1360.537
551.636 1403.665
551.914 1403.862
552.192 1397.951
552.471 1425.991
552.749 1461.611
553.027 1530.060
553.306 1553.144
553.584 1634.763
553.862 1635.128
554.140 1770.694
554.419 1780.189
554.697 1835.043
554.975 1864.565
555.254 1898.917
555.532 1757.420
555.810 1740.102
556.088 1837.985
556.367 1746.462
556.645 1757.415
556.923 1724.347
557.202 1628.411
557.480 1567.613
557.758 1480.745
558.036 1368.239
558.315 1264.918
558.593 1150.693
558.871 1089.712
559.150 1053.796
559.428 991.008
559.706 864.436
559.984 771.908
560.263 722.954
560.541 602.222
560.819 573.907
561.098 523.770
561.376 465.122
561.654 381.474
561.932 352.011
562.211 370.553
562.489 369.598
562.767 268.481
563.046 240.887
563.324 237.782
563.602 206.316
563.880 185.970
564.159 247.397
564.437 232.783
564.715 209.980
564.994 173.517
565.272 126.498
565.550 88.031
565.828 96.759
566.107 140.775
566.385 162.185
566.663 106.373
566.942 87.268
567.220 129.541
567.498 168.133
567.776 121.023
568.055 88.336
568.333 89.303
568.611 122.236
568.890 102.974
569.168 112.831
569.446 124.539
569.725 90.729
570.003 67.546
570.281 92.762
570.559 89.866
570.838 70.597
571.116 97.803
571.394 125.909
571.673 140.586
571.951 113.544
572.229 126.170
572.507 96.172
572.786 100.162
573.064 75.923
573.342 73.981
573.621 87.789
573.899 95.599
574.177 113.276
574.455 104.595
574.734 119.380
575.012 123.299
575.290 111.672
575.569 146.101
575.847 154.100
576.125 135.460
576.403 60.942
576.682 71.824
576.960 120.247
577.243 127.024
577.527 108.435
577.810 94.647
578.093 95.732
578.377 76.164
578.660 67.276
578.944 86.056
579.227 100.093
579.510 76.412
579.794 71.533
580.077 65.521
580.360 122.139
580.644 146.099
580.927 124.380
581.210 85.618
581.494 111.691
581.777 137.456
582.061 82.817
582.344 59.974
582.627 45.024
582.911 58.987
583.194 35.099
583.477 87.001
583.761 94.990
584.044 102.980
584.327 56.135
584.611 72.124
584.894 79.122
585.178 47.159
585.461 67.145
585.744 96.121
586.028 129.222
586.311 94.228
586.594 92.233
586.878 90.238
587.161 64.243
587.444 91.248
587.728 99.254
588.011 107.259
588.295 88.264
588.578 63.206
588.861 71.203
589.145 76.279
589.428 86.371
589.711 55.290
589.995 79.216
590.278 135.165
590.562 102.305
590.845 93.217
591.128 123.069
591.412 113.094
591.695 77.248
591.978 87.156
592.262 74.261
592.545 56.172
592.828 118.109
593.112 81.107
593.395 136.945
593.679 141.793
593.962 99.966
594.245 109.821
594.529 100.871
594.812 33.181
595.095 58.095
595.379 66.922
595.662 54.071
595.945 63.953
596.229 84.728
596.512 100.406
596.796 136.190
597.079 112.297
597.362 76.658
597.646 104.283
597.929 81.538
598.212 66.640
598.496 75.538
598.779 106.071
599.062 170.241
599.346 145.567
599.629 138.525
599.913 116.718
600.196 92.092
600.479 98.896
600.763 144.319
601.046 93.892
601.329 84.147
601.613 115.534
601.896 90.956
602.179 73.190
602.463 50.601
602.746 78.111
603.030 130.179
603.313 114.354
603.596 105.526
603.880 115.231
604.163 92.687
604.446 89.663
604.730 126.886
605.013 109.153
605.296 90.656
605.580 140.611
605.863 162.164
606.147 109.279
606.430 89.695
606.713 133.643
606.997 75.992
607.280 73.965
607.563 92.561
607.847 130.598
608.130 127.920
608.414 105.294
608.697 125.847
608.980 124.995
609.264 140.809
609.547 125.004
609.830 108.358
610.114 64.288
610.397 100.532
610.680 141.534
610.964 108.482
611.247 143.781
611.531 146.871
611.814 83.087
612.097 98.793
612.381 103.603
612.664 151.795
612.947 120.396
613.231 54.650
613.514 105.789
613.797 99.899
614.081 86.151
614.364 119.554
614.648 129.382
614.931 134.298
615.214 136.267
615.498 107.890
615.781 119.812
616.064 97.178
616.348 105.057
616.631 118.958
616.914 111.955
617.198 105.173
617.481 90.399
617.765 84.575
618.048 75.779
618.331 92.565
618.615 92.661
618.898 63.021
619.181 76.859
619.465 60.124
619.748 87.824
620.031 125.539
620.315 77.105
620.598 100.995
620.882 117.982
621.165 171.781
621.448 130.036
621.732 88.378
622.015 42.612
622.298 52.671
622.582 106.620
622.865 109.728
623.148 85.756
623.432 107.954
623.715 113.964
623.999 149.302
624.282 121.344
624.565 98.454
624.849 65.259
625.132 102.693
625.415 159.149
625.699 144.178
625.982 108.864
626.265 123.244
626.549 118.073
626.832 142.320
627.116 134.243
627.399 54.450
627.682 159.183
627.966 168.090
628.249 131.708
628.532 136.605
628.816 104.239
629.099 77.084
629.383 27.962
629.666 49.888
629.949 109.504
630.233 145.076
630.516 100.050
630.799 119.639
631.083 104.496
631.366 98.389
631.649 86.242
631.933 95.956
632.216 123.878
632.500 129.483
632.783 124.256
633.066 117.236
633.350 142.987
633.633 188.220
633.916 174.999
634.200 139.984
634.483 180.084
634.766 195.809
635.050 181.920
635.333 196.022
635.617 177.610
635.900 213.296
636.183 241.279
636.467 275.081
636.750 250.981
637.033 284.947
637.317 341.531
637.600 313.018
637.883 296.766
638.167 328.386
638.450 339.010
638.734 391.449
639.017 399.879
639.300 410.183
639.584 450.027
639.867 444.418
640.150 444.422
640.434 503.359
640.717 553.359
641.000 580.466
641.284 639.348
641.567 637.143
641.851 708.786
642.134 767.179
642.417 816.932
642.701 928.084
642.984 1063.669
643.267 1126.526
643.551 1184.582
643.834 1315.967
644.117 1544.139
644.401 1685.234
644.684 1960.776
644.968 2325.965
645.251 2609.903
645.534 2921.351
645.818 3276.889
646.101 3737.246
646.384 4175.748
646.668 4767.300
646.951 5419.886
647.235 6043.405
647.518 6548.107
647.801 7242.660
648.085 7873.421
648.368 8332.892
648.651 9019.926
648.935 9701.700
649.218 10349.537
649.501 11110.474
649.785 11793.047
650.068 12852.094
650.352 13647.048
650.635 14538.967
650.918 15688.014
651.202 16809.521
651.485 17778.954
651.768 18546.808
652.052 19475.925
652.335 20191.260
652.618 20770.796
652.902 21396.600
653.185 21867.558
653.469 22448.131
653.752 22795.032
654.035 23284.729
654.319 23395.209
654.602 23558.866
654.885 23598.123
655.169 23753.719
655.452 23727.647
655.735 23736.456
656.019 23806.042
656.302 23911.742
656.586 23915.557
656.869 23990.307
657.152 24029.370
657.436 24145.040
657.719 24396.698
658.002 24492.757
658.286 24454.874
658.569 24689.290
658.852 24802.768
659.136 24947.549
659.419 24974.964
659.703 25107.962
659.986 25292.738
660.269 25310.631
660.553 25272.717
660.836 25191.420
661.119 25184.310
661.403 25133.772
661.686 24667.719
661.969 24563.958
662.253 24368.267
662.536 24052.214
662.820 23232.639
663.103 22722.500
663.386 22128.183
663.670 21562.264
663.953 20794.935
664.236 20016.615
664.520 19380.347
664.803 18667.078
665.086 17864.787
665.370 17135.170
665.653 16460.401
665.937 15667.768
666.220 14818.887
666.503 13948.708
666.787 13014.635
667.070 12368.326
667.353 11538.045
667.637 10766.166
667.920 9952.782
668.204 9154.066
668.487 8399.237
668.770 7880.299
669.054 7229.590
669.337 6716.066
669.620 6093.235
669.904 5635.913
670.187 5126.881
670.470 4801.504
670.754 4394.364
671.037 4062.863
671.321 3723.681
671.604 3473.913
671.887 3181.669
672.171 2968.776
672.454 2781.694
672.737 2643.955
673.021 2488.722
673.304 2336.249
673.587 2226.397
673.871 2103.409
674.154 2040.572
674.438 1923.453
674.721 1807.321
675.004 1717.620
675.288 1621.944
675.571 1582.424
675.854 1521.665
676.138 1340.763
676.421 1297.774
676.704 1270.192
676.988 1209.029
677.271 1163.794
677.555 1083.305
677.838 1031.602
678.121 1028.474
678.405 957.107
678.688 966.427
678.971 890.635
679.255 762.008
679.538 781.720
679.821 760.977
680.105 687.004
680.388 650.663
680.672 624.315
680.955 612.884
681.238 599.998
681.522 586.903
681.805 560.588
682.088 513.132
682.372 499.072
682.655 466.194
682.938 478.723
683.222 500.647
683.505 512.668
683.789 465.649
684.072 388.327
684.355 393.144
684.639 354.526
684.922 311.731
685.205 301.296
685.489 325.308
685.772 314.157
686.056 332.271
686.339 355.287
686.622 289.830
686.906 306.535
687.189 321.152
687.472 330.550
687.756 284.327
688.039 282.539
688.322 266.885
688.606 298.203
688.889 296.119
689.173 314.911
689.456 311.783
689.739 276.295
690.023 297.908
690.306 292.698
690.589 286.146
690.873 256.715
691.156 285.855
691.439 305.629
691.723 269.212
692.006 256.995
692.290 288.688
692.573 299.814
692.856 263.963
693.140 254.640
693.423 280.259
693.706 317.858
693.990 264.464
694.273 246.631
694.556 288.692
694.840 321.350
695.123 288.996
695.407 312.437
695.690 291.199
695.973 330.677
696.257 379.773
696.540 355.723
696.830 363.583
697.120 429.362
697.410 407.363
697.699 366.948
697.989 394.239
698.279 364.903
698.569 328.672
698.859 339.945
699.149 337.208
699.439 323.588
699.729 327.342
700.018 287.549
700.308 262.794
700.598 235.274
700.888 197.974
701.178 218.081
701.468 176.281
701.758 157.868
702.048 153.352
702.337 190.921
702.627 155.221
702.917 97.706
703.207 65.287
703.497 106.472
703.787 102.347
704.077 125.592
704.366 133.375
704.656 78.078
704.946 70.847
705.236 141.708
705.526 121.609
705.816 104.646
706.106 71.643
706.396 79.543
706.685 102.149
706.975 114.068
707.265 115.827
707.555 152.803
707.845 132.681
708.135 89.076
708.425 56.206
708.715 76.047
709.004 137.239
709.294 153.052
709.584 132.043
709.874 125.143
710.164 102.463
710.454 104.644
710.744 105.531
711.034 144.877
711.323 130.815
711.613 105.228
711.903 96.277
712.193 97.263
712.483 95.299
712.773 114.968
713.063 107.875
713.352 139.988
713.642 146.560
713.932 113.106
714.222 92.440
714.512 104.999
714.802 78.432
715.092 67.775
715.382 35.732
715.671 73.310
715.961 124.231
716.251 95.332
716.541 121.230
716.831 116.308
717.121 70.914
717.411 85.135
717.701 97.577
717.990 80.355
718.280 86.890
718.570 67.790
718.860 62.003
719.150 100.269
719.440 88.725
719.730 29.596
720.019 113.540
720.309 73.536
720.599 62.077
720.889 95.691
721.179 142.584
721.469 127.397
721.759 84.377
722.049 112.184
722.338 109.310
722.628 67.256
722.918 59.516
723.208 128.864
723.498 103.867
723.788 96.269
724.078 160.757
724.368 123.461
724.657 79.992
724.947 39.570
725.237 49.263
725.527 96.563
725.817 104.187
726.107 87.084
726.397 59.040
726.686 62.911
726.976 84.190
727.266 100.633
727.556 83.228
727.846 101.704
728.136 101.608
728.426 79.520
728.716 67.895
729.005 125.068
729.295 111.505
729.585 97.160
729.875 94.068
730.165 86.402
730.455 90.284
730.745 108.821
731.035 74.843
731.324 80.827
731.614 110.770
731.904 63.261
732.194 80.756
732.484 110.020
732.774 104.186
733.064 90.570
733.354 90.572
733.643 110.352
733.933 84.905
734.223 47.871
734.513 107.327
734.803 92.800
735.093 74.266
735.383 103.638
735.672 87.039
735.962 85.255
736.252 72.466
736.542 91.220
736.832 67.716
737.122 40.334
737.412 80.532
737.702 78.651
737.991 91.411
738.281 67.994
738.571 22.743
738.861 35.586
739.151 83.816
739.441 136.834
739.731 127.003
740.021 91.788
740.310 114.563
740.600 117.640
740.890 49.430
741.180 49.530
741.470 73.225
741.760 91.983
742.050 123.575
742.339 105.029
742.629 55.575
742.919 84.262
743.209 85.169
743.499 54.593
743.789 61.580
744.079 98.216
744.369 88.230
744.658 44.800
744.948 51.689
745.238 97.332
745.528 112.200
745.818 134.139
746.108 113.308
746.398 98.528
746.688 67.745
746.977 99.525
747.267 63.778
747.557 70.802
747.847 117.524
748.137 104.708
748.427 62.919
748.717 41.072
749.006 47.003
749.296 76.933
749.586 87.804
749.876 106.818
750.166 84.908
750.456 101.944
750.746 113.026
751.036 102.051
751.325 87.083
751.615 63.196
751.905 88.173
752.195 124.264
752.485 111.266
752.775 90.359
753.065 54.325
753.355 76.349
753.644 84.360
753.934 71.564
754.224 79.519
754.514 66.548
754.804 7.306
755.094 46.426
755.384 84.543
755.674 75.518
755.963 75.520
756.253 75.598
756.543 82.546
756.833 99.799
757.123 87.653
757.413 104.829
757.703 91.766
757.992 71.668
758.282 117.783
758.572 101.823
758.862 20.418
759.152 45.546
759.442 67.591
759.732 54.596
760.022 31.482
760.311 44.595
760.601 72.766
760.891 93.895
761.181 98.828
761.471 65.731
761.761 42.637
762.051 70.836
762.341 106.985
762.630 111.123
762.920 47.681
763.210 55.796
763.500 93.003
763.793 94.012
764.086 89.986
764.379 75.813
764.671 99.960
764.964 94.932
765.257 104.995
765.550 57.829
765.843 32.630
766.136 111.261
766.429 77.997
766.722 102.090
767.014 78.851
767.307 50.735
767.600 55.772
767.893 23.573
768.186 39.704
768.479 64.908
768.772 77.007
769.064 86.081
769.357 70.891
769.650 78.021
769.943 163.544
770.236 142.398
770.529 58.874
770.822 56.860
771.115 79.040
771.407 89.213
771.700 54.906
771.993 62.034
772.286 63.992
772.579 81.067
772.872 64.940
773.165 26.636
773.457 64.944
773.750 112.439
774.043 82.168
774.336 70.132
774.629 94.186
774.922 54.929
775.215 49.886
775.508 77.985
775.800 76.903
776.093 82.018
776.386 90.991
776.679 54.831
776.972 56.848
777.265 99.146
777.558 123.193
777.850 88.900
778.143 93.928
778.436 63.843
778.729 76.846
779.022 90.919
779.315 48.710
779.608 35.646
779.900 60.774
780.193 103.992
780.486 106.902
780.779 45.613
781.072 58.596
781.365 81.726
781.658 112.934
781.951 100.888
782.243 48.584
782.536 68.764
782.829 104.910
783.122 75.796
783.415 95.782
783.708 96.787
784.001 92.777
784.293 118.857
784.586 119.742
784.879 100.706
785.172 55.562
785.465 12.534
785.758 112.736
786.051 143.800
786.344 86.515
786.636 101.618
786.929 97.616
787.222 87.784
787.515 79.602
787.808 87.437
788.101 71.455
788.394 86.442
788.686 101.429
788.979 135.533
789.272 120.414
789.565 92.352
789.858 67.404
790.151 44.496
790.444 88.454
790.737 60.544
791.029 66.414
791.322 95.358
791.615 79.312
791.908 112.440
792.201 167.220
792.494 121.193
792.787 99.161
793.079 135.155
793.372 113.110
793.665 95.278
793.958 49.418
794.251 53.408
794.544 126.066
794.837 119.214
795.130 86.315
795.422 110.245
795.715 94.295
796.008 63.452
796.301 74.284
796.594 58.350
796.887 64.328
797.180 102.280
797.472 103.279
797.765 65.395
798.058 60.351
798.351 73.375
798.644 100.296
798.937 104.286
799.230 85.259
799.523 110.271
799.815 110.273
800.108 77.374
800.401 49.460
800.694 56.497
800.987 52.454
801.280 53.560
801.573 48.567
801.865 81.536
802.158 105.408
802.451 59.502
802.744 54.514
803.037 71.482
803.330 65.561
803.623 93.442
803.915 71.487
804.208 52.580
804.501 57.692
804.794 79.716
805.087 108.638
805.380 82.805
805.673 43.685
805.966 82.726
806.258 60.767
806.551 96.031
806.844 92.017
807.137 74.021
807.430 49.852
807.723 48.850
808.016 108.089
808.308 118.368
808.601 80.984
808.894 64.046
809.187 48.000
809.480 70.086
809.773 62.982
810.066 48.963
810.359 57.070
810.651 86.451
810.944 85.357
811.237 84.436
811.530 111.683
811.825 90.586
812.119 34.997
812.414 42.062
812.709 103.722
813.003 97.861
813.298 73.497
813.593 59.464
813.887 55.357
814.182 90.968
814.476 121.519
814.771 121.521
815.066 78.026
815.360 60.672
815.655 54.576
815.950 69.893
816.244 46.497
816.539 108.775
816.834 135.281
817.128 69.094
817.423 85.335
817.718 143.881
818.012 86.890
818.307 14.056
818.602 29.427
818.896 86.984
819.191 64.465
819.486 85.197
819.780 110.945
820.075 116.336
820.369 58.667
820.664 34.920
820.959 117.738
821.253 99.209
821.548 92.993
821.843 106.687
822.137 92.247
822.432 120.566
822.727 91.497
823.021 44.621
823.316 62.433
823.611 76.178
823.905 56.403
824.200 47.109
824.495 56.704
824.789 77.803
825.084 60.863
825.379 70.423
825.673 108.514
825.968 123.560
826.262 102.506
826.557 103.897
826.852 42.218
827.146 61.328
827.441 99.441
827.736 92.117
828.030 100.718
828.325 108.044
828.620 101.677
828.914 90.097
829.209 71.804
829.504 114.299
829.798 107.710
830.093 87.513
830.388 69.545
830.682 82.145
830.977 72.413
831.271 64.910
831.566 54.180
831.861 26.929
832.155 40.332
832.450 79.504
832.745 90.518
833.039 84.074
833.334 78.534
833.629 70.943
833.923 53.343
834.218 75.187
834.513 95.909
834.807 89.546
835.102 97.935
835.397 61.024
835.691 41.120
835.986 71.533
836.281 55.654
836.575 92.783
836.870 115.064
837.164 81.943
837.459 78.935
837.754 78.936
838.048 65.394
838.343 31.179
838.638 67.552
838.932 103.288
839.227 90.660
839.522 90.030
839.816 55.509
840.111 8.844
840.406 7.877
840.700 82.590
840.995 110.394
841.290 121.400
841.584 88.988
841.879 91.696
842.174 98.500
842.468 75.085
842.763 48.120
843.057 53.820
843.352 37.047
843.647 81.050
843.941 114.908
844.236 123.232
844.531 96.595
844.825 117.890
845.120 89.869
845.415 47.269
845.709 55.171
846.004 78.838
846.299 79.104
846.593 145.441
846.888 112.352
847.183 68.638
847.477 72.103
847.772 80.460
848.066 116.917
848.361 125.158
848.656 87.674
848.950 111.876
849.245 102.852
849.540 99.422
849.834 144.211
850.129 120.296
850.424 91.733
850.718 65.403
851.013 45.865
851.308 35.481
851.602 98.629
851.897 124.174
852.192 104.373
852.486 113.299
852.781 106.428
853.076 100.702
853.370 118.896
853.665 90.293
853.959 77.532
854.254 107.092
854.549 104.694
854.843 97.862
855.138 45.265
855.433 52.011
855.727 101.727
856.022 150.202
856.317 155.677
856.611 109.157
856.906 95.323
857.201 110.913
857.495 96.125
857.790 96.020
858.085 114.632
858.379 116.471
858.674 79.847
858.969 53.153
859.263 44.138
859.558 55.007
859.852 48.295
860.147 132.620
860.442 113.608
860.736 78.380
861.031 105.271
861.326 75.874
861.620 58.206
861.915 102.216
862.210 112.618
862.504 58.845
862.799 82.050
863.094 115.920
863.388 99.752
863.683 112.373
863.978 139.208
864.272 90.495
864.567 70.275
864.861 72.224
865.156 48.983
865.451 27.031
865.745 109.822
866.040 134.138
866.335 81.340
866.629 88.459
866.924 92.291
867.219 90.057
867.513 45.952
867.808 40.680
868.103 107.386
868.397 123.473
868.692 87.871
868.987 69.621
869.281 56.277
869.576 77.151
869.871 86.084
870.165 72.781
870.460 46.814
870.754 -0.991
871.049 -19.837
871.344 53.471
871.638 90.826
871.933 116.264
872.228 112.214
872.522 88.420
872.817 78.290
873.112 81.227
873.406 67.332
873.701 108.309
873.996 87.652
874.290 61.303
874.585 51.477
874.880 79.557
875.174 82.228
875.469 105.339
875.764 81.107
876.058 97.424
876.353 34.578
876.647 26.927
876.942 51.855
877.237 85.200
877.531 99.271
877.826 68.672
878.121 59.922
878.415 95.004
878.710 87.160
879.005 82.271
879.299 81.097
879.594 69.657
879.889 62.074
880.183 84.473
880.478 97.333
880.773 104.623
881.067 99.769
881.362 72.608
881.656 63.072
881.951 75.052
882.246 31.448
882.540 60.884
882.835 49.688
883.130 58.826
883.424 72.402
883.719 76.842
884.014 61.136
884.308 0.972
884.603 10.962
884.898 55.317
885.192 67.815
885.487 86.787
885.782 51.418
886.076 72.011
886.371 53.031
886.666 30.564
886.960 62.796
887.255 44.835
887.549 63.523
887.844 93.015
888.139 60.682
888.433 45.451
888.728 55.140
889.023 57.806
889.317 99.371
889.612 66.512
889.907 38.136
890.201 68.225
890.496 77.892
890.791 105.210
891.085 113.944
891.380 104.237
891.675 79.595
891.969 106.981
892.264 75.863
892.559 75.049
892.853 96.299
893.148 44.226
893.442 40.625
893.737 85.636
894.032 86.442
894.326 24.770
894.621 51.202
894.916 97.104
895.210 46.799
895.505 54.875
895.800 68.187
896.094 57.477
896.389 67.187
896.684 61.947
896.978 77.780
897.273 81.456
897.568 84.919
897.862 49.628
898.157 43.440
898.451 93.037
898.746 96.578
899.041 90.465
899.335 76.294
899.630 71.930
899.925 93.125
900.219 109.955
900.514 106.602
900.809 68.632
901.103 28.547
901.398 58.743
901.693 87.396
901.987 84.802
902.282 88.289
902.577 36.708
902.871 58.067
903.166 83.990
903.461 88.530
903.755 61.801
904.050 60.176
904.344 53.104
904.639 73.685
904.934 95.296
905.228 64.893
905.523 39.822
905.818 43.391
906.112 74.023
906.407 35.349
906.702 74.293
906.996 114.877
907.291 118.122
907.586 85.300
907.880 67.369
908.175 86.522
908.470 94.705
908.764 85.537
909.059 69.379
909.354 55.820
909.648 57.699
909.943 35.782
910.237 66.956
910.532 65.247
910.827 91.829
911.121 111.181
911.416 79.217
911.711 80.137
912.005 83.048
912.300 109.033
912.599 94.536
912.898 72.335
913.196 102.222
913.495 74.394
913.794 102.414
914.093 106.035
914.391 55.070
914.690 78.546
914.989 100.096
915.288 100.004
915.586 91.781
915.885 84.463
916.184 63.985
916.483 51.791
916.782 87.604
917.080 97.943
917.379 88.713
917.678 100.107
917.977 125.912
918.275 80.621
918.574 32.465
918.873 70.483
919.172 114.386
919.471 98.119
919.769 85.055
920.068 89.994
920.367 95.909
920.666 54.972
920.964 55.026
921.263 56.097
921.562 39.797
921.861 119.294
922.159 108.858
922.458 65.212
922.757 69.294
923.056 40.269
923.355 61.936
923.653 95.238
923.952 119.213
924.251 115.394
924.550 94.819
924.848 63.481
925.147 102.323
925.446 126.235
925.745 88.714
926.043 44.071
926.342 40.209
926.641 63.250
926.940 94.535
927.239 131.039
927.537 90.155
927.836 49.853
928.135 68.211
928.434 80.546
928.732 74.753
929.031 109.785
929.330 129.498
929.629 80.434
929.927 60.003
930.226 73.772
930.525 103.186
930.824 129.579
931.123 112.205
931.421 65.271
931.720 69.979
932.019 99.969
932.318 79.097
932.616 58.109
932.915 99.434
933.214 115.267
933.513 65.733
933.812 85.926
934.110 60.044
934.409 70.547
934.708 88.155
935.007 89.788
935.305 93.109
935.604 94.408
935.903 141.347
936.202 147.435
936.500 156.221
936.799 132.794
937.098 152.023
937.397 120.516
937.696 47.207
937.994 27.196
938.293 93.405
938.592 128.492
938.891 151.588
939.189 165.280
939.488 177.432
939.787 123.531
940.086 141.693
940.384 134.127
940.683 74.971
940.982 38.677
941.281 72.983
941.580 59.096
941.878 59.523
942.177 165.427
942.476 119.813
942.775 98.554
943.073 53.324
943.372 26.854
943.671 51.783
943.970 80.991
944.268 121.988
944.567 117.426
944.866 152.515
945.165 85.141
945.464 41.347
945.762 59.976
946.061 113.186
946.360 117.016
946.659 107.918
946.957 130.282
947.256 115.524
947.555 81.089
947.854 131.824
948.153 107.209
948.451 84.265
948.750 80.908
949.049 118.756
949.348 94.982
949.646 84.929
949.945 97.888
950.244 111.120
950.543 161.315
950.841 111.123
951.140 121.145
951.439 120.032
951.738 100.842
952.037 83.676
952.335 77.868
952.634 145.693
952.933 139.834
953.232 113.968
953.530 64.921
953.829 98.310
954.128 128.103
954.427 82.429
954.725 76.794
955.024 65.469
955.323 111.277
955.622 129.077
955.921 164.687
956.219 145.189
956.518 79.287
956.817 77.537
957.116 85.639
957.414 81.800
957.713 84.938
958.012 48.384
958.311 59.801
958.610 101.476
958.908 101.928
959.207 35.978
959.506 78.052
959.805 149.289
960.103 136.635
960.402 108.015
960.701 99.862
961.000 90.415
961.298 102.329
961.597 104.570
961.896 67.391
962.195 80.336
962.494 56.841
962.792 64.230
963.091 56.655
963.390 57.569
963.689 87.856
963.987 89.651
964.286 114.555
964.585 86.389
964.884 70.925
965.182 84.567
965.481 131.607
965.780 144.356
966.080 111.179
966.380 105.690
966.680 128.769
966.981 67.735
967.281 69.724
967.581 39.874
967.881 13.223
968.181 78.256
968.481 108.710
968.781 121.450
969.082 70.124
969.382 88.076
969.682 88.758
969.982 132.923
970.282 169.210
970.582 87.117
970.882 66.401
971.183 116.909
971.483 126.222
971.783 107.950
972.083 97.310
972.383 118.815
972.683 125.304
972.983 125.694
973.284 70.538
973.584 45.749
973.884 12.808
974.184 29.183
974.484 54.047
974.784 66.214
975.084 85.392
975.385 68.735
975.685 84.959
975.985 93.297
976.285 93.202
976.585 95.968
976.885 83.689
977.185 98.918
977.486 105.811
977.786 134.453
978.086 106.395
978.386 98.324
978.686 63.070
978.986 74.441
979.286 136.442
979.587 101.443
979.887 65.444
980.187 101.445
980.487 133.446
980.787 99.447
981.087 78.448
981.387 109.449
981.688 96.450
981.988 65.451
982.288 74.452
982.588 86.453
982.888 65.454
983.188 71.454
983.488 110.455
983.789 146.456
984.089 121.457
984.389 89.458
984.689 86.459
984.989 69.460
985.289 85.461
985.589 110.462
985.890 113.463
986.190 47.464
986.490 40.465
986.790 80.466
987.090 49.467
987.390 42.468
987.690 76.469
987.991 69.470
988.291 70.471
988.591 108.472
988.891 93.473
989.191 131.474
989.491 148.475
989.791 113.476
990.092 94.477
990.392 86.478
990.692 68.479
990.992 58.480
991.292 25.481
991.592 78.482
991.892 65.483
992.193 43.484
992.493 52.485
992.793 101.486
993.093 74.487
993.393 13.487
993.693 60.488
993.993 55.489
994.294 71.490
994.594 101.491
994.894 84.492
995.194 88.493
995.494 82.494
995.794 44.495
996.094 50.496
996.395 32.497
996.695 90.498
996.995 82.499
997.295 43.500
997.595 67.501
997.895 98.502
998.195 89.503
998.496 44.504
998.796 24.505
999.096 78.505
999.396 97.506
999.696 73.507
999.996 68.508
1000.296 126.509
1000.597 97.510
1000.897 82.511
1001.197 105.512
1001.497 88.513
1001.797 55.514
1002.097 70.515
1002.397 98.516
1002.698 83.517
1002.998 118.518
1003.298 107.518
1003.598 65.519
1003.898 54.520
1004.198 90.521
1004.498 112.522
1004.799 68.523
1005.099 56.524
1005.399 62.525
1005.699 103.526
1005.999 98.527
1006.299 77.528
1006.599 134.529
1006.900 110.530
1007.200 53.530
1007.500 50.531
1007.800 71.532
1008.100 59.533
1008.400 55.534
1008.700 52.535
1009.001 44.536
1009.301 60.537
1009.601 91.538
1009.901 34.539
1010.201 44.540
1010.501 70.540
1010.801 93.541
1011.102 115.542
1011.402 142.543
1011.702 95.544
1012.002 89.545
1012.302 110.546
1012.602 60.547
1012.902 78.548
1013.203 118.549
1013.503 118.549
1013.803 115.550
1014.103 91.551
1014.403 98.552
1014.703 109.553
1015.003 91.554
1015.304 145.555
1015.604 98.556
1015.904 62.557
1016.204 74.557
1016.504 73.558
1016.804 78.559
1017.104 24.560
1017.405 86.561
1017.705 84.562
1018.005 61.563
1018.305 42.564
1018.605 57.565
1018.905 47.565
1019.205 52.566
1019.506 128.567
1019.806 128.568
1020.106 135.569
1020.406 147.570
1020.706 111.571
1021.006 92.572
1021.306 117.572
1021.607 106.573
1021.907 109.574
1022.207 62.575
1022.507 50.576
1022.807 66.577
1023.107 78.578
1023.407 63.579
1023.708 91.579
1024.008 79.580
1024.308 91.581
1024.608 52.582
1024.908 88.583
1025.208 144.584
1025.508 118.585
1025.809 103.586
1026.109 104.586
1026.409 131.587
1026.709 74.588
1027.009 53.589
1027.309 73.590
1027.609 54.591
1027.910 60.592
1028.210 78.592
1028.510 102.593
1028.810 107.594
1029.110 126.595
1029.410 112.596
1029.710 99.597
1030.011 86.598
1030.311 90.598
1030.611 92.599
1030.911 70.600
1031.211 74.601
1031.511 82.602
1031.811 111.603
1032.112 160.604
1032.412 131.604
1032.712 38.605
1033.012 80.606
1033.312 128.607
1033.612 124.608
1033.912 117.609
1034.212 84.609
1034.513 76.610
1034.813 120.611
1035.113 117.612
1035.413 63.613
1035.713 68.614
1036.013 98.614
1036.313 89.615
1036.614 88.616
1036.914 83.617
1037.214 57.618
1037.514 77.619
1037.814 89.619
1038.114 64.620
1038.414 62.621
1038.715 78.622
1039.015 71.623
1039.315 66.624
1039.615 99.624
1039.915 106.625
1040.215 85.626
1040.515 94.627
1040.816 123.628
1041.116 96.629
1041.416 83.629
1041.716 118.630
1042.016 110.631
1042.316 92.632
1042.616 82.633
1042.917 87.634
1043.217 73.634
1043.517 91.635
1043.817 114.636
1044.117 127.637
1044.417 96.638
1044.717 41.638
1045.018 99.639
1045.318 123.640
1045.618 88.641
1045.918 72.642
1046.218 60.643
1046.518 54.643
1046.818 71.644
1047.119 95.645
1047.419 85.646
1047.719 65.647
1048.019 39.647
1048.319 93.648
1048.619 126.649
1048.919 98.650
1049.220 89.651
1049.520 103.651
1049.820 82.652
1050.120 49.653
1050.420 72.654
1050.720 103.655
1051.020 92.655
1051.321 66.656
1051.621 64.657
1051.921 40.658
1052.221 27.659
1052.521 37.659
1052.821 48.660
1053.121 41.661
1053.422 91.662
1053.722 136.663
1054.022 88.663
1054.322 71.664
1054.622 105.665
1054.922 59.666
1055.222 57.667
1055.523 88.667
1055.823 101.668
1056.123 129.669
1056.423 117.670
1056.723 104.671
1057.023 58.671
1057.323 67.672
1057.624 130.673
1057.924 134.674
1058.224 72.674
1058.524 54.675
1058.824 91.676
1059.124 77.677
1059.424 112.678
1059.725 127.678
1060.025 90.679
1060.325 66.680
1060.625 34.681
1060.925 27.681
1061.225 26.682
1061.525 89.683
1061.826 95.684
1062.126 74.685
1062.426 98.685
1062.726 95.686
1063.026 97.687
1063.326 129.688
1063.626 91.688
1063.927 74.689
1064.227 88.690
1064.527 38.691
1064.827 87.692
1065.127 135.692
1065.427 105.693
1065.727 59.694
1066.028 57.695
1066.328 58.695
1066.628 86.696
1066.928 90.697
1067.228 83.698
1067.528 88.698
1067.828 96.699
1068.129 95.700
1068.429 92.701
1068.729 84.701
1069.029 72.702
1069.329 50.703
1069.629 63.704
1069.929 59.704
1070.230 91.705
1070.530 141.706
1070.830 153.707
1071.130 95.708
1071.430 77.708
1071.730 48.709
1072.030 77.710
1072.331 69.711
1072.631 73.711
1072.931 92.712
1073.231 98.713
1073.531 65.714
1073.831 84.714
1074.131 103.715
1074.432 120.716
1074.732 85.717
1075.032 54.717
1075.332 47.718
1075.632 69.719
1075.932 95.720
1076.232 84.720
1076.533 67.721
1076.833 105.722
1077.133 85.722
1077.433 57.723
1077.733 68.724
1078.033 81.725
1078.333 87.725
1078.634 94.726
1078.934 79.727
1079.234 95.728
1079.534 125.728
1079.834 108.729
1080.134 65.730
1080.434 63.731
1080.735 72.731
1081.035 86.732
1081.335 70.733
1081.635 82.734
1081.935 72.734
1082.235 78.735
1082.535 69.736
1082.836 78.736
1083.136 98.737
1083.436 88.738
1083.736 120.739
1084.036 97.739
1084.336 70.740
1084.636 100.741
1084.937 107.742
1085.237 88.742
1085.537 96.743
1085.837 91.744
1086.137 64.744
1086.437 112.745
1086.737 112.746
1087.038 91.747
1087.338 118.747
1087.638 127.748
1087.938 82.749
1088.238 46.750
1088.538 55.750
1088.838 61.751
1089.139 109.752
1089.439 75.752
1089.739 61.753
1090.039 77.754
1090.339 109.755
1090.639 123.755
1090.939 98.756
1091.240 75.757
1091.540 64.757
1091.840 84.758
1092.140 90.759
1092.453 90.760
1092.766 108.760
1093.079 85.761
1093.392 35.762
1093.705 36.762
1094.018 106.763
1094.330 137.764
1094.643 86.764
1094.956 63.765
1095.269 51.766
1095.582 93.767
1095.895 105.767
1096.208 122.768
1096.521 99.769
1096.834 85.769
1097.147 65.770
1097.460 107.771
1097.773 117.772
1098.085 110.772
1098.398 105.773
1098.711 72.774
1099.024 21.774
1099.337 57.775
1099.650 94.776
1099.963 76.776
1100.276 17.777
1100.589 99.778
1100.902 98.778
1101.215 61.779
1101.528 92.780
1101.841 119.781
1102.153 141.781
1102.466 133.782
1102.779 117.783
1103.092 91.783
1103.405 36.784
1103.718 50.785
1104.031 76.785
1104.344 114.786
1104.657 82.787
1104.970 160.787
1105.283 156.788
1105.596 128.789
1105.909 93.790
1106.221 61.790
1106.534 45.791
1106.847 65.792
1107.160 96.792
1107.473 96.793
1107.786 77.794
1108.099 71.794
1108.412 88.795
1108.725 114.796
1109.038 59.796
1109.351 83.797
1109.664 107.798
1109.977 90.798
1110.289 102.799
1110.602 124.800
1110.915 102.800
1111.228 105.801
1111.541 131.802
1111.854 81.802
1112.167 58.803
1112.480 67.804
1112.793 108.804
1113.106 61.805
1113.419 39.806
1113.732 77.806
1114.044 81.807
1114.357 140.808
1114.670 114.808
1114.983 82.809
1115.296 64.810
1115.609 106.810
1115.922 125.811
1116.235 116.812
1116.548 127.812
1116.861 110.813
1117.174 59.814
1117.487 72.814
1117.800 114.815
1118.112 89.816
1118.425 98.816
1118.738 97.817
1119.051 83.818
1119.364 106.818
1119.677 67.819
1119.990 35.820
1120.303 69.820
1120.616 72.821
1120.929 91.822
1121.242 73.822
1121.555 85.823
1121.868 101.824
1122.180 139.824
1122.493 80.825
1122.806 76.826
1123.119 93.826
1123.432 89.827
1123.745 75.828
1124.058 41.828
1124.371 64.829
1124.684 98.830
1124.997 82.830
1125.310 71.831
1125.623 58.832
1125.935 68.832
1126.248 100.833
1126.561 56.833
1126.874 69.834
1127.187 86.835
1127.500 98.835
1127.813 80.836
1128.126 63.837
1128.439 94.837
1128.752 107.838
1129.065 59.839
1129.378 6.839
1129.691 51.840
1130.003 87.841
1130.316 69.841
1130.629 93.842
1130.942 70.842
1131.255 68.843
1131.568 109.844
1131.881 125.844
1132.194 106.845
1132.507 60.846
1132.820 62.846
1133.133 120.847
1133.446 80.848
1133.759 81.848
1134.071 174.849
1134.384 143.850
1134.697 115.850
1135.010 125.851
1135.323 81.851
1135.636 88.852
1135.949 78.853
1136.262 82.853
1136.575 75.854
1136.888 123.855
1137.201 99.855
1137.514 48.856
1137.826 67.856
1138.139 22.857
1138.452 45.858
1138.765 115.858
1139.078 128.859
1139.391 125.860
1139.704 118.860
1140.017 72.861
1140.330 53.861
1140.643 84.862
1140.956 64.863
1141.269 57.863
1141.582 80.864
1141.894 62.865
1142.207 78.865
1142.520 81.866
1142.833 121.866
1143.146 95.867
1143.459 63.868
1143.772 61.868
1144.085 67.869
1144.398 83.870
1144.711 80.870
1145.024 60.871
1145.337 101.871
1145.650 102.872
1145.962 70.873
1146.275 56.873
1146.588 52.874
1146.901 94.874
1147.214 105.875
1147.527 77.876
1147.840 80.876
1148.153 107.877
1148.466 72.878
1148.779 92.878
1149.092 95.879
1149.405 97.879
1149.718 115.880
1150.030 55.881
1150.343 63.881
1150.656 103.882
1150.969 103.882
1151.282 138.883
1151.595 113.884
1151.908 128.884
1152.221 114.885
1152.534 111.885
1152.847 77.886
1153.160 76.887
1153.473 94.887
1153.785 94.888
1154.098 73.888
1154.411 89.889
1154.724 125.890
1155.037 180.890
1155.350 121.891
1155.663 72.891
1155.976 30.892
1156.289 100.893
1156.602 90.893
1156.915 59.894
1157.228 67.894
1157.541 106.895
1157.853 90.896
1158.166 74.896
1158.479 103.897
1158.792 67.897
1159.105 59.898
1159.418 93.899
1159.731 109.899
1160.044 133.900
1160.357 119.900
1160.670 105.901
1160.983 90.902
1161.296 107.902
1161.609 100.903
1161.921 94.903
1162.234 74.904
1162.547 74.905
1162.860 88.905
1163.173 119.906
1163.486 125.906
1163.799 82.907
1164.112 79.908
1164.425 78.908
1164.738 58.909
1165.051 57.909
1165.364 68.910
1165.676 56.910
1165.989 62.911
1166.302 106.912
1166.615 132.912
1166.928 79.913
1167.241 102.913
1167.554 83.914
1167.867 96.915
1168.180 98.915
1168.493 44.916
1168.806 48.916
1169.119 94.917
1169.432 106.917
1169.744 67.918
1170.057 52.919
1170.370 86.919
1170.683 70.920
1170.996 83.920
1171.309 119.921
1171.622 112.921
1171.935 74.922
1172.248 93.923
1172.561 90.923
1172.874 116.924
1173.187 120.924
1173.500 72.925
1173.812 88.926
1174.125 131.926
1174.438 111.927
1174.751 67.927
1175.064 85.928
1175.377 77.928
1175.690 106.929
1176.003 64.930
1176.316 12.930
1176.629 45.931
1176.942 68.931
1177.255 58.932
1177.567 74.932
1177.880 77.933
1178.193 123.934
1178.506 116.934
1178.819 67.935
1179.132 81.935
1179.445 81.936
1179.758 129.936
1180.071 121.937
1180.384 84.937
1180.697 96.938
1181.010 73.939
1181.323 105.939
1181.635 133.940
1181.948 84.940
1182.261 34.941
1182.574 40.941
1182.887 86.942
1183.200 138.943
1183.513 113.943
1183.826 92.944
1184.139 104.944
1184.452 81.945
1184.765 77.945
1185.078 63.946
1185.391 87.946
1185.703 87.947
1186.016 55.948
1186.329 26.948
1186.642 41.949
1186.955 68.949
1187.268 53.950
1187.581 67.950
1187.894 102.951
1188.207 67.951
1188.520 54.952
1188.833 68.953
1189.146 15.953
1189.459 25.954
1189.771 70.954
1190.084 90.955
1190.397 92.955
1190.710 136.956
1191.023 134.956
1191.336 91.957
1191.649 83.957
1191.962 59.958
1192.275 15.959
1192.588 65.959
1192.901 83.960
1193.214 60.960
1193.526 60.961
1193.839 103.961
1194.152 79.962
1194.465 84.962
1194.778 59.963
1195.091 91.963
1195.404 52.964
1195.717 37.965
1196.030 105.965
1196.343 96.966
1196.656 34.966
1196.969 49.967
1197.282 90.967
1197.594 49.968
1197.907 89.968
1198.220 108.969
1198.533 94.969
1198.846 89.970
1199.159 71.970
1199.472 73.971
1199.785 116.972
1200.098 81.972
1200.411 147.973
1200.724 144.973
1201.037 110.974
1201.350 79.974
1201.662 41.975
1201.975 87.975
1202.288 87.976
1202.601 18.976
