165.028 67.438
165.288 29.902
165.547 65.369
165.807 85.838
166.067 51.309
166.327 -41.217
166.587 -45.741
166.847 24.737
167.107 65.218
167.367 60.700
167.627 56.185
167.886 60.672
168.146 96.162
168.406 251.653
168.666 184.146
168.926 110.642
169.186 114.139
169.446 128.639
169.706 -6.859
169.966 45.644
170.225 80.150
170.485 117.658
170.745 130.167
171.005 231.679
171.265 118.192
171.525 63.707
171.785 9.225
172.045 17.744
172.305 133.264
172.564 112.787
172.824 6.311
173.084 100.837
173.344 59.365
173.604 53.895
173.864 131.426
174.124 83.959
174.384 70.494
174.644 133.030
174.903 242.568
175.163 252.107
175.423 241.648
175.683 95.190
175.943 134.734
176.203 88.280
176.463 48.827
176.723 60.375
176.983 71.925
177.242 103.477
177.502 246.029
177.762 252.584
178.022 30.139
178.282 45.696
178.542 71.254
178.802 42.814
179.062 20.374
179.322 163.936
179.581 210.500
179.841 155.064
180.101 227.630
180.361 240.197
180.621 185.765
180.881 152.334
181.141 146.904
181.401 139.476
181.661 171.048
181.920 214.622
182.180 111.196
182.440 34.772
182.700 42.349
182.960 70.926
183.220 104.505
183.480 314.085
183.740 195.665
184.000 78.247
184.259 18.829
184.519 104.412
184.779 90.996
185.039 134.581
185.299 203.167
185.559 208.754
185.819 207.341
186.079 193.929
186.339 124.518
186.598 129.108
186.858 29.698
187.118 51.289
187.378 148.881
187.638 104.473
187.898 203.066
188.158 249.660
188.418 133.254
188.678 88.849
188.937 167.445
189.197 188.041
189.457 184.637
189.717 186.234
189.977 88.832
190.237 79.430
190.497 240.029
190.757 193.628
191.017 137.227
191.276 48.827
191.536 78.428
191.796 61.028
192.056 62.629
192.316 110.231
192.576 103.833
192.836 114.435
193.096 173.038
193.356 126.640
193.616 95.243
193.875 117.847
194.135 152.451
194.395 222.054
194.655 299.659
194.915 268.263
195.175 176.867
195.435 215.472
195.695 107.077
195.955 4.682
196.214 107.287
196.474 187.893
196.734 223.498
196.994 234.104
197.254 214.709
197.514 215.315
197.774 238.921
198.034 113.527
198.294 101.132
198.553 191.738
198.813 146.344
199.073 78.950
199.333 71.556
199.593 169.162
199.853 202.767
200.113 304.373
200.373 278.979
200.633 165.584
200.892 86.190
201.152 82.795
201.412 119.400
201.672 224.005
201.932 354.610
202.192 307.215
202.452 141.820
202.712 106.424
202.972 157.028
203.231 239.632
203.491 231.236
203.751 211.840
204.011 250.443
204.271 298.046
204.531 154.649
204.791 116.252
205.051 115.854
205.311 202.456
205.570 134.058
205.830 108.659
206.090 106.260
206.350 180.861
206.610 303.461
206.870 190.061
207.130 168.661
207.390 155.260
207.650 132.859
207.909 157.457
208.169 203.055
208.429 250.653
208.689 144.250
208.949 176.847
209.209 254.443
209.469 139.039
209.729 138.635
209.989 179.230
210.248 90.824
210.508 297.418
210.768 231.012
211.028 172.605
211.288 198.197
211.548 191.789
211.808 217.381
212.068 316.971
212.328 319.562
212.587 305.151
212.847 202.741
213.107 219.329
213.367 254.917
213.627 223.505
213.887 212.092
214.147 146.678
214.407 157.264
214.667 161.849
214.926 334.433
215.186 277.017
215.446 234.600
215.706 172.182
215.966 130.764
216.226 162.345
216.486 130.926
216.746 182.505
217.006 263.085
217.265 247.663
217.525 199.241
217.785 174.818
218.045 211.394
218.305 165.970
218.565 134.545
218.825 189.119
219.085 283.692
219.345 165.265
219.604 124.837
219.864 231.408
220.124 282.978
220.384 214.548
220.644 205.117
220.904 154.685
221.164 193.252
221.424 193.819
221.684 166.385
221.943 205.950
222.203 270.514
222.463 174.077
222.723 61.640
222.983 196.201
223.243 187.762
223.503 241.322
223.763 156.882
224.023 94.440
224.282 236.998
224.542 233.554
224.802 248.110
225.062 220.665
225.322 292.219
225.582 250.773
225.842 256.325
226.102 253.877
226.362 189.427
226.621 291.977
226.881 214.526
227.141 224.074
227.401 266.621
227.661 229.168
227.921 322.713
228.181 197.257
228.441 171.801
228.701 325.344
228.960 306.885
229.220 187.426
229.480 113.966
229.740 259.505
230.000 314.043
230.260 233.580
230.520 232.116
230.780 223.652
231.040 238.186
231.299 182.719
231.559 183.252
231.819 220.783
232.079 277.314
232.339 253.844
232.599 149.372
232.859 176.900
233.119 255.427
233.379 191.953
233.638 239.477
233.898 344.001
234.158 302.524
234.418 211.046
234.678 295.567
234.938 297.087
235.198 176.606
235.458 145.124
235.718 226.641
235.978 195.157
236.237 180.672
236.497 257.186
236.757 305.699
237.017 268.211
237.277 247.722
237.537 280.233
237.797 200.742
238.057 250.250
238.317 200.757
238.576 105.263
238.836 177.768
239.096 284.272
239.356 238.776
239.616 243.278
239.876 260.779
240.136 236.279
240.396 285.778
240.656 348.276
240.915 277.773
241.175 233.269
241.435 193.764
241.695 233.258
241.955 343.751
242.215 379.243
242.475 372.734
242.735 267.224
242.995 261.713
243.254 262.201
243.514 289.688
243.774 127.174
244.034 164.659
244.294 395.143
244.554 321.626
244.814 251.108
245.074 183.588
245.334 193.068
245.593 233.547
245.853 262.025
246.113 159.501
246.373 249.977
246.633 360.452
246.893 256.925
247.153 251.398
247.413 337.869
247.673 338.340
247.932 296.809
248.192 299.278
248.452 320.745
248.712 279.212
248.972 217.677
249.232 332.142
249.492 240.605
249.752 144.067
250.012 263.529
250.271 230.989
250.531 296.448
250.791 474.907
251.051 420.364
251.311 288.820
251.571 185.275
251.831 287.729
252.091 314.182
252.351 228.634
252.610 224.086
252.870 297.536
253.130 267.985
253.390 273.433
253.650 356.880
253.911 320.326
254.172 312.770
254.433 267.214
254.694 248.657
254.955 247.099
255.216 195.540
255.477 318.980
255.738 289.419
255.999 261.857
256.261 374.293
256.522 315.729
256.783 325.164
257.044 235.598
257.305 137.030
257.566 146.462
257.827 179.893
258.088 269.323
258.349 254.751
258.610 300.179
258.871 335.606
259.132 384.031
259.393 298.456
259.654 172.880
259.915 147.302
260.176 212.724
260.437 297.145
260.698 261.564
260.959 232.983
261.221 328.401
261.482 357.817
261.743 274.233
262.004 270.648
262.265 394.062
262.526 375.474
262.787 201.886
263.048 202.297
263.309 246.706
263.570 328.115
263.831 346.523
264.092 275.930
264.353 192.335
264.614 399.740
264.875 327.144
265.136 278.547
265.397 436.949
265.658 471.350
265.919 484.750
266.181 392.149
266.442 305.547
266.703 221.944
266.964 238.340
267.225 241.735
267.486 290.129
267.747 357.522
268.008 378.914
268.269 427.305
268.530 366.695
268.791 374.085
269.052 368.473
269.313 282.860
269.574 280.247
269.835 306.632
270.096 330.017
270.357 371.400
270.618 335.783
270.879 234.164
271.141 271.545
271.402 270.925
271.663 217.304
271.924 282.682
272.185 276.058
272.446 304.434
272.707 380.810
272.968 264.184
273.229 222.557
273.490 278.929
273.751 268.300
274.012 233.671
274.273 336.040
274.534 290.409
274.795 308.776
275.056 354.143
275.317 245.509
275.578 193.874
275.839 256.238
276.101 267.601
276.362 243.963
276.623 270.324
276.884 367.684
277.145 329.044
277.406 348.402
277.667 268.760
277.928 208.116
278.189 370.472
278.450 345.827
278.711 306.181
278.972 310.534
279.233 279.886
279.494 396.237
279.755 441.588
280.016 365.937
280.277 307.286
280.538 361.634
280.799 301.980
281.061 332.326
281.322 260.671
281.583 256.016
281.844 217.359
282.105 232.701
282.366 324.043
282.627 348.384
282.888 391.723
283.149 353.062
283.410 307.401
283.671 315.738
283.932 289.074
284.193 224.410
284.454 260.744
284.715 334.078
284.976 299.411
285.237 314.743
285.498 504.074
285.759 441.405
286.021 386.734
286.282 309.063
286.543 339.391
286.804 349.718
287.065 351.044
287.326 377.369
287.587 251.694
287.848 342.018
288.109 441.340
288.370 395.662
288.631 212.984
288.892 180.304
289.153 228.624
289.414 170.942
289.675 385.260
289.936 469.577
290.197 407.893
290.458 370.209
290.719 278.524
290.981 410.837
291.242 458.150
291.503 386.463
291.764 265.774
292.025 176.085
292.286 202.394
292.547 348.703
292.808 353.012
293.069 365.319
293.330 326.626
293.591 290.931
293.852 340.236
294.113 279.541
294.374 268.844
294.635 374.147
294.896 382.449
295.157 438.750
295.418 404.050
295.679 385.350
295.941 363.648
296.202 351.946
296.463 336.244
296.724 429.540
296.985 406.836
297.246 360.131
297.507 282.425
297.768 269.718
298.029 377.011
298.290 540.303
298.551 487.594
298.812 466.884
299.073 321.174
299.334 256.463
299.595 426.751
299.856 438.038
300.117 461.325
300.378 427.611
300.639 302.896
300.901 291.180
301.162 389.464
301.423 387.747
301.684 472.029
301.945 499.310
302.206 368.591
302.467 342.871
302.728 267.151
302.989 324.429
303.250 341.707
303.511 455.984
303.772 401.260
304.033 340.536
304.294 362.811
304.555 352.085
304.816 416.359
305.077 400.632
305.338 275.904
305.599 269.175
305.861 315.446
306.122 406.716
306.383 389.985
306.644 341.254
306.905 221.522
307.166 397.789
307.427 412.056
307.688 353.321
307.949 361.587
308.210 331.851
308.471 330.115
308.732 356.378
308.993 290.640
309.254 302.902
309.515 252.163
309.776 369.424
310.037 388.683
310.298 245.942
310.559 278.201
310.821 426.458
311.082 396.715
311.343 279.972
311.604 281.227
311.865 247.483
312.126 241.737
312.387 321.991
312.648 362.244
312.909 299.496
313.170 276.748
313.434 323.999
313.698 284.249
313.963 369.499
314.227 355.748
314.491 349.997
314.755 360.245
315.019 358.492
315.284 236.739
315.548 279.985
315.812 339.230
316.076 423.475
316.340 415.719
316.604 405.962
316.869 440.205
317.133 411.447
317.397 420.689
317.661 422.929
317.925 357.170
318.190 364.409
318.454 351.649
318.718 334.887
318.982 410.125
319.246 470.362
319.511 561.599
319.775 439.835
320.039 416.070
320.303 407.305
320.567 430.539
320.832 471.773
321.096 376.006
321.360 363.238
321.624 349.470
321.888 278.701
322.153 292.931
322.417 252.161
322.681 215.391
322.945 326.620
323.209 381.848
323.473 351.075
323.738 307.303
324.002 308.529
324.266 469.755
324.530 420.980
324.794 304.205
325.059 303.429
325.323 274.653
325.587 301.876
325.851 303.098
326.115 463.320
326.380 411.541
326.644 376.762
326.908 401.982
327.172 381.202
327.436 407.421
327.701 384.639
327.965 319.857
328.229 408.074
328.493 273.291
328.757 289.507
329.022 354.723
329.286 263.938
329.550 275.153
329.814 320.367
330.078 393.580
330.342 338.793
330.607 361.006
330.871 380.218
331.135 390.429
331.399 414.640
331.663 363.850
331.928 411.060
332.192 472.269
332.456 411.478
332.720 387.686
332.984 336.893
333.249 388.100
333.513 350.307
333.777 292.513
334.041 261.718
334.305 308.923
334.570 425.128
334.834 333.332
335.098 434.535
335.362 443.738
335.626 371.940
335.891 334.142
336.155 393.343
336.419 375.544
336.683 199.745
336.947 286.944
337.211 352.144
337.476 260.343
337.740 291.541
338.004 347.739
338.268 317.936
338.532 383.133
338.797 382.329
339.061 398.525
339.325 411.720
339.589 498.915
339.853 425.109
340.118 356.303
340.382 412.496
340.646 501.689
340.910 325.882
341.174 285.074
341.439 324.265
341.703 349.456
341.967 322.646
342.231 346.836
342.495 325.026
342.759 413.215
343.024 408.403
343.288 506.591
343.552 446.779
343.816 227.966
344.080 301.153
344.345 365.339
344.609 305.525
344.873 250.710
345.137 335.895
345.401 388.079
345.666 257.263
345.930 349.446
346.194 445.629
346.458 346.812
346.722 347.994
346.987 315.175
347.251 417.356
347.515 538.537
347.779 379.717
348.043 374.897
348.308 357.076
348.572 279.255
348.836 287.433
349.100 311.611
349.364 280.789
349.628 290.966
349.893 370.143
350.157 425.319
350.421 376.495
350.685 338.670
350.949 336.845
351.214 245.019
351.478 343.193
351.742 376.367
352.006 330.540
352.270 303.713
352.535 292.885
352.799 286.057
353.063 376.228
353.327 297.399
353.591 233.570
353.856 284.740
354.120 366.910
354.384 415.079
354.648 455.248
354.912 424.417
355.177 323.585
355.441 271.753
355.705 439.920
355.969 469.087
356.233 380.253
356.497 384.419
356.762 406.585
357.026 356.750
357.290 370.915
357.554 368.079
357.818 360.243
358.083 345.407
358.347 339.570
358.611 340.733
358.875 339.895
359.139 336.057
359.404 284.219
359.668 375.380
359.932 478.541
360.196 428.701
360.460 373.861
360.725 422.021
360.989 448.180
361.253 515.339
361.517 444.497
361.781 439.655
362.046 424.813
362.310 469.970
362.574 478.127
362.838 370.284
363.102 356.440
363.366 410.596
363.631 348.751
363.895 316.906
364.159 441.061
364.423 462.215
364.687 432.369
364.952 446.522
365.216 467.675
365.480 419.828
365.747 348.981
366.013 361.133
366.280 381.284
366.546 404.435
366.813 344.586
367.079 435.737
367.346 431.887
367.612 388.037
367.879 419.186
368.145 458.336
368.412 377.484
368.678 356.633
368.945 390.781
369.211 378.928
369.478 405.076
369.744 383.223
370.011 352.369
370.278 325.515
370.544 288.661
370.811 361.807
371.077 403.952
371.344 368.097
371.610 394.241
371.877 412.386
372.143 499.529
372.410 525.673
372.676 558.816
372.943 504.959
373.209 437.101
373.476 342.243
373.742 296.385
374.009 450.526
374.276 451.667
374.542 463.808
374.809 410.949
375.075 248.089
375.342 250.228
375.608 311.368
375.875 270.507
376.141 456.646
376.408 449.784
376.674 420.922
376.941 400.060
377.207 395.197
377.474 666.334
377.740 557.471
378.007 349.608
378.273 414.744
378.540 453.879
378.807 375.015
379.073 372.150
379.340 357.285
379.606 356.419
379.873 332.554
380.139 361.687
380.406 388.821
380.672 378.954
380.939 316.087
381.205 326.220
381.472 322.352
381.738 278.484
382.005 363.616
382.271 392.747
382.538 338.878
382.804 508.009
383.071 447.139
383.338 378.269
383.604 390.399
383.871 492.529
384.137 443.658
384.404 411.787
384.670 399.916
384.937 343.044
385.203 412.172
385.470 383.300
385.736 365.427
386.003 375.554
386.269 373.681
386.536 337.807
386.802 343.934
387.069 454.060
387.336 575.185
387.602 519.311
387.869 323.436
388.135 285.560
388.402 253.685
388.668 317.809
388.935 419.933
389.201 508.056
389.468 482.180
389.734 483.303
390.001 434.426
390.267 375.548
390.534 409.670
390.800 404.792
391.067 469.914
391.333 458.035
391.600 416.156
391.867 407.277
392.133 390.397
392.400 333.517
392.666 259.637
392.933 400.757
393.199 485.876
393.466 387.996
393.732 364.114
393.999 401.233
394.265 358.351
394.532 320.469
394.798 409.587
395.065 355.704
395.331 390.822
395.598 409.938
395.864 405.055
396.131 417.171
396.398 438.288
396.664 434.403
396.931 469.519
397.197 520.634
397.464 397.749
397.730 480.864
397.997 457.979
398.263 419.093
398.530 394.207
398.796 424.321
399.063 424.434
399.329 371.547
399.596 481.660
399.862 398.773
400.129 418.886
400.396 480.998
400.662 293.110
400.929 275.221
401.195 326.333
401.462 384.444
401.728 442.555
401.995 436.666
402.261 344.776
402.528 312.886
402.794 329.996
403.061 420.106
403.327 538.215
403.594 463.324
403.860 346.433
404.127 323.542
404.393 474.651
404.660 504.759
404.931 452.867
405.202 423.974
405.473 382.082
405.745 477.189
406.016 584.296
406.287 549.403
406.558 530.509
406.829 594.616
407.100 545.722
407.371 660.827
407.642 642.933
407.914 529.038
408.185 464.143
408.456 429.248
408.727 585.353
408.998 614.457
409.269 707.561
409.540 744.665
409.811 522.769
410.083 526.872
410.354 543.976
410.625 429.078
410.896 525.181
411.167 630.284
411.438 638.386
411.709 497.488
411.981 654.590
412.252 555.692
412.523 408.793
412.794 574.894
413.065 642.995
413.336 485.096
413.607 541.196
413.878 588.297
414.150 542.397
414.421 459.496
414.692 389.596
414.963 374.695
415.234 488.794
415.505 453.893
415.776 540.992
416.047 581.091
416.319 559.189
416.590 443.287
416.861 332.385
417.132 451.483
417.403 466.580
417.674 401.677
417.945 360.774
418.217 358.871
418.488 465.967
418.759 392.064
419.030 357.160
419.301 418.256
419.572 467.352
419.843 467.447
420.114 386.542
420.386 354.638
420.657 473.732
420.928 466.827
421.199 438.922
421.470 401.016
421.741 307.110
422.012 325.204
422.283 377.297
422.555 423.391
422.826 408.484
423.097 489.577
423.368 455.670
423.639 342.763
423.910 427.855
424.181 389.947
424.453 324.039
424.724 532.131
424.995 549.223
425.266 408.314
425.537 408.405
425.808 517.496
426.079 556.587
426.350 489.678
426.622 418.768
426.893 516.859
427.164 485.949
427.435 386.039
427.706 388.128
427.977 385.218
428.248 329.307
428.519 398.396
428.791 377.485
429.062 413.574
429.333 348.662
429.604 332.751
429.875 437.839
430.146 541.927
430.417 485.014
430.689 425.102
430.960 340.189
431.231 372.276
431.502 468.363
431.773 495.450
432.044 417.537
432.315 490.623
432.586 533.710
432.858 540.796
433.129 355.882
433.400 362.967
433.671 433.053
433.942 419.138
434.213 363.223
434.484 399.308
434.755 480.393
435.027 361.478
435.298 435.562
435.569 494.647
435.840 362.731
436.116 344.815
436.391 406.898
436.667 444.982
436.942 512.065
437.218 534.148
437.493 568.231
437.769 647.314
438.045 538.397
438.320 537.479
438.596 506.562
438.871 402.644
439.147 422.726
439.422 402.808
439.698 330.889
439.974 385.971
440.249 457.052
440.525 475.133
440.800 355.214
441.076 440.295
441.351 575.375
441.627 577.456
441.903 525.536
442.178 420.616
442.454 447.696
442.729 621.776
443.005 452.856
443.281 497.935
443.556 602.014
443.832 507.093
444.107 395.172
444.383 458.251
444.658 434.330
444.934 349.408
445.210 514.486
445.485 554.564
445.761 581.642
446.036 567.720
446.312 527.798
446.587 502.875
446.863 412.953
447.139 459.030
447.414 533.107
447.690 538.184
447.965 575.260
448.241 472.337
448.516 476.413
448.792 485.489
449.068 536.565
449.343 558.641
449.619 490.717
449.894 469.792
450.170 474.868
450.445 606.943
450.721 632.018
450.997 426.093
451.272 544.168
451.548 479.243
451.823 468.317
452.099 563.391
452.375 456.465
452.650 431.539
452.926 472.613
453.201 494.687
453.477 680.761
453.752 586.834
454.028 490.907
454.304 586.980
454.579 613.053
454.855 553.126
455.130 600.199
455.406 690.271
455.681 561.344
455.957 491.416
456.233 476.488
456.508 505.560
456.784 524.632
457.059 439.703
457.335 564.775
457.610 543.846
457.886 480.917
458.162 476.988
458.437 465.059
458.713 509.130
458.988 504.201
459.264 554.271
459.539 559.342
459.815 494.412
460.091 471.482
460.366 452.552
460.642 471.621
460.917 491.691
461.193 497.761
461.468 446.830
461.744 482.899
462.020 443.968
462.295 439.037
462.571 495.106
462.846 519.174
463.122 571.243
463.397 574.311
463.673 462.917
463.949 476.971
464.224 455.061
464.500 518.065
464.775 440.651
465.051 438.841
465.327 533.253
465.602 571.710
465.878 522.398
466.153 380.227
466.429 488.566
466.704 657.806
466.980 559.188
467.256 592.254
467.531 664.986
467.807 664.716
468.082 608.670
468.358 489.008
468.633 527.695
468.909 469.528
469.185 411.775
469.460 547.064
469.736 630.258
470.011 496.386
470.287 514.061
470.562 544.397
470.838 463.276
471.114 498.153
471.389 509.329
471.665 409.808
471.940 478.102
472.216 493.349
472.491 446.294
472.767 447.826
473.043 564.523
473.318 655.866
473.594 519.052
473.869 528.800
474.145 493.259
474.421 458.736
474.696 469.990
474.972 438.964
475.247 490.444
475.523 513.430
475.798 561.927
476.074 512.539
476.350 503.437
476.625 567.215
476.901 534.658
477.176 517.883
477.452 466.555
477.727 385.234
478.003 291.409
478.279 434.764
478.554 527.306
478.830 541.130
479.105 541.108
479.381 508.167
479.656 403.766
479.932 415.576
480.208 529.590
480.483 539.227
480.759 552.432
481.034 503.450
481.310 483.309
481.585 505.580
481.861 506.649
482.137 438.726
482.412 489.653
482.688 533.910
482.963 511.368
483.239 556.005
483.514 412.778
483.790 482.012
484.066 636.434
484.341 535.059
484.617 435.880
484.892 536.564
485.168 517.717
485.443 378.095
485.719 415.926
485.995 494.524
486.270 520.850
486.546 455.585
486.821 413.110
487.097 355.095
487.373 368.609
487.648 533.294
487.924 499.394
488.199 323.125
488.475 244.596
488.750 305.937
489.026 422.093
489.302 408.410
489.577 356.104
489.853 415.556
490.128 545.876
490.404 473.968
490.679 359.542
490.955 506.851
491.231 616.387
491.506 589.648
491.782 479.605
492.057 421.460
492.333 448.912
492.608 407.870
492.884 450.977
493.160 364.926
493.435 417.656
493.711 479.475
493.986 456.532
494.262 470.759
494.537 393.362
494.813 434.037
495.089 373.613
495.364 417.871
495.640 460.164
495.915 384.579
496.191 513.342
496.467 494.197
496.742 540.556
497.018 528.843
497.293 459.794
497.569 514.650
497.844 446.415
498.120 509.834
498.396 498.994
498.671 430.029
498.947 521.442
499.222 511.079
499.498 473.829
499.773 493.782
500.049 504.790
500.325 484.388
500.600 562.409
500.876 524.987
501.151 581.258
501.427 561.814
501.702 574.491
501.978 554.443
502.254 534.464
502.529 437.399
502.805 586.935
503.080 653.103
503.356 564.006
503.631 531.295
503.907 531.410
504.183 501.098
504.458 599.328
504.734 595.740
505.009 583.658
505.285 492.195
505.560 488.715
505.836 465.982
506.112 490.325
506.387 459.000
506.663 438.364
506.938 402.015
507.214 420.266
507.490 512.821
507.765 480.064
508.041 536.623
508.316 565.937
508.592 495.360
508.867 537.166
509.143 608.032
509.419 551.801
509.694 440.413
509.970 480.582
510.245 454.645
510.521 486.239
510.796 452.835
511.072 412.924
511.348 402.180
511.623 474.013
511.899 469.666
512.174 558.622
512.450 561.092
512.725 514.513
513.001 373.318
513.277 347.254
513.552 527.445
513.828 463.336
514.103 448.148
514.379 567.967
514.654 471.424
514.930 475.456
515.206 702.710
515.481 641.913
515.757 440.898
516.032 370.063
516.308 483.644
516.583 562.243
516.859 495.955
517.135 510.607
517.410 589.349
517.686 627.296
517.961 575.835
518.237 526.267
518.513 426.551
518.788 584.791
519.064 610.734
519.339 537.939
519.615 493.063
519.890 509.990
520.166 544.225
520.442 668.866
520.717 721.846
520.993 662.855
521.268 529.441
521.544 564.134
521.819 556.370
522.095 621.139
522.371 695.371
522.646 661.857
522.922 726.401
523.197 689.088
523.473 686.558
523.748 669.376
524.024 615.831
524.300 634.056
524.575 586.252
524.851 638.926
525.126 619.238
525.402 626.571
525.677 710.824
525.953 653.782
526.229 617.496
526.504 581.765
526.780 717.007
527.055 734.960
527.331 701.509
527.606 750.116
527.882 717.861
528.158 599.817
528.433 683.544
528.709 665.351
528.984 630.844
529.260 642.676
529.535 669.958
529.811 527.829
530.087 444.190
530.362 512.097
530.638 590.568
530.913 619.713
531.189 637.728
531.465 593.367
531.740 575.625
532.016 615.874
532.291 593.672
532.567 579.360
532.842 606.533
533.118 598.433
533.394 667.016
533.669 555.515
533.945 497.190
534.220 527.387
534.496 595.127
534.771 554.812
535.047 602.224
535.323 609.689
535.598 580.842
535.874 635.161
536.149 618.227
536.425 560.164
536.700 561.183
536.976 631.932
537.252 721.896
537.527 645.043
537.803 685.358
538.078 825.699
538.354 935.867
538.629 919.112
538.905 919.152
539.181 999.901
539.456 1003.886
539.732 1154.966
540.007 1250.762
540.283 1147.295
540.558 1085.985
540.834 1122.792
541.110 1111.073
541.385 1029.925
541.661 1126.994
541.936 1162.839
542.212 1080.619
542.488 1174.811
542.763 1246.208
543.039 1242.524
543.314 1213.793
543.590 1164.393
543.865 1186.279
544.141 1182.346
544.417 1166.497
544.692 1088.085
544.968 1232.116
545.243 1227.416
545.519 1117.001
545.794 1105.227
546.070 1210.634
546.348 1206.902
546.627 1023.833
546.905 1102.502
547.183 1180.788
547.461 1210.618
547.740 1273.219
548.018 1235.755
548.296 1187.893
548.575 1147.216
548.853 1130.373
549.131 1143.320
549.409 1187.859
549.688 1258.334
549.966 1282.181
550.244 1325.870
550.523 1290.897
550.801 1270.844
551.079 1313.146
551.357 1387.367
551.636 1299.077
551.914 1276.828
552.192 1273.907
552.471 1335.419
552.749 1414.598
553.027 1408.321
553.306 1483.669
553.584 1598.750
553.862 1528.454
554.140 1472.498
554.419 1451.558
554.697 1487.833
554.975 1582.304
555.254 1601.321
555.532 1369.325
555.810 1441.195
556.088 1604.929
556.367 1450.145
556.645 1364.140
556.923 1417.677
557.202 1374.547
557.480 1378.102
557.758 1266.228
558.036 1177.030
558.315 1182.531
558.593 1154.492
558.871 1132.262
559.150 1064.408
559.428 1003.570
559.706 935.009
559.984 917.732
560.263 992.099
560.541 893.977
560.819 830.326
561.098 840.302
561.376 820.144
561.654 713.447
561.932 597.710
562.211 644.626
562.489 710.943
562.767 660.390
563.046 541.942
563.324 487.713
563.602 565.065
563.880 552.080
564.159 642.325
564.437 695.434
564.715 576.173
564.994 523.423
565.272 534.013
565.550 486.555
565.828 431.393
566.107 519.219
566.385 534.659
566.663 428.613
566.942 458.837
567.220 502.098
567.498 583.383
567.776 493.993
568.055 446.910
568.333 536.366
568.611 583.675
568.890 501.820
569.168 447.802
569.446 516.867
569.725 513.035
570.003 391.328
570.281 415.917
570.559 535.873
570.838 471.564
571.116 511.782
571.394 601.931
571.673 563.750
571.951 525.495
572.229 505.139
572.507 524.127
572.786 536.342
573.064 537.871
573.342 547.640
573.621 451.180
573.899 536.090
574.177 694.849
574.455 633.977
574.734 561.244
575.012 597.480
575.290 551.084
575.569 586.951
575.847 648.403
576.125 615.069
576.403 514.526
576.682 561.279
576.960 592.958
577.243 629.808
577.527 560.510
577.810 422.611
578.093 448.700
578.377 502.979
578.660 509.927
578.944 489.208
579.227 485.258
579.510 512.530
579.794 490.253
580.077 496.736
580.360 521.070
580.644 529.563
580.927 520.181
581.210 517.230
581.494 474.467
581.777 587.460
582.061 556.204
582.344 460.080
582.627 500.988
582.911 517.969
583.194 424.705
583.477 520.544
583.761 597.422
584.044 639.369
584.327 607.072
584.611 525.185
584.894 543.198
585.178 564.208
585.461 564.239
585.744 611.223
586.028 527.865
586.311 547.895
586.594 540.926
586.878 494.957
587.161 438.987
587.444 519.018
587.728 560.049
588.011 587.079
588.295 504.110
588.578 520.619
588.861 578.592
589.145 521.201
589.428 488.720
589.711 468.261
589.995 447.843
590.278 578.743
590.562 536.351
590.845 498.883
591.128 651.109
591.412 615.211
591.695 550.920
591.978 636.229
592.262 610.920
592.545 484.108
592.828 623.343
593.112 546.979
593.395 496.161
593.679 450.875
593.962 538.554
594.245 511.182
594.529 492.306
594.812 424.251
595.095 370.971
595.379 567.880
595.662 601.277
595.945 512.327
596.229 449.348
596.512 445.517
596.796 506.443
597.079 559.435
597.362 677.286
597.646 629.167
597.929 482.806
598.212 506.072
598.496 554.520
598.779 619.154
599.062 633.002
599.346 495.814
599.629 499.298
599.913 502.775
600.196 533.345
600.479 523.006
600.763 534.387
601.046 442.901
601.329 500.452
601.613 544.235
601.896 500.999
602.179 591.890
602.463 579.147
602.746 568.369
603.030 571.344
603.313 588.475
603.596 457.982
603.880 479.129
604.163 561.510
604.446 549.234
604.730 457.194
605.013 459.710
605.296 512.097
605.580 522.898
605.863 575.814
606.147 482.795
606.430 460.295
606.713 536.192
606.997 512.259
607.280 576.364
607.563 522.574
607.847 487.877
608.130 516.284
608.414 533.418
608.697 531.487
608.980 533.993
609.264 615.916
609.547 506.622
609.830 519.381
610.114 522.346
610.397 474.380
610.680 509.167
610.964 518.035
611.247 544.532
611.531 498.969
611.814 417.543
612.097 413.644
612.381 539.735
612.664 624.687
612.947 470.641
613.231 453.984
613.514 465.261
613.797 532.085
614.081 569.439
614.364 549.818
614.648 476.170
614.931 430.027
615.214 400.583
615.498 435.418
615.781 483.116
616.064 429.992
616.348 473.325
616.631 521.108
616.914 586.565
617.198 548.745
617.481 466.012
617.765 446.773
618.048 488.701
618.331 443.317
618.615 420.065
618.898 510.999
619.181 524.859
619.465 500.675
619.748 437.397
620.031 402.212
620.315 372.903
620.598 467.545
620.882 511.728
621.165 581.845
621.448 538.132
621.732 563.569
622.015 514.838
622.298 476.009
622.582 501.459
622.865 485.003
623.148 460.053
623.432 534.072
623.715 510.073
623.999 624.461
624.282 572.905
624.565 605.270
624.849 545.939
625.132 419.040
625.415 598.501
625.699 691.965
625.982 572.918
626.265 468.945
626.549 452.335
626.832 590.744
627.116 642.284
627.399 525.137
627.682 938.417
627.966 725.010
628.249 443.621
628.532 441.189
628.816 617.862
629.099 548.129
629.383 494.551
629.666 443.637
629.949 451.300
630.233 484.224
630.516 549.211
630.799 521.442
631.083 451.876
631.366 431.325
631.649 447.304
631.933 409.671
632.216 480.291
632.500 529.038
632.783 547.909
633.066 528.459
633.350 513.424
633.633 535.152
633.916 527.347
634.200 548.864
634.483 544.529
634.766 571.645
635.050 555.748
635.333 483.881
635.617 515.273
635.900 575.930
636.183 616.490
636.467 568.671
636.750 564.789
637.033 605.378
637.317 643.202
637.600 600.326
637.883 542.507
638.167 590.801
638.450 594.398
638.734 558.839
639.017 636.576
639.300 666.560
639.584 617.314
639.867 786.653
640.150 734.289
640.434 744.601
640.717 785.982
641.000 780.396
641.284 855.184
641.567 783.040
641.851 845.091
642.134 1044.074
642.417 994.521
642.701 1161.984
642.984 1193.629
643.267 1173.414
643.551 1139.727
643.834 1212.981
644.117 1353.253
644.401 1496.060
644.684 1654.469
644.968 1910.179
645.251 2100.716
645.534 2203.927
645.818 2427.212
646.101 2815.428
646.384 3172.256
646.668 3412.653
646.951 3737.556
647.235 4134.887
647.518 4612.351
647.801 5075.718
648.085 5536.700
648.368 5963.917
648.651 6242.133
648.935 6714.361
649.218 7221.915
649.501 7513.380
649.785 8003.501
650.068 8788.434
650.352 9644.723
650.635 10151.969
650.918 10753.836
651.202 11652.587
651.485 12294.253
651.768 12705.200
652.052 13242.032
652.335 13771.646
652.618 14210.263
652.902 14686.139
653.185 15228.825
653.469 15468.146
653.752 15752.198
654.035 16096.158
654.319 16205.315
654.602 16318.442
654.885 16401.278
655.169 16525.666
655.452 16647.784
655.735 16525.860
656.019 16541.320
656.302 16621.107
656.586 16481.788
656.869 16674.255
657.152 16676.629
657.436 16657.585
657.719 16776.980
658.002 16944.843
658.286 16909.455
658.569 16891.977
658.852 17042.960
659.136 17265.404
659.419 17314.156
659.703 17382.197
659.986 17309.122
660.269 17403.363
660.553 17472.080
660.836 17477.182
661.119 17419.276
661.403 17322.392
661.686 17105.401
661.969 16890.773
662.253 16737.450
662.536 16548.446
662.820 16187.314
663.103 15862.791
663.386 15362.812
663.670 14868.918
663.953 14375.277
664.236 14058.555
664.520 13530.713
664.803 13044.412
665.086 12588.921
665.370 12142.730
665.653 11675.679
665.937 11059.752
666.220 10442.125
666.503 9900.563
666.787 9299.164
667.070 8695.117
667.353 8314.040
667.637 7728.231
667.920 7262.734
668.204 6682.681
668.487 6163.881
668.770 5961.421
669.054 5345.352
669.337 4870.698
669.620 4554.714
669.904 4209.974
670.187 4025.703
670.470 3797.178
670.754 3330.871
671.037 3098.439
671.321 2872.618
671.604 2711.976
671.887 2661.548
672.171 2458.907
672.454 2276.453
672.737 2180.728
673.021 2074.267
673.304 1937.813
673.587 1994.301
673.871 2000.482
674.154 1853.684
674.438 1763.112
674.721 1726.132
675.004 1665.171
675.288 1526.302
675.571 1483.609
675.854 1361.075
676.138 1290.333
676.421 1277.237
676.704 1152.543
676.988 1202.973
677.271 1369.524
677.555 1275.821
677.838 1137.267
678.121 1111.319
678.405 1062.915
678.688 1041.195
678.971 883.624
679.255 975.967
679.538 1012.294
679.821 1070.405
680.105 949.002
680.388 835.834
680.672 826.327
680.955 845.057
681.238 820.982
681.522 752.581
681.805 770.596
682.088 823.979
682.372 801.917
682.655 745.362
682.938 806.968
683.222 808.032
683.505 758.739
683.789 777.567
684.072 692.946
684.355 735.040
684.639 752.804
684.922 662.009
685.205 643.239
685.489 737.204
685.772 689.927
686.056 633.136
686.339 708.469
686.622 591.143
686.906 550.452
687.189 653.811
687.472 781.179
687.756 659.424
688.039 589.150
688.322 549.503
688.606 661.213
688.889 666.451
689.173 591.313
689.456 637.261
689.739 621.622
690.023 589.710
690.306 607.455
690.589 552.675
690.873 606.228
691.156 587.516
691.439 581.291
691.723 548.011
692.006 556.934
692.290 562.032
692.573 603.003
692.856 613.171
693.140 621.479
693.423 575.306
693.706 467.112
693.990 501.324
694.273 512.188
694.556 620.037
694.840 698.897
695.123 587.656
695.407 625.251
695.690 561.159
695.973 557.632
696.257 627.106
696.540 750.965
696.830 703.962
697.120 615.593
697.410 600.605
697.699 574.366
697.989 717.238
698.279 664.658
698.569 530.798
698.859 595.365
699.149 613.592
699.439 591.533
699.729 519.518
700.018 478.719
700.308 559.798
700.598 479.285
700.888 406.703
701.178 559.607
701.468 548.915
701.758 449.085
702.048 477.034
702.337 419.900
702.627 469.523
702.917 476.604
703.207 431.351
703.497 473.187
703.787 378.256
704.077 469.197
704.366 533.533
704.656 401.620
704.946 375.432
705.236 359.090
705.526 493.478
705.816 535.411
706.106 352.441
706.396 419.836
706.685 484.143
706.975 410.674
707.265 365.278
707.555 490.151
707.845 514.963
708.135 428.756
708.425 386.987
708.715 404.201
709.004 517.455
709.294 535.257
709.584 495.756
709.874 531.275
710.164 492.830
710.454 398.958
710.744 350.209
711.034 423.844
711.323 466.333
711.613 437.806
711.903 543.586
712.193 580.967
712.483 499.370
712.773 500.369
713.063 423.839
713.352 430.860
713.642 445.673
713.932 524.819
714.222 549.129
714.512 476.626
714.802 437.004
715.092 530.042
715.382 417.814
715.671 417.988
715.961 481.745
716.251 414.323
716.541 405.278
716.831 478.942
717.121 412.383
717.411 508.259
717.701 554.207
717.990 455.658
718.280 464.354
718.570 439.536
718.860 398.101
719.150 418.553
719.440 371.413
719.730 384.199
720.019 544.153
720.309 544.688
720.599 439.640
720.889 408.918
721.179 451.995
721.469 449.569
721.759 434.675
722.049 497.010
722.338 380.054
722.628 389.445
722.918 451.466
723.208 555.233
723.498 438.902
723.788 460.513
724.078 549.075
724.368 488.432
724.657 461.001
724.947 503.891
725.237 516.940
725.527 574.870
725.817 453.790
726.107 402.897
726.397 402.912
726.686 389.387
726.976 429.053
727.266 485.161
727.556 405.872
727.846 507.925
728.136 535.495
728.426 468.718
728.716 398.965
729.005 479.406
729.295 446.474
729.585 369.686
729.875 342.821
730.165 387.785
730.455 443.086
730.745 460.035
731.035 462.962
731.324 544.617
731.614 529.981
731.904 428.470
732.194 493.596
732.484 467.826
732.774 441.576
733.064 438.672
733.354 354.056
733.643 434.131
733.933 467.835
734.223 398.649
734.513 512.698
734.803 569.798
735.093 468.349
735.383 450.266
735.672 453.210
735.962 460.960
736.252 333.446
736.542 383.085
736.832 434.030
737.122 362.901
737.412 394.288
737.702 512.451
737.991 500.689
738.281 427.942
738.571 428.518
738.861 474.651
739.151 463.839
739.441 588.274
739.731 537.157
740.021 488.968
740.310 508.202
740.600 507.731
740.890 372.754
741.180 413.978
741.470 447.556
741.760 484.095
742.050 594.672
742.339 516.733
742.629 426.737
742.919 577.097
743.209 387.805
743.499 319.954
743.789 414.344
744.079 452.972
744.369 454.516
744.658 444.529
744.948 317.370
745.238 468.342
745.528 507.008
745.818 561.096
746.108 499.602
746.398 486.210
746.688 471.328
746.977 604.410
747.267 490.223
747.557 556.330
747.847 581.195
748.137 492.235
748.427 480.308
748.717 372.235
749.006 284.316
749.296 405.131
749.586 429.617
749.876 496.791
750.166 410.152
750.456 423.535
750.746 455.908
751.036 411.011
751.325 522.801
751.615 465.395
751.905 467.407
752.195 446.888
752.485 422.901
752.775 508.423
753.065 456.384
753.355 610.552
753.644 615.571
753.934 521.053
754.224 474.405
754.514 559.232
754.804 423.279
755.094 346.060
755.384 366.134
755.674 485.505
755.963 556.733
756.253 500.076
756.543 495.576
756.833 511.661
757.123 479.032
757.413 464.451
757.703 477.530
757.992 449.402
758.282 406.796
758.572 468.524
758.862 434.367
759.152 493.676
759.442 506.246
759.732 509.783
760.022 551.002
760.311 483.159
760.601 405.708
760.891 511.355
761.181 472.663
761.471 483.212
761.761 406.169
762.051 427.330
762.341 509.408
762.630 583.449
762.920 477.722
763.210 456.039
763.500 497.889
763.793 455.606
764.086 441.520
764.379 477.306
764.671 564.844
764.964 459.223
765.257 407.928
765.550 430.941
765.843 379.543
766.136 440.040
766.429 412.835
766.722 451.707
767.014 440.199
767.307 358.077
767.600 379.238
767.893 353.423
768.186 351.420
768.479 440.142
768.772 516.768
769.064 510.732
769.357 455.850
769.650 444.225
769.943 571.686
770.236 531.416
770.529 402.933
770.822 425.123
771.115 466.466
771.407 558.776
771.700 525.489
771.993 534.113
772.286 498.269
772.579 546.166
772.872 450.412
773.165 409.094
773.457 446.405
773.750 454.941
774.043 369.181
774.336 417.041
774.629 447.463
774.922 498.381
775.215 457.021
775.508 429.930
775.800 401.340
776.093 492.391
776.386 489.896
776.679 416.887
776.972 476.316
777.265 642.491
777.558 682.098
777.850 525.646
778.143 506.563
778.436 516.139
778.729 465.381
779.022 473.434
779.315 436.260
779.608 387.026
779.900 360.907
780.193 396.095
780.486 421.814
780.779 459.518
781.072 379.911
781.365 443.493
781.658 495.156
781.951 430.911
782.243 499.197
782.536 541.376
782.829 458.055
783.122 449.031
783.415 429.535
783.708 428.544
784.001 481.716
784.293 508.809
784.586 521.337
784.879 540.387
785.172 508.827
785.465 401.132
785.758 451.244
786.051 480.314
786.344 530.365
786.636 656.033
786.929 520.909
787.222 396.590
787.515 411.824
787.808 433.989
788.101 443.991
788.394 521.925
788.686 603.855
788.979 578.470
789.272 524.957
789.565 514.464
789.858 447.610
790.151 409.107
790.444 355.173
790.737 404.540
791.029 407.736
791.322 502.558
791.615 504.062
791.908 540.046
792.201 508.580
792.494 416.360
792.787 496.634
793.079 581.886
793.372 499.644
793.665 527.073
793.958 472.249
794.251 480.237
794.544 577.379
794.837 636.790
795.130 545.076
795.422 514.180
795.715 484.281
796.008 485.774
796.301 509.718
796.594 460.924
796.887 520.696
797.180 523.221
797.472 400.600
797.765 334.808
798.058 353.410
798.351 315.888
798.644 344.812
798.937 377.725
799.230 384.332
799.523 694.796
799.815 646.950
800.108 456.533
800.401 402.705
800.694 513.897
800.987 465.539
801.280 461.485
801.573 529.428
801.865 529.439
802.158 436.108
802.451 461.069
802.744 469.064
803.037 446.121
803.330 447.576
803.623 539.955
803.915 512.022
804.208 426.630
804.501 450.518
804.794 500.579
805.087 491.089
805.380 363.828
805.673 378.490
805.966 482.605
806.258 432.999
806.551 478.056
806.844 470.035
807.137 499.664
807.430 376.683
807.723 377.698
808.016 550.399
808.308 638.037
808.601 519.297
808.894 393.592
809.187 431.260
809.480 438.885
809.773 406.294
810.066 510.335
810.359 552.149
810.651 473.556
810.944 308.775
811.237 358.543
811.530 465.516
811.825 406.401
812.119 349.493
812.414 338.404
812.709 456.938
813.003 495.323
813.298 439.221
813.593 448.227
813.887 444.748
814.182 575.478
814.476 531.403
814.771 582.175
815.066 477.572
815.360 381.569
815.655 418.165
815.950 426.739
816.244 492.874
816.539 600.923
816.834 465.357
817.128 505.639
817.423 586.683
817.718 701.991
818.012 512.366
818.307 328.450
818.602 417.600
818.896 469.803
819.191 455.908
819.486 409.484
819.780 532.049
820.075 642.548
820.369 571.499
820.664 430.280
820.959 508.965
821.253 499.140
821.548 471.172
821.843 505.390
822.137 524.637
822.432 519.491
822.727 451.222
823.021 454.835
823.316 652.813
823.611 642.672
823.905 456.204
824.200 377.655
824.495 456.521
824.789 522.988
825.084 525.609
825.379 476.596
825.673 451.766
825.968 556.437
826.262 529.495
826.557 504.626
826.852 520.024
827.146 481.818
827.441 455.867
827.736 548.719
828.030 504.679
828.325 348.103
828.620 491.425
828.914 571.661
829.209 418.371
829.504 577.892
829.798 579.854
830.093 461.916
830.388 450.298
830.682 374.860
830.977 435.792
831.271 496.861
831.566 407.972
831.861 386.254
832.155 453.265
832.450 553.883
832.745 601.094
833.039 512.920
833.334 406.013
833.629 457.409
833.923 413.232
834.218 393.075
834.513 403.523
834.807 393.947
835.102 363.864
835.397 409.821
835.691 356.105
835.986 390.145
836.281 440.918
836.575 432.669
836.870 459.177
837.164 492.871
837.459 431.852
837.754 426.978
838.048 395.534
838.343 410.622
838.638 469.337
838.932 490.901
839.227 498.789
839.522 479.964
839.816 445.619
840.111 429.302
840.406 432.040
840.700 539.174
840.995 651.451
841.290 664.290
841.584 570.031
841.879 593.766
842.174 488.441
842.468 498.828
842.763 437.972
843.057 474.494
843.352 470.145
843.647 449.162
843.941 446.694
844.236 540.514
844.531 498.309
844.825 468.255
845.120 575.700
845.415 624.556
845.709 561.373
846.004 561.169
846.299 468.192
846.593 585.117
846.888 599.009
847.183 486.503
847.477 422.728
847.772 452.380
848.066 521.086
848.361 468.753
848.656 489.822
848.950 552.667
849.245 619.671
849.540 522.428
849.834 633.002
850.129 601.629
850.424 489.815
850.718 484.642
851.013 559.365
851.308 503.624
851.602 531.189
851.897 616.427
852.192 671.279
852.486 543.749
852.781 510.541
853.076 656.027
853.370 661.007
853.665 607.242
853.959 597.875
854.254 541.331
854.549 650.064
854.843 553.264
855.138 512.216
855.433 570.536
855.727 654.743
856.022 495.821
856.317 464.797
856.611 556.103
856.906 479.044
857.201 498.697
857.495 588.195
857.790 609.894
858.085 594.503
858.379 541.479
858.674 375.008
858.969 370.167
859.263 466.187
859.558 483.379
859.852 432.876
860.147 501.016
860.442 578.071
860.736 393.185
861.031 522.207
861.326 624.687
861.620 458.436
861.915 602.776
862.210 631.961
862.504 461.452
862.799 487.212
863.094 560.653
863.388 536.118
863.683 497.382
863.978 456.793
864.272 471.630
864.567 462.810
864.861 437.766
865.156 426.564
865.451 381.981
865.745 477.816
866.040 520.228
866.335 515.046
866.629 529.957
866.924 416.540
867.219 438.214
867.513 591.567
867.808 477.266
868.103 414.550
868.397 462.723
868.692 485.029
868.987 412.903
869.281 420.297
869.576 541.287
869.871 581.794
870.165 463.830
870.460 325.926
870.754 395.863
871.049 399.054
871.344 462.629
871.638 530.369
871.933 457.411
872.228 477.638
872.522 461.973
872.817 520.839
873.112 674.468
873.406 560.307
873.701 573.973
873.996 556.311
874.290 482.821
874.585 436.260
874.880 478.522
875.174 464.569
875.469 483.452
875.764 482.028
876.058 434.320
876.353 381.380
876.647 343.330
876.942 380.436
877.237 425.285
877.531 469.877
877.826 469.437
878.121 418.677
878.415 408.790
878.710 376.387
879.005 477.762
879.299 429.294
879.594 410.620
879.889 343.513
880.183 339.123
880.478 415.822
880.773 401.048
881.067 442.246
881.362 459.105
881.656 399.950
881.951 399.588
882.246 380.021
882.540 428.176
882.835 425.165
883.130 430.291
883.424 380.582
883.719 346.073
884.014 435.380
884.308 406.757
884.603 371.142
884.898 427.206
885.192 494.710
885.487 398.060
885.782 367.261
886.076 512.291
886.371 479.961
886.666 290.300
886.960 333.954
887.255 362.310
887.549 341.115
887.844 472.490
888.139 511.341
888.433 447.271
888.728 361.226
889.023 424.288
889.317 444.819
889.612 352.315
889.907 394.488
890.201 435.203
890.496 453.393
890.791 453.883
891.085 406.711
891.380 415.544
891.675 441.537
891.969 428.293
892.264 350.515
892.559 414.324
892.853 505.605
893.148 423.529
893.442 406.931
893.737 476.080
894.032 393.729
894.326 335.586
894.621 381.408
894.916 333.250
895.210 371.730
895.505 449.577
895.800 392.510
896.094 334.454
896.389 389.183
896.684 401.901
896.978 373.310
897.273 318.274
897.568 419.590
897.862 466.829
898.157 404.943
898.451 499.114
898.746 458.413
899.041 493.369
899.335 491.605
899.630 422.012
899.925 440.245
900.219 407.480
900.514 486.293
900.809 369.270
901.103 286.916
901.398 504.507
901.693 449.762
901.987 394.020
902.282 490.737
902.577 404.198
902.871 279.958
903.166 364.960
903.461 445.650
903.755 460.354
904.050 425.756
904.344 323.295
904.639 365.164
904.934 398.713
905.228 385.048
905.523 304.942
905.818 327.197
906.112 451.528
906.407 446.934
906.702 392.596
906.996 422.961
907.291 401.294
907.586 350.755
907.880 468.883
908.175 454.771
908.470 447.505
908.764 494.335
909.059 499.336
909.354 471.969
909.648 406.653
909.943 424.925
910.237 492.498
910.532 502.573
910.827 503.497
911.121 500.296
911.416 460.781
911.711 443.324
912.005 474.534
912.300 456.966
912.599 473.967
912.898 419.395
913.196 421.497
913.495 458.609
913.794 529.171
914.093 457.192
914.391 445.956
914.690 504.114
914.989 464.442
915.288 508.791
915.586 479.843
915.885 400.224
916.184 359.706
916.483 359.712
916.782 427.125
917.080 435.590
917.379 458.074
917.678 450.030
917.977 492.901
918.275 524.595
918.574 532.736
918.873 544.645
919.172 492.405
919.471 400.689
919.769 425.674
920.068 375.874
920.367 400.523
920.666 434.730
920.964 468.809
921.263 403.245
921.562 365.420
921.861 476.846
922.159 438.981
922.458 433.168
922.757 426.657
923.056 402.940
923.355 402.172
923.653 509.917
923.952 519.795
924.251 385.471
924.550 493.247
924.848 523.372
925.147 435.738
925.446 485.781
925.745 508.622
926.043 451.873
926.342 413.275
926.641 365.695
926.940 468.106
927.239 497.695
927.537 541.127
927.836 451.136
928.135 425.689
928.434 483.472
928.732 477.289
929.031 487.974
929.330 506.418
929.629 487.939
929.927 484.831
930.226 427.307
930.525 406.222
930.824 518.031
931.123 471.547
931.421 546.966
931.720 537.289
932.019 519.427
932.318 489.698
932.616 492.327
932.915 441.638
933.214 485.734
933.513 455.675
933.812 476.246
934.110 567.331
934.409 646.459
934.708 550.542
935.007 661.255
935.305 648.218
935.604 487.690
935.903 580.386
936.202 607.254
936.500 680.961
936.799 769.050
937.098 689.192
937.397 643.231
937.696 575.884
937.994 563.161
938.293 645.946
938.592 581.658
938.891 586.174
939.189 593.810
939.488 685.120
939.787 820.787
940.086 634.352
940.384 607.255
940.683 541.513
940.982 517.029
941.281 650.112
941.580 878.448
941.878 857.409
942.177 622.357
942.476 646.369
942.775 680.911
943.073 588.941
943.372 602.750
943.671 736.190
943.970 789.295
944.268 749.773
944.567 615.646
944.866 580.567
945.165 610.386
945.464 557.841
945.762 454.467
946.061 620.136
946.360 718.188
946.659 728.005
946.957 704.927
947.256 721.819
947.555 604.197
947.854 633.013
948.153 590.140
948.451 600.819
948.750 672.945
949.049 639.889
949.348 722.200
949.646 666.502
949.945 649.823
950.244 707.457
950.543 587.442
950.841 553.651
951.140 529.502
951.439 458.937
951.738 502.291
952.037 582.918
952.335 666.155
952.634 664.880
952.933 552.792
953.232 483.788
953.530 407.454
953.829 669.137
954.128 745.067
954.427 653.808
954.725 746.701
955.024 662.979
955.323 684.938
955.622 576.870
955.921 489.549
956.219 578.231
956.518 447.263
956.817 468.999
957.116 529.434
957.414 554.692
957.713 469.935
958.012 442.563
958.311 445.166
958.610 556.799
958.908 579.481
959.207 523.413
959.506 600.939
959.805 632.305
960.103 561.220
960.402 544.101
960.701 476.212
961.000 512.321
961.298 427.167
961.597 486.524
961.896 516.152
962.195 498.866
962.494 543.678
962.792 512.091
963.091 475.741
963.390 471.982
963.689 448.644
963.987 505.458
964.286 556.002
964.585 554.437
964.884 494.072
965.182 464.445
965.481 738.222
965.780 816.920
966.080 697.375
966.380 608.555
966.680 549.274
966.981 552.967
967.281 544.332
967.581 450.522
967.881 548.609
968.181 589.127
968.481 520.815
968.781 481.543
969.082 409.313
969.382 470.566
969.682 520.118
969.982 522.227
970.282 568.190
970.582 461.575
970.882 442.572
971.183 565.228
971.483 518.520
971.783 504.879
972.083 527.792
972.383 551.076
972.683 509.486
972.983 541.095
973.284 513.097
973.584 467.261
973.884 429.604
974.184 441.193
974.484 488.379
974.784 394.382
975.084 338.526
975.385 368.752
975.685 441.703
975.985 483.426
976.285 482.940
976.585 477.408
976.885 443.427
977.185 420.083
977.486 435.448
977.786 455.628
978.086 530.574
978.386 542.689
978.686 390.718
978.986 379.817
979.286 412.823
979.587 470.829
979.887 422.835
980.187 387.840
980.487 406.846
980.787 478.852
981.087 446.858
981.387 560.864
981.688 453.870
981.988 350.875
982.288 399.881
982.588 462.887
982.888 473.893
983.188 463.899
983.488 510.905
983.789 542.910
984.089 492.916
984.389 430.922
984.689 436.928
984.989 407.933
985.289 422.939
985.589 554.945
985.890 495.951
986.190 431.956
986.490 425.962
986.790 486.968
987.090 433.974
987.390 452.979
987.690 536.985
987.991 443.991
988.291 439.997
988.591 483.002
988.891 380.008
989.191 382.014
989.491 506.019
989.791 473.025
990.092 484.031
990.392 546.036
990.692 520.042
990.992 501.048
991.292 440.053
991.592 539.059
991.892 508.065
992.193 526.070
992.493 484.076
992.793 418.082
993.093 433.087
993.393 411.093
993.693 442.099
993.993 484.104
994.294 560.110
994.594 523.115
994.894 481.121
995.194 439.127
995.494 361.132
995.794 397.138
996.094 393.143
996.395 445.149
996.695 515.154
996.995 427.160
997.295 367.166
997.595 421.171
997.895 373.177
998.195 313.182
998.496 392.188
998.796 414.193
999.096 511.199
999.396 430.204
999.696 474.210
999.996 485.215
1000.296 574.221
1000.597 599.226
1000.897 478.232
1001.197 477.237
1001.497 572.243
1001.797 430.248
1002.097 374.254
1002.397 478.259
1002.698 494.265
1002.998 549.270
1003.298 520.276
1003.598 379.281
1003.898 373.286
1004.198 504.292
1004.498 556.297
1004.799 508.303
1005.099 504.308
1005.399 535.314
1005.699 583.319
1005.999 572.324
1006.299 485.330
1006.599 608.335
1006.900 626.341
1007.200 464.346
1007.500 471.351
1007.800 517.357
1008.100 462.362
1008.400 441.367
1008.700 470.373
1009.001 428.378
1009.301 413.384
1009.601 554.389
1009.901 600.394
1010.201 546.400
1010.501 530.405
1010.801 564.410
1011.102 461.416
1011.402 474.421
1011.702 390.426
1012.002 355.431
1012.302 475.437
1012.602 473.442
1012.902 459.447
1013.203 499.453
1013.503 573.458
1013.803 601.463
1014.103 462.468
1014.403 530.474
1014.703 502.479
1015.003 413.484
1015.304 552.490
1015.604 574.495
1015.904 395.500
1016.204 395.505
1016.504 446.510
1016.804 443.516
1017.104 395.521
1017.405 417.526
1017.705 393.531
1018.005 413.537
1018.305 459.542
1018.605 423.547
1018.905 361.552
1019.205 385.557
1019.506 615.563
1019.806 570.568
1020.106 449.573
1020.406 523.578
1020.706 546.583
1021.006 550.588
1021.306 597.594
1021.607 476.599
1021.907 573.604
1022.207 556.609
1022.507 428.614
1022.807 451.619
1023.107 462.624
1023.407 399.630
1023.708 442.635
1024.008 359.640
1024.308 401.645
1024.608 456.650
1024.908 338.655
1025.208 434.660
1025.508 596.665
1025.809 598.670
1026.109 429.676
1026.409 518.681
1026.709 528.686
1027.009 470.691
1027.309 534.696
1027.609 477.701
1027.910 463.706
1028.210 519.711
1028.510 580.716
1028.810 690.721
1029.110 588.726
1029.410 508.731
1029.710 600.736
1030.011 586.741
1030.311 595.746
1030.611 492.751
1030.911 500.756
1031.211 512.761
1031.511 437.766
1031.811 578.771
1032.112 605.776
1032.412 515.781
1032.712 456.786
1033.012 469.791
1033.312 593.796
1033.612 566.801
1033.912 483.806
1034.212 409.811
1034.513 428.816
1034.813 430.821
1035.113 449.826
1035.413 394.831
1035.713 472.836
1036.013 511.841
1036.313 431.846
1036.614 507.851
1036.914 476.855
1037.214 403.860
1037.514 475.865
1037.814 423.870
1038.114 434.875
1038.414 468.880
1038.715 543.885
1039.015 403.890
1039.315 354.895
1039.615 516.900
1039.915 441.904
1040.215 370.909
1040.515 458.914
1040.816 512.919
1041.116 484.924
1041.416 447.929
1041.716 381.934
1042.016 386.938
1042.316 502.943
1042.616 471.948
1042.917 401.953
1043.217 413.958
1043.517 442.963
1043.817 537.967
1044.117 476.972
1044.417 451.977
1044.717 441.982
1045.018 477.987
1045.318 551.991
1045.618 561.996
1045.918 447.001
1046.218 354.006
1046.518 384.011
1046.818 434.015
1047.119 366.020
1047.419 493.025
1047.719 479.030
1048.019 469.034
1048.319 481.039
1048.619 385.044
1048.919 429.049
1049.220 430.053
1049.520 529.058
1049.820 476.063
1050.120 374.068
1050.420 580.072
1050.720 514.077
1051.020 472.082
1051.321 534.087
1051.621 562.091
1051.921 442.096
1052.221 370.101
1052.521 316.105
1052.821 349.110
1053.121 502.115
1053.422 572.119
1053.722 583.124
1054.022 506.129
1054.322 560.133
1054.622 463.138
1054.922 396.143
1055.222 456.147
1055.523 488.152
1055.823 493.157
1056.123 538.161
1056.423 481.166
1056.723 530.171
1057.023 460.175
1057.323 355.180
1057.624 426.185
1057.924 504.189
1058.224 549.194
1058.524 461.198
1058.824 500.203
1059.124 466.208
1059.424 454.212
1059.725 538.217
1060.025 451.222
1060.325 428.226
1060.625 392.231
1060.925 391.235
1061.225 426.240
1061.525 564.244
1061.826 496.249
1062.126 434.254
1062.426 473.258
1062.726 551.263
1063.026 525.267
1063.326 632.272
1063.626 605.276
1063.927 513.281
1064.227 486.285
1064.527 422.290
1064.827 559.294
1065.127 513.299
1065.427 387.304
1065.727 395.308
1066.028 467.313
1066.328 518.317
1066.628 399.322
1066.928 357.326
1067.228 414.331
1067.528 401.335
1067.828 400.340
1068.129 334.344
1068.429 433.349
1068.729 530.353
1069.029 452.357
1069.329 390.362
1069.629 504.366
1069.929 502.371
1070.230 514.375
1070.530 487.380
1070.830 434.384
1071.130 472.389
1071.430 475.393
1071.730 474.398
1072.030 470.402
1072.331 391.406
1072.631 469.411
1072.931 526.415
1073.231 499.420
1073.531 472.424
1073.831 440.429
1074.131 523.433
1074.432 622.437
1074.732 500.442
1075.032 373.446
1075.332 426.451
1075.632 450.455
1075.932 428.459
1076.232 419.464
1076.533 419.468
1076.833 442.473
1077.133 453.477
1077.433 392.481
1077.733 373.486
1078.033 530.490
1078.333 512.494
1078.634 529.499
1078.934 576.503
1079.234 455.507
1079.534 529.512
1079.834 576.516
1080.134 507.520
1080.434 513.525
1080.735 456.529
1081.035 361.533
1081.335 267.538
1081.635 371.542
1081.935 432.546
1082.235 434.551
1082.535 434.555
1082.836 451.559
1083.136 435.564
1083.436 529.568
1083.736 577.572
1084.036 442.576
1084.336 443.581
1084.636 438.585
1084.937 533.589
1085.237 577.593
1085.537 520.598
1085.837 498.602
1086.137 429.606
1086.437 496.611
1086.737 477.615
1087.038 493.619
1087.338 582.623
1087.638 583.628
1087.938 387.632
1088.238 284.636
1088.538 404.640
1088.838 530.644
1089.139 566.649
1089.439 420.653
1089.739 475.657
1090.039 531.661
1090.339 595.666
1090.639 517.670
1090.939 538.674
1091.240 440.678
1091.540 475.682
1091.840 520.687
1092.140 605.691
1092.453 549.695
1092.766 461.699
1093.079 476.703
1093.392 492.707
1093.705 433.712
1094.018 447.716
1094.330 601.720
1094.643 536.724
1094.956 563.728
1095.269 473.732
1095.582 520.737
1095.895 474.741
1096.208 406.745
1096.521 486.749
1096.834 514.753
1097.147 472.757
1097.460 517.761
1097.773 555.766
1098.085 447.770
1098.398 401.774
1098.711 413.778
1099.024 410.782
1099.337 489.786
1099.650 556.790
1099.963 559.794
1100.276 465.798
1100.589 403.802
1100.902 497.807
1101.215 531.811
1101.528 539.815
1101.841 440.819
1102.153 474.823
1102.466 543.827
1102.779 442.831
1103.092 408.835
1103.405 448.839
1103.718 470.843
1104.031 484.847
1104.344 530.851
1104.657 501.855
1104.970 753.859
1105.283 595.863
1105.596 425.867
1105.909 423.872
1106.221 545.876
1106.534 537.880
1106.847 393.884
1107.160 352.888
1107.473 337.892
1107.786 442.896
1108.099 433.900
1108.412 430.904
1108.725 452.908
1109.038 395.912
1109.351 517.916
1109.664 511.920
1109.977 416.924
1110.289 424.928
1110.602 441.932
1110.915 446.936
1111.228 401.940
1111.541 398.944
1111.854 422.948
1112.167 353.951
1112.480 372.955
1112.793 389.959
1113.106 471.963
1113.419 562.967
1113.732 530.971
1114.044 462.975
1114.357 433.979
1114.670 423.983
1114.983 406.987
1115.296 408.991
1115.609 475.995
1115.922 493.999
1116.235 520.003
1116.548 524.007
1116.861 480.011
1117.174 456.015
1117.487 533.018
1117.800 625.022
1118.112 479.026
1118.425 447.030
1118.738 377.034
1119.051 370.038
1119.364 426.042
1119.677 489.046
1119.990 437.050
1120.303 442.053
1120.616 497.057
1120.929 427.061
1121.242 499.065
1121.555 466.069
1121.868 436.073
1122.180 433.077
1122.493 296.081
1122.806 330.084
1123.119 414.088
1123.432 432.092
1123.745 430.096
1124.058 375.100
1124.371 384.104
1124.684 498.107
1124.997 505.111
1125.310 472.115
1125.623 427.119
1125.935 316.123
1126.248 403.127
1126.561 495.130
1126.874 461.134
1127.187 532.138
1127.500 567.142
1127.813 509.146
1128.126 486.149
1128.439 528.153
1128.752 588.157
1129.065 393.161
1129.378 273.165
1129.691 379.168
1130.003 429.172
1130.316 430.176
1130.629 375.180
1130.942 399.184
1131.255 418.187
1131.568 410.191
1131.881 394.195
1132.194 476.199
1132.507 493.202
1132.820 499.206
1133.133 506.210
1133.446 405.214
1133.759 594.217
1134.071 923.221
1134.384 656.225
1134.697 579.229
1135.010 604.232
1135.323 483.236
1135.636 456.240
1135.949 416.244
1136.262 374.247
1136.575 435.251
1136.888 464.255
1137.201 459.258
1137.514 427.262
1137.826 500.266
1138.139 443.269
1138.452 431.273
1138.765 607.277
1139.078 611.281
1139.391 552.284
1139.704 459.288
1140.017 504.292
1140.330 424.295
1140.643 372.299
1140.956 439.303
1141.269 466.306
1141.582 459.310
1141.894 459.314
1142.207 588.317
1142.520 536.321
1142.833 553.325
1143.146 476.328
1143.459 360.332
1143.772 383.336
1144.085 471.339
1144.398 441.343
1144.711 445.347
1145.024 444.350
1145.337 502.354
1145.650 501.357
1145.962 449.361
1146.275 463.365
1146.588 365.368
1146.901 511.372
1147.214 500.376
1147.527 404.379
1147.840 455.383
1148.153 456.386
1148.466 478.390
1148.779 457.394
1149.092 519.397
1149.405 389.401
1149.718 417.404
1150.030 521.408
1150.343 467.412
1150.656 403.415
1150.969 442.419
1151.282 643.422
1151.595 561.426
1151.908 439.429
1152.221 344.433
1152.534 384.437
1152.847 556.440
1153.160 506.444
1153.473 523.447
1153.785 553.451
1154.098 529.454
1154.411 624.458
1154.724 556.461
1155.037 579.465
1155.350 513.469
1155.663 522.472
1155.976 458.476
1156.289 513.479
1156.602 455.483
1156.915 386.486
1157.228 370.490
1157.541 445.493
1157.853 461.497
1158.166 438.500
1158.479 491.504
1158.792 461.507
1159.105 508.511
1159.418 522.514
1159.731 459.518
1160.044 458.521
1160.357 556.525
1160.670 528.528
1160.983 372.532
1161.296 479.535
1161.609 564.539
1161.921 467.542
1162.234 440.546
1162.547 381.549
1162.860 425.553
1163.173 410.556
1163.486 469.560
1163.799 523.563
1164.112 434.567
1164.425 432.570
1164.738 416.573
1165.051 412.577
1165.364 435.580
1165.676 462.584
1165.989 480.587
1166.302 455.591
1166.615 519.594
1166.928 453.598
1167.241 496.601
1167.554 504.604
1167.867 496.608
1168.180 477.611
1168.493 395.615
1168.806 451.618
1169.119 443.622
1169.432 538.625
1169.744 548.628
1170.057 489.632
1170.370 551.635
1170.683 476.639
1170.996 419.642
1171.309 456.645
1171.622 426.649
1171.935 404.652
1172.248 569.656
1172.561 564.659
1172.874 440.662
1173.187 456.666
1173.500 527.669
1173.812 529.673
1174.125 508.676
1174.438 508.679
1174.751 445.683
1175.064 449.686
1175.377 478.689
1175.690 429.693
1176.003 383.696
1176.316 417.699
1176.629 466.703
1176.942 461.706
1177.255 392.709
1177.567 374.713
1177.880 422.716
1178.193 503.720
1178.506 477.723
1178.819 515.726
1179.132 527.730
1179.445 373.733
1179.758 519.736
1180.071 549.739
1180.384 439.743
1180.697 499.746
1181.010 535.749
1181.323 604.753
1181.635 598.756
1181.948 540.759
1182.261 439.763
1182.574 410.766
1182.887 483.769
1183.200 532.773
1183.513 531.776
1183.826 477.779
1184.139 485.782
1184.452 483.786
1184.765 437.789
1185.078 371.792
1185.391 410.796
1185.703 415.799
1186.016 340.802
1186.329 362.805
1186.642 400.809
1186.955 556.812
1187.268 492.815
1187.581 513.818
1187.894 477.822
1188.207 523.825
1188.520 502.828
1188.833 472.831
1189.146 386.835
1189.459 340.838
1189.771 398.841
1190.084 491.844
1190.397 361.848
1190.710 437.851
1191.023 493.854
1191.336 450.857
1191.649 422.861
1191.962 439.864
1192.275 384.867
1192.588 474.870
1192.901 552.874
1193.214 442.877
1193.526 433.880
1193.839 468.883
1194.152 407.886
1194.465 536.890
1194.778 474.893
1195.091 477.896
1195.404 480.899
1195.717 519.902
1196.030 541.906
1196.343 453.909
1196.656 424.912
1196.969 480.915
1197.282 479.918
1197.594 509.921
1197.907 583.925
1198.220 529.928
1198.533 464.931
1198.846 456.934
1199.159 425.937
1199.472 429.941
1199.785 497.944
1200.098 390.947
1200.411 491.950
1200.724 553.953
1201.037 483.956
1201.350 442.959
1201.662 423.963
1201.975 476.966
1202.288 461.969
1202.601 157.972
