165.028 13.965
165.288 -2.924
165.547 0.187
165.807 17.299
166.067 -2.589
166.327 0.524
166.587 -7.363
166.847 -4.249
167.107 -2.134
167.367 18.981
167.627 16.096
167.886 2.212
168.146 -21.671
168.406 53.446
168.666 75.563
168.926 21.681
169.186 18.800
169.446 32.919
169.706 28.038
169.966 61.158
170.225 36.279
170.485 46.400
170.745 37.521
171.005 28.643
171.265 38.765
171.525 50.888
171.785 53.011
172.045 62.135
172.305 89.259
172.564 21.383
172.824 -36.492
173.084 -24.367
173.344 -8.241
173.604 -7.115
173.864 13.012
174.124 11.139
174.384 49.266
174.644 75.394
174.903 113.522
175.163 57.650
175.423 8.779
175.683 10.909
175.943 59.038
176.203 41.168
176.463 46.298
176.723 67.429
176.983 73.560
177.242 66.691
177.502 72.823
177.762 77.955
178.022 60.087
178.282 43.220
178.542 22.353
178.802 30.486
179.062 -2.380
179.322 28.754
179.581 109.888
179.841 125.022
180.101 64.157
180.361 26.292
180.621 37.427
180.881 -22.437
181.141 -13.301
181.401 6.835
181.661 15.971
181.920 38.108
182.180 28.245
182.440 47.382
182.700 12.519
182.960 -13.343
183.220 31.795
183.480 24.933
183.740 59.071
184.000 69.210
184.259 45.348
184.519 77.487
184.779 46.626
185.039 18.766
185.299 54.905
185.559 35.045
185.819 -14.815
186.079 20.325
186.339 48.465
186.598 17.606
186.858 0.746
187.118 22.887
187.378 20.028
187.638 39.169
187.898 45.311
188.158 51.452
188.418 22.594
188.678 12.735
188.937 24.877
189.197 31.019
189.457 75.161
189.717 36.303
189.977 -8.554
190.237 17.588
190.497 57.731
190.757 54.874
191.017 14.016
191.276 19.159
191.536 47.302
191.796 45.445
192.056 55.589
192.316 46.732
192.576 49.875
192.836 56.019
193.096 49.162
193.356 48.306
193.616 74.450
193.875 58.593
194.135 22.737
194.395 46.881
194.655 22.025
194.915 33.169
195.175 65.313
195.435 39.457
195.695 -16.399
195.955 -0.255
196.214 55.889
196.474 33.033
196.734 55.178
196.994 83.322
197.254 68.466
197.514 57.610
197.774 38.755
198.034 38.899
198.294 47.043
198.553 64.188
198.813 60.332
199.073 12.476
199.333 58.621
199.593 43.765
199.853 14.909
200.113 54.054
200.373 67.198
200.633 70.342
200.892 106.486
201.152 42.630
201.412 53.775
201.672 66.919
201.932 83.063
202.192 71.207
202.452 0.351
202.712 -22.505
202.972 19.639
203.231 40.783
203.491 19.927
203.751 62.070
204.011 74.214
204.271 75.358
204.531 65.501
204.791 46.645
205.051 32.788
205.311 69.932
205.570 69.075
205.830 86.218
206.090 63.361
206.350 40.505
206.610 58.648
206.870 50.791
207.130 8.933
207.390 5.076
207.650 30.219
207.909 23.361
208.169 42.504
208.429 61.646
208.689 23.788
208.949 82.931
209.209 104.073
209.469 59.215
209.729 36.356
209.989 63.498
210.248 77.640
210.508 94.781
210.768 88.923
211.028 69.064
211.288 87.205
211.548 65.346
211.808 43.487
212.068 95.628
212.328 111.768
212.587 62.909
212.847 84.049
213.107 73.189
213.367 80.329
213.627 58.469
213.887 40.609
214.147 45.749
214.407 81.888
214.667 59.028
214.926 62.167
215.186 22.306
215.446 41.445
215.706 58.584
215.966 97.722
216.226 95.861
216.486 61.999
216.746 35.137
217.006 7.275
217.265 1.413
217.525 35.550
217.785 55.688
218.045 92.825
218.305 81.962
218.565 84.099
218.825 50.236
219.085 51.372
219.345 50.509
219.604 68.645
219.864 62.781
220.124 29.917
220.384 64.053
220.644 44.188
220.904 29.324
221.164 69.459
221.424 61.594
221.684 26.728
221.943 16.863
222.203 30.997
222.463 40.132
222.723 36.266
222.983 34.399
223.243 45.533
223.503 12.666
223.763 62.800
224.023 56.933
224.282 41.065
224.542 59.198
224.802 82.330
225.062 47.463
225.322 86.595
225.582 83.726
225.842 51.858
226.102 67.989
226.362 87.121
226.621 84.252
226.881 73.382
227.141 47.513
227.401 65.643
227.661 72.773
227.921 90.903
228.181 32.033
228.441 9.162
228.701 60.292
228.960 98.421
229.220 69.550
229.480 69.678
229.740 84.807
230.000 59.935
230.260 59.063
230.520 69.190
230.780 103.318
231.040 106.445
231.299 38.572
231.559 45.699
231.819 53.826
232.079 45.952
232.339 29.078
232.599 28.204
232.859 70.330
233.119 75.455
233.379 58.581
233.638 43.706
233.898 86.830
234.158 102.955
234.418 62.079
234.678 95.203
234.938 105.327
235.198 57.451
235.458 39.574
235.718 69.697
235.978 86.820
236.237 74.943
236.497 86.066
236.757 75.188
237.017 66.310
237.277 57.432
237.537 68.553
237.797 69.674
238.057 57.795
238.317 38.916
238.576 37.037
238.836 20.157
239.096 37.277
239.356 23.397
239.616 42.517
239.876 70.636
240.136 72.755
240.396 100.874
240.656 114.993
240.915 88.111
241.175 62.229
241.435 28.347
241.695 26.465
241.955 79.582
242.215 98.699
242.475 95.816
242.735 83.933
242.995 78.050
243.254 58.166
243.514 36.282
243.774 6.398
244.034 53.513
244.294 123.628
244.554 94.743
244.814 61.858
245.074 75.973
245.334 78.087
245.593 116.201
245.853 91.315
246.113 44.428
246.373 55.542
246.633 71.655
246.893 46.768
247.153 74.880
247.413 90.992
247.673 71.105
247.932 58.216
248.192 79.328
248.452 29.439
248.712 49.550
248.972 89.661
249.232 120.772
249.492 82.882
249.752 54.992
250.012 79.102
250.271 87.212
250.531 72.321
250.791 97.431
251.051 91.539
251.311 94.648
251.571 26.757
251.831 57.865
252.091 62.973
252.351 57.080
252.610 106.188
252.870 88.295
253.130 52.402
253.390 71.509
253.650 110.615
253.911 71.721
254.172 84.827
254.433 113.933
254.694 117.039
254.955 113.144
255.216 75.249
255.477 78.354
255.738 67.458
255.999 85.563
256.261 78.667
256.522 79.770
256.783 107.874
257.044 80.977
257.305 66.080
257.566 68.183
257.827 32.286
258.088 40.388
258.349 63.490
258.610 76.592
258.871 63.694
259.132 87.795
259.393 70.896
259.654 17.997
259.915 -6.902
260.176 49.198
260.437 59.299
260.698 90.399
260.959 113.498
261.221 97.598
261.482 77.697
261.743 79.796
262.004 91.895
262.265 135.993
262.526 97.092
262.787 41.190
263.048 37.288
263.309 32.385
263.570 63.483
263.831 103.580
264.092 73.677
264.353 30.773
264.614 61.870
264.875 86.966
265.136 64.062
265.397 82.158
265.658 61.253
265.919 79.348
266.181 124.443
266.442 81.538
266.703 92.633
266.964 103.727
267.225 82.821
267.486 85.915
267.747 61.009
268.008 73.102
268.269 74.195
268.530 88.288
268.791 96.381
269.052 89.474
269.313 127.566
269.574 131.658
269.835 107.750
270.096 117.841
270.357 81.933
270.618 85.024
270.879 68.115
271.141 76.205
271.402 70.296
271.663 58.386
271.924 87.476
272.185 126.566
272.446 162.655
272.707 122.745
272.968 88.834
273.229 66.923
273.490 64.011
273.751 68.100
274.012 105.188
274.273 92.276
274.534 70.364
274.795 83.451
275.056 94.539
275.317 95.626
275.578 99.713
275.839 102.800
276.101 91.886
276.362 119.972
276.623 87.058
276.884 118.144
277.145 109.230
277.406 102.315
277.667 59.400
277.928 40.485
278.189 69.570
278.450 63.655
278.711 93.739
278.972 91.823
279.233 100.907
279.494 68.990
279.755 79.074
280.016 74.157
280.277 58.240
280.538 80.323
280.799 118.406
281.061 126.488
281.322 97.570
281.583 82.652
281.844 51.734
282.105 40.816
282.366 76.897
282.627 69.978
282.888 87.059
283.149 121.140
283.410 109.220
283.671 86.301
283.932 85.381
284.193 20.461
284.454 47.541
284.715 76.620
284.976 69.699
285.237 62.778
285.498 99.857
285.759 81.936
286.021 109.015
286.282 133.093
286.543 100.171
286.804 112.249
287.065 128.327
287.326 113.404
287.587 30.481
287.848 44.558
288.109 74.635
288.370 71.712
288.631 41.789
288.892 67.865
289.153 99.941
289.414 88.017
289.675 130.093
289.936 122.168
290.197 101.243
290.458 85.319
290.719 84.394
290.981 97.468
291.242 128.543
291.503 103.617
291.764 63.691
292.025 85.765
292.286 76.839
292.547 56.913
292.808 32.986
293.069 77.059
293.330 110.132
293.591 90.205
293.852 55.278
294.113 65.350
294.374 67.423
294.635 34.495
294.896 47.567
295.157 112.638
295.418 104.710
295.679 83.781
295.941 86.853
296.202 67.924
296.463 140.994
296.724 130.065
296.985 95.135
297.246 85.206
297.507 79.276
297.768 88.346
298.029 80.415
298.290 93.485
298.551 99.554
298.812 109.623
299.073 106.692
299.334 100.761
299.595 89.830
299.856 95.898
300.117 99.967
300.378 124.035
300.639 80.103
300.901 67.170
301.162 108.238
301.423 111.305
301.684 122.372
301.945 97.440
302.206 49.506
302.467 73.573
302.728 69.640
302.989 108.706
303.250 95.772
303.511 70.838
303.772 100.904
304.033 98.970
304.294 96.035
304.555 77.101
304.816 49.166
305.077 51.231
305.338 91.295
305.599 119.360
305.861 111.425
306.122 144.489
306.383 140.553
306.644 133.617
306.905 63.681
307.166 54.745
307.427 88.808
307.688 34.871
307.949 65.935
308.210 111.998
308.471 118.060
308.732 101.123
308.993 119.186
309.254 106.248
309.515 41.310
309.776 71.372
310.037 83.434
310.298 71.496
310.559 112.557
310.821 142.619
311.082 101.680
311.343 46.741
311.604 26.802
311.865 47.863
312.126 66.923
312.387 81.984
312.648 71.044
312.909 86.104
313.170 119.164
313.434 126.224
313.698 130.283
313.963 90.343
314.227 76.402
314.491 76.462
314.755 117.521
315.019 106.579
315.284 42.638
315.548 56.697
315.812 105.755
316.076 107.814
316.340 115.872
316.604 126.930
316.869 108.987
317.133 60.045
317.397 70.103
317.661 66.160
317.925 64.217
318.190 104.274
318.454 76.331
318.718 55.388
318.982 80.445
319.246 119.501
319.511 147.558
319.775 97.614
320.039 88.670
320.303 96.726
320.567 103.782
320.832 63.837
321.096 56.893
321.360 63.948
321.624 50.003
321.888 69.058
322.153 79.113
322.417 64.168
322.681 104.223
322.945 151.277
323.209 161.332
323.473 129.386
323.738 97.440
324.002 118.494
324.266 114.548
324.530 100.601
324.794 71.655
325.059 93.708
325.323 70.762
325.587 105.815
325.851 80.868
326.115 103.921
326.380 124.973
326.644 64.026
326.908 38.078
327.172 59.131
327.436 96.183
327.701 73.235
327.965 46.287
328.229 94.338
328.493 96.390
328.757 80.442
329.022 136.493
329.286 103.544
329.550 59.595
329.814 96.646
330.078 135.697
330.342 140.748
330.607 91.799
330.871 89.849
331.135 105.899
331.399 130.950
331.663 109.000
331.928 131.050
332.192 102.099
332.456 135.149
332.720 112.199
332.984 83.248
333.249 103.297
333.513 79.347
333.777 90.396
334.041 71.445
334.305 104.494
334.570 134.542
334.834 78.591
335.098 122.639
335.362 124.688
335.626 107.736
335.891 85.784
336.155 115.832
336.419 51.880
336.683 4.927
336.947 32.975
337.211 49.022
337.476 74.070
337.740 112.117
338.004 87.164
338.268 65.211
338.532 104.258
338.797 115.305
339.061 86.351
339.325 81.398
339.589 75.444
339.853 79.491
340.118 57.537
340.382 81.583
340.646 109.629
340.910 99.675
341.174 99.720
341.439 60.766
341.703 65.811
341.967 93.857
342.231 93.902
342.495 103.947
342.759 94.992
343.024 86.037
343.288 103.082
343.552 160.127
343.816 92.171
344.080 33.216
344.345 87.260
344.609 78.304
344.873 48.348
345.137 82.392
345.401 149.436
345.666 78.480
345.930 104.524
346.194 138.567
346.458 89.611
346.722 71.654
346.987 67.697
347.251 83.741
347.515 117.784
347.779 99.826
348.043 113.869
348.308 87.912
348.572 73.955
348.836 24.997
349.100 55.040
349.364 83.082
349.628 64.124
349.893 61.166
350.157 93.208
350.421 154.250
350.685 114.292
350.949 58.333
351.214 71.375
351.478 19.416
351.742 45.458
352.006 79.499
352.270 110.540
352.535 131.581
352.799 113.622
353.063 89.663
353.327 73.704
353.591 122.744
353.856 102.785
354.120 75.825
354.384 55.866
354.648 91.906
354.912 116.946
355.177 93.986
355.441 93.026
355.705 120.066
355.969 80.106
356.233 87.145
356.497 107.185
356.762 102.224
357.026 64.264
357.290 89.303
357.554 134.342
357.818 132.381
358.083 118.420
358.347 108.459
358.611 73.498
358.875 63.536
359.139 93.575
359.404 117.613
359.668 107.652
359.932 119.690
360.196 138.728
360.460 148.766
360.725 157.804
360.989 147.842
361.253 124.880
361.517 127.918
361.781 97.956
362.046 126.993
362.310 140.031
362.574 134.068
362.838 139.105
363.102 146.143
363.366 123.180
363.631 114.217
363.895 75.254
364.159 78.290
364.423 107.327
364.687 84.364
364.952 68.400
365.216 105.437
365.480 104.473
365.747 98.510
366.013 99.546
366.280 69.582
366.546 89.618
366.813 78.654
367.079 54.690
367.346 67.725
367.612 88.761
367.879 90.797
368.145 68.832
368.412 100.868
368.678 63.903
368.945 82.938
369.211 111.973
369.478 132.009
369.744 117.044
370.011 101.079
370.278 123.113
370.544 122.148
370.811 107.183
371.077 130.217
371.344 68.252
371.610 71.286
371.877 101.321
372.143 131.355
372.410 149.389
372.676 122.423
372.943 102.457
373.209 121.491
373.476 136.525
373.742 81.559
374.009 68.592
374.276 85.626
374.542 107.660
374.809 108.693
375.075 117.726
375.342 113.760
375.608 118.793
375.875 63.826
376.141 72.859
376.408 111.892
376.674 106.925
376.941 105.958
377.207 109.990
377.474 162.023
377.740 141.056
378.007 94.088
378.273 110.121
378.540 129.153
378.807 50.185
379.073 52.217
379.340 99.249
379.606 126.282
379.873 117.313
380.139 92.345
380.406 98.377
380.672 118.409
380.939 141.441
381.205 123.472
381.472 83.504
381.738 101.535
382.005 91.566
382.271 97.598
382.538 91.629
382.804 130.660
383.071 110.691
383.338 86.722
383.604 100.753
383.871 112.784
384.137 115.815
384.404 77.845
384.670 60.876
384.937 94.907
385.203 142.937
385.470 79.968
385.736 62.998
386.003 143.028
386.269 128.058
386.536 82.089
386.802 119.119
387.069 143.149
387.336 134.179
387.602 110.208
387.869 110.238
388.135 116.268
388.402 82.298
388.668 110.327
388.935 116.357
389.201 139.386
389.468 157.415
389.734 132.445
390.001 117.474
390.267 141.503
390.534 137.532
390.800 127.561
391.067 128.590
391.333 97.619
391.600 106.648
391.867 97.677
392.133 74.705
392.400 90.734
392.666 58.763
392.933 116.791
393.199 140.820
393.466 113.848
393.732 83.876
393.999 113.905
394.265 99.933
394.532 69.961
394.798 115.989
395.065 161.017
395.331 130.045
395.598 148.073
395.864 145.100
396.131 90.128
396.398 75.156
396.664 100.183
396.931 86.211
397.197 120.238
397.464 138.266
397.730 118.293
397.997 109.320
398.263 136.348
398.530 138.375
398.796 122.402
399.063 152.429
399.329 130.456
399.596 124.483
399.862 126.510
400.129 182.536
400.396 214.563
400.662 162.590
400.929 154.616
401.195 160.643
401.462 154.669
401.728 190.696
401.995 219.722
402.261 188.749
402.528 161.775
402.794 206.801
403.061 232.827
403.327 249.853
403.594 282.879
403.860 268.905
404.127 291.931
404.393 334.957
404.660 338.983
404.931 363.008
405.202 430.034
405.473 411.060
405.745 404.085
406.016 466.111
406.287 504.136
406.558 511.161
406.829 586.187
407.100 595.212
407.371 639.237
407.642 622.262
407.914 626.287
408.185 636.312
408.456 655.337
408.727 673.362
408.998 697.387
409.269 679.412
409.540 692.437
409.811 720.461
410.083 675.486
410.354 699.511
410.625 673.535
410.896 685.560
411.167 674.584
411.438 642.608
411.709 536.633
411.981 505.657
412.252 512.681
412.523 494.705
412.794 482.729
413.065 482.754
413.336 430.778
413.607 447.801
413.878 371.825
414.150 315.849
414.421 272.873
414.692 275.897
414.963 254.920
415.234 297.944
415.505 325.968
415.776 304.991
416.047 284.015
416.319 243.038
416.590 188.061
416.861 142.085
417.132 147.108
417.403 178.131
417.674 190.154
417.945 143.177
418.217 120.200
418.488 129.223
418.759 141.246
419.030 81.269
419.301 105.292
419.572 126.315
419.843 89.338
420.114 125.360
420.386 119.383
420.657 167.406
420.928 184.428
421.199 167.451
421.470 100.473
421.741 73.496
422.012 116.518
422.283 137.540
422.555 125.562
422.826 102.585
423.097 87.607
423.368 118.629
423.639 125.651
423.910 113.673
424.181 91.695
424.453 103.717
424.724 122.739
424.995 81.761
425.266 34.782
425.537 74.804
425.808 114.826
426.079 143.847
426.350 90.869
426.622 104.891
426.893 138.912
427.164 101.934
427.435 78.955
427.706 110.976
427.977 86.998
428.248 90.019
428.519 130.040
428.791 120.061
429.062 94.082
429.333 55.103
429.604 64.125
429.875 105.146
430.146 118.166
430.417 131.187
430.689 132.208
430.960 91.229
431.231 134.250
431.502 129.271
431.773 121.291
432.044 111.312
432.315 141.332
432.586 106.353
432.858 140.374
433.129 77.394
433.400 84.414
433.671 121.435
433.942 95.455
434.213 81.475
434.484 83.496
434.755 92.516
435.027 106.536
435.298 140.556
435.569 127.576
435.840 113.596
436.116 120.616
436.391 132.636
436.667 122.656
436.942 139.676
437.218 117.696
437.493 128.715
437.769 151.735
438.045 106.755
438.320 119.775
438.596 163.794
438.871 111.814
439.147 103.833
439.422 77.853
439.698 68.872
439.974 50.892
440.249 99.911
440.525 172.930
440.800 128.950
441.076 106.969
441.351 116.988
441.627 158.007
441.903 135.026
442.178 102.045
442.454 106.064
442.729 130.083
443.005 93.102
443.281 135.121
443.556 166.140
443.832 168.159
444.107 179.178
444.383 114.197
444.658 95.215
444.934 100.234
445.210 143.253
445.485 123.271
445.761 122.290
446.036 124.308
446.312 148.327
446.587 162.345
446.863 120.364
447.139 108.382
447.414 154.400
447.690 111.419
447.965 95.437
448.241 96.455
448.516 151.473
448.792 182.492
449.068 168.510
449.343 181.528
449.619 137.546
449.894 126.564
450.170 149.582
450.445 164.600
450.721 179.618
450.997 148.635
451.272 182.653
451.548 126.671
451.823 111.689
452.099 164.706
452.375 149.724
452.650 171.742
452.926 125.759
453.201 88.777
453.477 197.794
453.752 221.812
454.028 162.829
454.304 160.847
454.579 161.864
454.855 148.881
455.130 114.899
455.406 184.916
455.681 176.933
455.957 154.950
456.233 114.968
456.508 160.985
456.784 191.002
457.059 155.019
457.335 123.036
457.610 148.053
457.886 154.070
458.162 129.087
458.437 115.104
458.713 140.121
458.988 160.137
459.264 160.154
459.539 151.171
459.815 138.188
460.091 112.204
460.366 113.221
460.642 81.238
460.917 102.254
461.193 159.271
461.468 159.287
461.744 111.304
462.020 114.320
462.295 89.337
462.571 83.353
462.846 112.369
463.122 141.386
463.397 134.402
463.673 118.300
463.949 148.286
464.224 155.295
464.500 160.307
464.775 118.483
465.051 112.274
465.327 161.354
465.602 170.191
465.878 92.455
466.153 85.392
466.429 137.442
466.704 182.230
466.980 176.611
467.256 200.627
467.531 211.854
467.807 131.922
468.082 122.920
468.358 149.839
468.633 154.323
468.909 159.358
469.185 125.363
469.460 128.523
469.736 149.816
470.011 174.001
470.287 101.407
470.562 111.708
470.838 120.918
471.114 146.308
471.389 144.303
471.665 109.076
471.940 147.663
472.216 145.654
472.491 135.685
472.767 146.995
473.043 151.067
473.318 137.898
473.594 110.754
473.869 90.536
474.145 95.638
474.421 139.397
474.696 149.585
474.972 160.955
475.247 149.921
475.523 104.977
475.798 104.080
476.074 90.751
476.350 139.646
476.625 160.190
476.901 175.496
477.176 147.837
477.452 134.477
477.727 125.336
478.003 95.752
478.279 131.336
478.554 140.497
478.830 143.707
479.105 186.070
479.381 169.669
479.656 97.675
479.932 99.617
480.208 140.017
480.483 148.990
480.759 136.871
481.034 125.636
481.310 156.964
481.585 143.557
481.861 133.490
482.137 147.469
482.412 144.317
482.688 149.061
482.963 122.848
483.239 124.743
483.514 110.729
483.790 110.522
484.066 168.367
484.341 115.319
484.617 80.323
484.892 88.137
485.168 171.733
485.443 156.665
485.719 125.864
485.995 115.708
486.270 92.812
486.546 121.326
486.821 134.198
487.097 119.140
487.373 61.836
487.648 150.311
487.924 166.892
488.199 126.467
488.475 52.806
488.750 81.147
489.026 114.606
489.302 97.937
489.577 83.148
489.853 104.627
490.128 177.118
490.404 155.432
490.679 128.048
490.955 136.733
491.231 128.926
491.506 131.022
491.782 118.431
492.057 104.630
492.333 111.492
492.608 145.751
492.884 120.324
493.160 104.681
493.435 121.566
493.711 99.030
493.986 84.254
494.262 111.801
494.537 123.578
494.813 146.284
495.089 79.642
495.364 72.779
495.640 127.801
495.915 128.796
496.191 128.078
496.467 98.661
496.742 127.245
497.018 117.637
497.293 152.201
497.569 135.565
497.844 112.084
498.120 148.730
498.396 134.157
498.671 122.386
498.947 143.253
499.222 131.479
499.498 134.608
499.773 140.590
500.049 178.770
500.325 196.925
500.600 188.331
500.876 168.512
501.151 190.929
501.427 180.089
501.702 192.343
501.978 219.491
502.254 231.023
502.529 202.634
502.805 215.942
503.080 262.543
503.356 249.702
503.631 222.694
503.907 217.085
504.183 176.611
504.458 197.879
504.734 197.691
505.009 204.781
505.285 210.061
505.560 187.616
505.836 200.976
506.112 210.098
506.387 187.843
506.663 177.554
506.938 140.155
507.214 162.411
507.490 167.310
507.765 189.353
508.041 186.338
508.316 189.377
508.592 171.888
508.867 139.533
509.143 127.345
509.419 133.387
509.694 82.981
509.970 127.125
510.245 143.899
510.521 149.767
510.796 116.662
511.072 79.711
511.348 103.491
511.623 105.497
511.899 102.212
512.174 163.691
512.450 168.500
512.725 140.734
513.001 127.722
513.277 108.795
513.552 126.378
513.828 93.596
514.103 106.322
514.379 159.693
514.654 136.752
514.930 94.255
515.206 148.148
515.481 157.973
515.757 128.291
516.032 106.651
516.308 165.047
516.583 216.604
516.859 207.430
517.135 172.387
517.410 110.839
517.686 119.596
517.961 163.339
518.237 185.341
518.513 215.002
518.788 247.687
519.064 233.706
519.339 199.160
519.615 213.457
519.890 287.515
520.166 330.601
520.442 338.956
520.717 322.604
520.993 347.974
521.268 333.212
521.544 336.110
521.819 338.357
522.095 314.050
522.371 354.028
522.646 295.553
522.922 308.690
523.197 349.888
523.473 362.004
523.748 350.531
524.024 393.604
524.300 359.164
524.575 308.457
524.851 318.036
525.126 363.631
525.402 388.870
525.677 373.569
525.953 337.849
526.229 319.695
526.504 343.934
526.780 326.407
527.055 308.548
527.331 320.041
527.606 330.894
527.882 339.200
528.158 342.408
528.433 342.116
528.709 339.247
528.984 356.531
529.260 348.573
529.535 337.681
529.811 285.818
530.087 254.617
530.362 275.103
530.638 300.835
530.913 283.103
531.189 291.108
531.465 290.153
531.740 245.998
532.016 241.411
532.291 196.933
532.567 209.921
532.842 177.954
533.118 172.317
533.394 187.057
533.669 154.357
533.945 132.966
534.220 197.178
534.496 196.406
534.771 150.799
535.047 190.955
535.323 133.534
535.598 141.219
535.874 209.726
536.149 245.131
536.425 293.326
536.700 363.786
536.976 388.038
537.252 477.732
537.527 498.839
537.803 589.222
538.078 661.591
538.354 764.845
538.629 817.773
538.905 889.633
539.181 912.108
539.456 984.109
539.732 1086.768
540.007 1067.035
540.283 1093.790
540.558 1125.297
540.834 1162.151
541.110 1185.094
541.385 1219.757
541.661 1259.370
541.936 1219.002
542.212 1249.735
542.488 1209.110
542.763 1242.817
543.039 1219.257
543.314 1222.243
543.590 1224.459
543.865 1205.601
544.141 1180.784
544.417 1220.515
544.692 1204.636
544.968 1151.020
545.243 1143.227
545.519 1108.338
545.794 1102.491
546.070 1116.416
546.348 1145.397
546.627 1140.292
546.905 1150.391
547.183 1202.733
547.461 1300.061
547.740 1313.973
548.018 1330.198
548.296 1377.546
548.575 1417.277
548.853 1476.869
549.131 1497.732
549.409 1570.660
549.688 1666.899
549.966 1668.892
550.244 1672.870
550.523 1704.917
550.801 1806.209
551.079 1786.627
551.357 1869.722
551.636 1899.504
551.914 1960.855
552.192 2006.229
552.471 2028.948
552.749 2063.383
553.027 2199.156
553.306 2242.234
553.584 2356.303
553.862 2435.530
554.140 2524.929
554.419 2529.272
554.697 2548.870
554.975 2574.760
555.254 2615.262
555.532 2616.623
555.810 2646.274
556.088 2601.207
556.367 2566.162
556.645 2546.165
556.923 2414.850
557.202 2290.063
557.480 2277.168
557.758 2201.253
558.036 2007.275
558.315 1799.138
558.593 1729.446
558.871 1586.183
559.150 1455.590
559.428 1335.467
559.706 1247.877
559.984 1105.754
560.263 1025.621
560.541 913.935
560.819 798.253
561.098 701.534
561.376 646.734
561.654 574.627
561.932 505.891
562.211 484.754
562.489 462.668
562.767 420.965
563.046 340.686
563.324 295.262
563.602 289.789
563.880 258.809
564.159 251.140
564.437 269.124
564.715 243.478
564.994 225.252
565.272 258.849
565.550 249.021
565.828 207.042
566.107 206.851
566.385 156.344
566.663 137.967
566.942 177.493
567.220 206.319
567.498 218.064
567.776 210.380
568.055 171.926
568.333 136.357
568.611 137.591
568.890 136.635
569.168 162.003
569.446 178.593
569.725 135.122
570.003 101.314
570.281 106.255
570.559 95.625
570.838 148.000
571.116 164.624
571.394 174.321
571.673 137.641
571.951 104.773
572.229 133.906
572.507 147.650
572.786 125.428
573.064 145.032
573.342 151.855
573.621 122.891
573.899 123.874
574.177 182.597
574.455 149.547
574.734 140.895
575.012 178.085
575.290 157.699
575.569 155.900
575.847 186.483
576.125 179.621
576.403 129.707
576.682 145.574
576.960 107.445
577.243 105.379
577.527 141.943
577.810 121.261
578.093 106.595
578.377 108.790
578.660 151.288
578.944 127.580
579.227 118.929
579.510 122.028
579.794 156.879
580.077 125.016
580.360 111.259
580.644 128.259
580.927 127.399
581.210 130.389
581.494 129.660
581.777 138.494
582.061 163.540
582.344 110.869
582.627 108.882
582.911 123.845
583.194 90.044
583.477 115.999
583.761 203.831
584.044 207.831
584.327 175.079
584.611 138.123
584.894 106.162
585.178 117.159
585.461 90.193
585.744 100.190
586.028 127.298
586.311 131.305
586.594 108.313
586.878 142.320
587.161 149.327
587.444 167.334
587.728 134.342
588.011 112.349
588.295 115.356
588.578 106.257
588.861 178.193
589.145 175.378
589.428 121.507
589.711 124.392
589.995 137.262
590.278 114.292
590.562 101.414
590.845 84.337
591.128 136.156
591.412 169.097
591.695 154.288
591.978 157.135
592.262 111.345
592.545 79.226
592.828 139.192
593.112 110.147
593.395 115.139
593.679 120.012
593.962 141.931
594.245 124.882
594.529 117.923
594.812 128.747
595.095 73.161
595.379 102.814
595.662 160.577
595.945 180.286
596.229 126.542
596.512 113.427
596.796 158.145
597.079 164.926
597.362 154.042
597.646 117.299
597.929 97.523
598.212 135.971
598.496 180.445
598.779 217.785
599.062 189.164
599.346 138.826
599.629 124.889
599.913 128.713
600.196 120.838
600.479 140.411
600.763 173.068
601.046 134.386
601.329 108.935
601.613 127.517
601.896 118.674
602.179 138.210
602.463 132.323
602.746 147.064
603.030 205.028
603.313 196.001
603.596 160.678
603.880 153.665
604.163 137.985
604.446 140.795
604.730 164.307
605.013 146.541
605.296 152.567
605.580 107.520
605.863 109.485
606.147 113.409
606.430 141.819
606.713 132.881
606.997 107.552
607.280 161.269
607.563 186.716
607.847 171.877
608.130 147.734
608.414 129.005
608.697 114.334
608.980 148.733
609.264 139.081
609.547 56.679
609.830 98.800
610.114 155.614
610.397 183.044
610.680 138.840
610.964 144.021
611.247 145.007
611.531 84.312
611.814 79.411
612.097 116.709
612.381 167.581
612.664 197.192
612.947 157.944
613.231 123.603
613.514 124.713
613.797 137.490
614.081 155.177
614.364 148.307
614.648 124.738
614.931 136.532
615.214 104.122
615.498 72.765
615.781 136.819
616.064 106.313
616.348 97.461
616.631 145.839
616.914 151.607
617.198 164.571
617.481 168.518
617.765 146.007
618.048 165.901
618.331 178.740
618.615 167.065
618.898 173.988
619.181 170.042
619.465 160.325
619.748 134.614
620.031 95.149
620.315 119.035
620.598 158.842
620.882 182.839
621.165 230.740
621.448 196.949
621.732 166.305
622.015 136.461
622.298 127.766
622.582 143.867
622.865 125.036
623.148 117.050
623.432 165.338
623.715 154.333
623.999 163.676
624.282 162.842
624.565 201.405
624.849 161.170
625.132 147.388
625.415 161.507
625.699 199.012
625.982 169.754
626.265 180.215
626.549 157.816
626.832 171.964
627.116 163.889
627.399 117.430
627.682 198.852
627.966 192.616
628.249 159.229
628.532 199.275
628.816 165.782
629.099 119.530
629.383 129.426
629.666 150.152
629.949 146.721
630.233 165.322
630.516 177.720
630.799 170.450
631.083 161.076
631.366 139.111
631.649 151.316
631.933 144.318
632.216 198.394
632.500 216.514
632.783 211.034
633.066 209.662
633.350 237.079
633.633 218.516
633.916 225.373
634.200 245.823
634.483 267.624
634.766 235.344
635.050 223.248
635.333 220.187
635.617 266.308
635.900 343.533
636.183 379.785
636.467 354.857
636.750 364.570
637.033 424.009
637.317 444.455
637.600 460.960
637.883 485.884
638.167 495.752
638.450 581.908
638.734 603.449
639.017 615.626
639.300 650.275
639.584 651.543
639.867 677.741
640.150 725.454
640.434 812.457
640.717 827.590
641.000 927.595
641.284 969.656
641.567 1028.567
641.851 1111.618
642.134 1223.151
642.417 1302.387
642.701 1387.801
642.984 1478.098
643.267 1704.654
643.551 1929.378
643.834 2044.593
644.117 2335.755
644.401 2728.765
644.684 3073.662
644.968 3551.739
645.251 4206.011
645.534 4754.797
645.818 5357.053
646.101 5959.271
646.384 6618.431
646.668 7409.046
646.951 8220.319
647.235 9205.493
647.518 10067.340
647.801 11091.781
648.085 12168.696
648.368 13162.280
648.651 14010.029
648.935 14942.257
649.218 15955.444
649.501 17173.126
649.785 18330.219
650.068 19575.186
650.352 20931.730
650.635 22592.351
650.918 24060.277
651.202 25596.507
651.485 27115.597
651.768 28474.076
652.052 29587.925
652.335 30698.891
652.618 31648.895
652.902 32766.554
653.185 33508.417
653.469 34404.208
653.752 34881.669
654.035 35432.786
654.319 35960.870
654.602 36335.722
654.885 36291.375
655.169 36208.045
655.452 36317.712
655.735 36487.945
656.019 36278.300
656.302 36510.259
656.586 36419.556
656.869 36563.820
657.152 36612.049
657.436 36949.578
657.719 37125.589
658.002 37263.209
658.286 37441.258
658.569 37972.493
658.852 38084.960
659.136 38320.670
659.419 38321.690
659.703 38717.635
659.986 38790.736
660.269 38882.889
660.553 38923.664
660.836 38796.636
661.119 38724.487
661.403 38624.134
661.686 38195.223
661.969 37665.218
662.253 37070.035
662.536 36597.479
662.820 35914.730
663.103 35212.910
663.386 34320.420
663.670 33203.792
663.953 31971.603
664.236 30822.643
664.520 29680.804
664.803 28640.282
665.086 27549.558
665.370 26385.986
665.653 25221.857
665.937 24093.283
666.220 22713.978
666.503 21272.806
666.787 20022.304
667.070 18879.062
667.353 17602.644
667.637 16418.870
667.920 15195.751
668.204 14038.673
668.487 12977.640
668.770 12002.062
669.054 11090.662
669.337 10054.062
669.620 9240.611
669.904 8496.990
670.187 7729.917
670.470 7119.442
670.754 6587.814
671.037 5999.042
671.321 5571.060
671.604 5311.935
671.887 4908.983
672.171 4524.137
672.454 4226.059
672.737 3962.183
673.021 3816.508
673.304 3581.212
673.587 3465.200
673.871 3306.697
674.154 3071.986
674.438 2961.067
674.721 2725.718
675.004 2552.601
675.288 2470.301
675.571 2440.924
675.854 2340.002
676.138 2196.027
676.421 2082.715
676.704 2036.317
676.988 1850.526
677.271 1729.509
677.555 1689.937
677.838 1577.222
678.121 1473.324
678.405 1377.000
678.688 1337.668
678.971 1297.916
679.255 1252.278
679.538 1220.125
679.821 1191.084
680.105 1057.331
680.388 1008.529
680.672 935.778
680.955 930.585
681.238 933.639
681.522 860.948
681.805 815.679
682.088 720.042
682.372 752.080
682.655 719.467
682.938 724.691
683.222 705.906
683.505 634.548
683.789 597.980
684.072 564.547
684.355 530.559
684.639 604.677
684.922 587.980
685.205 549.362
685.489 508.657
685.772 522.777
686.056 473.119
686.339 459.526
686.622 472.141
686.906 436.655
687.189 441.878
687.472 473.198
687.756 456.025
688.039 424.147
688.322 418.932
688.606 430.419
688.889 448.168
689.173 479.488
689.456 498.282
689.739 470.103
690.023 473.788
690.306 486.305
690.589 427.470
690.873 418.705
691.156 443.683
691.439 420.795
691.723 405.190
692.006 408.742
692.290 440.121
692.573 439.668
692.856 360.005
693.140 369.336
693.423 383.451
693.706 353.801
693.990 325.152
694.273 323.787
694.556 393.633
694.840 429.611
695.123 435.370
695.407 407.062
695.690 394.899
695.973 440.671
696.257 499.954
696.540 520.020
696.830 490.713
697.120 517.438
697.410 568.246
697.699 597.411
697.989 613.197
698.279 593.317
698.569 555.828
698.859 508.701
699.149 455.518
699.439 421.349
699.729 399.494
700.018 375.009
700.308 410.308
700.598 402.158
700.888 352.155
701.178 356.878
701.468 333.194
701.758 311.583
702.048 240.946
702.337 168.393
702.627 166.039
702.917 195.307
703.207 190.889
703.497 192.713
703.787 175.438
704.077 171.595
704.366 172.258
704.656 152.029
704.946 152.577
705.236 148.433
705.526 189.207
705.816 218.153
706.106 207.969
706.396 193.822
706.685 137.637
706.975 132.676
707.265 144.310
707.555 156.517
707.845 137.380
708.135 103.687
708.425 126.111
708.715 131.185
709.004 162.680
709.294 146.874
709.584 140.671
709.874 154.481
710.164 116.023
710.454 140.960
710.744 138.851
711.034 160.414
711.323 182.739
711.613 141.405
711.903 151.102
712.193 171.755
712.483 122.595
712.773 106.866
713.063 143.951
713.352 149.550
713.642 122.868
713.932 153.852
714.222 165.240
714.512 147.574
714.802 168.323
715.092 176.079
715.382 129.320
715.671 114.595
715.961 152.914
716.251 109.565
716.541 86.364
716.831 164.169
717.121 109.051
717.411 116.501
717.701 146.170
717.990 144.259
718.280 172.641
718.570 151.632
718.860 103.781
719.150 125.851
719.440 138.139
719.730 133.499
720.019 149.596
720.309 123.000
720.599 123.958
720.889 129.941
721.179 167.265
721.469 168.387
721.759 90.891
722.049 90.895
722.338 121.579
722.628 135.265
722.918 98.670
723.208 57.517
723.498 88.290
723.788 126.877
724.078 175.966
724.368 172.452
724.657 114.486
724.947 162.815
725.237 190.003
725.527 168.771
725.817 90.502
726.107 111.078
726.397 145.897
726.686 97.545
726.976 88.844
727.266 127.532
727.556 103.358
727.846 132.503
728.136 146.885
728.426 110.352
728.716 76.440
729.005 110.359
729.295 105.517
729.585 112.522
729.875 124.904
730.165 88.171
730.455 92.054
730.745 103.798
731.035 114.481
731.324 101.088
731.614 91.186
731.904 95.166
732.194 150.563
732.484 125.421
732.774 117.642
733.064 148.774
733.354 132.240
733.643 118.972
733.933 73.051
734.223 88.649
734.513 104.247
734.803 88.742
735.093 118.014
735.383 106.414
735.672 139.620
735.962 156.531
736.252 151.494
736.542 130.246
736.832 121.435
737.122 136.263
737.412 161.757
737.702 148.180
737.991 122.668
738.281 106.197
738.571 99.220
738.861 131.899
739.151 140.760
739.441 127.843
739.731 98.347
740.021 125.145
740.310 146.968
740.600 138.232
740.890 107.422
741.180 150.085
741.470 104.679
741.760 104.682
742.050 164.903
742.339 134.569
742.629 132.595
742.919 169.195
743.209 118.636
743.499 125.681
743.789 127.789
744.079 127.792
744.369 134.593
744.658 118.014
744.948 66.416
745.238 113.066
745.528 142.801
745.818 140.962
746.108 136.997
746.398 109.331
746.688 83.515
746.977 118.275
747.267 161.973
747.557 134.304
747.847 112.438
748.137 138.424
748.427 158.328
748.717 128.608
749.006 119.528
749.296 163.475
749.586 167.296
749.876 162.486
750.166 144.561
750.456 157.669
750.746 140.864
751.036 136.875
751.325 132.886
751.615 117.038
751.905 159.000
752.195 145.162
752.485 148.165
752.775 153.322
753.065 125.297
753.355 158.333
753.644 154.332
753.934 138.736
754.224 136.594
754.514 162.839
754.804 138.607
755.094 98.489
755.384 89.466
755.674 101.505
755.963 116.553
756.253 98.601
756.543 112.548
756.833 118.807
757.123 121.703
757.413 142.934
757.703 118.817
757.992 120.830
758.282 118.704
758.572 96.716
758.862 95.714
759.152 146.973
759.442 160.885
759.732 181.150
760.022 184.168
760.311 153.170
760.601 136.070
760.891 191.405
761.181 183.176
761.471 90.808
761.761 36.522
762.051 80.835
762.341 130.053
762.630 105.011
762.920 113.070
763.210 161.574
763.500 121.133
763.793 71.790
764.086 38.561
764.379 84.803
764.671 145.168
764.964 141.147
765.257 166.301
765.550 157.567
765.843 147.489
766.136 142.452
766.429 105.157
766.722 101.026
767.014 114.006
767.307 62.764
767.600 81.901
767.893 128.357
768.186 106.183
768.479 138.444
768.772 130.383
769.064 87.039
769.357 96.018
769.650 105.190
769.943 84.946
770.236 91.999
770.529 118.304
770.822 128.388
771.115 114.278
771.407 157.787
771.700 127.517
771.993 117.548
772.286 116.423
772.579 91.107
772.872 93.126
773.165 111.275
773.457 91.116
773.750 125.520
774.043 138.641
774.336 168.077
774.629 166.733
774.922 179.013
775.215 144.707
775.508 117.228
775.800 89.950
776.093 93.065
776.386 130.198
776.679 142.416
776.972 139.398
777.265 174.648
777.558 158.379
777.850 154.202
778.143 172.296
778.436 139.273
778.729 112.000
779.022 83.862
779.315 144.166
779.608 155.225
779.900 169.298
780.193 135.130
780.486 119.937
780.779 105.777
781.072 81.626
781.365 117.819
781.658 145.049
781.951 149.068
782.243 173.822
782.536 176.182
782.829 166.145
783.122 125.987
783.415 101.791
783.708 124.863
784.001 107.815
784.293 129.884
784.586 112.722
784.879 113.727
785.172 136.639
785.465 125.757
785.758 97.704
786.051 70.652
786.344 93.514
786.636 126.643
786.929 104.624
787.222 113.864
787.515 109.635
787.808 71.456
788.101 112.418
788.394 122.411
788.686 117.419
788.979 147.539
789.272 167.374
789.565 122.300
789.858 102.342
790.151 120.429
790.444 107.445
790.737 119.555
791.029 87.383
791.322 75.410
791.615 132.167
791.908 172.394
792.201 143.283
792.494 123.202
792.787 148.979
793.079 201.971
793.372 186.833
793.665 156.114
793.958 144.153
794.251 161.105
794.544 181.863
794.837 140.173
795.130 109.269
795.422 138.184
795.715 110.271
796.008 104.396
796.301 146.023
796.594 126.105
796.887 129.096
797.180 94.332
797.472 99.320
797.765 96.332
798.058 121.139
798.351 110.295
798.644 87.366
798.937 115.285
799.230 133.101
799.523 199.039
799.815 150.189
800.108 104.329
800.401 73.424
800.694 124.398
800.987 93.370
801.280 119.533
801.573 125.529
801.865 148.509
802.158 117.425
802.451 79.504
802.744 99.467
803.037 106.455
803.330 100.570
803.623 123.427
803.915 121.433
804.208 91.587
804.501 141.823
804.794 121.806
805.087 91.686
805.380 97.885
805.673 136.828
805.966 117.812
806.258 89.877
806.551 147.289
806.844 180.424
807.137 148.447
807.430 124.204
807.723 92.078
808.016 98.105
808.308 122.449
808.601 86.062
808.894 84.225
809.187 146.750
809.480 153.647
809.773 101.234
810.066 105.362
810.359 156.830
810.651 186.413
810.944 99.534
811.237 85.510
811.530 119.821
811.825 165.399
812.119 122.854
812.414 79.466
812.709 90.660
813.003 70.603
813.298 71.545
813.593 132.483
813.887 119.193
814.182 108.281
814.476 105.348
814.771 144.945
815.066 120.827
815.360 92.252
815.655 103.433
815.950 102.523
816.244 121.854
816.539 95.602
816.834 100.701
817.128 134.480
817.423 191.430
817.718 183.840
818.012 151.588
818.307 104.304
818.602 128.896
818.896 176.391
819.191 129.299
819.486 108.970
819.780 138.839
820.075 152.544
820.369 118.736
820.664 128.178
820.959 138.532
821.253 105.518
821.548 93.085
821.843 131.703
822.137 172.383
822.432 176.911
822.727 130.174
823.021 132.400
823.316 151.350
823.611 153.764
823.905 126.807
824.200 86.157
824.495 116.932
824.789 132.757
825.084 73.610
825.379 82.129
825.673 84.331
825.968 180.808
826.262 183.121
826.557 95.503
826.852 126.190
827.146 83.729
827.441 96.368
827.736 147.429
828.030 174.155
828.325 152.742
828.620 156.990
828.914 143.345
829.209 128.061
829.504 169.557
829.798 116.290
830.093 101.371
830.388 98.202
830.682 75.925
830.977 156.741
831.271 165.868
831.566 144.256
831.861 146.045
832.155 154.795
832.450 101.362
832.745 117.441
833.039 131.470
833.334 99.103
833.629 96.468
833.923 114.068
834.218 93.396
834.513 120.052
834.807 125.557
835.102 120.849
835.397 100.631
835.691 83.521
835.986 100.141
836.281 81.240
836.575 84.098
836.870 119.092
837.164 131.918
837.459 109.331
837.754 105.427
838.048 111.506
838.343 101.823
838.638 116.746
838.932 140.853
839.227 120.403
839.522 131.785
839.816 132.180
840.111 119.975
840.406 113.431
840.700 136.206
840.995 189.637
841.290 193.038
841.584 121.913
841.879 108.348
842.174 152.639
842.468 175.542
842.763 148.999
843.057 129.098
843.352 115.834
843.647 104.703
843.941 101.080
844.236 104.986
844.531 135.879
844.825 135.531
845.120 130.641
845.415 153.270
845.709 111.746
846.004 139.066
846.299 70.338
846.593 127.687
846.888 129.389
847.183 118.409
847.477 177.236
847.772 162.354
848.066 155.722
848.361 164.052
848.656 112.931
848.950 78.905
849.245 147.648
849.540 153.371
849.834 150.113
850.129 146.847
850.424 143.574
850.718 120.753
851.013 131.101
851.308 184.914
851.602 173.435
851.897 141.616
852.192 165.403
852.486 140.972
852.781 165.029
853.076 184.505
853.370 107.637
853.665 139.676
853.959 156.483
854.254 115.258
854.549 126.519
854.843 159.551
855.138 176.970
855.433 163.182
855.727 156.213
856.022 133.440
856.317 134.420
856.611 131.868
856.906 74.187
857.201 114.465
857.495 145.531
857.790 117.438
858.085 98.117
858.379 145.517
858.674 122.212
858.969 114.319
859.263 163.666
859.558 144.405
859.852 134.200
860.147 104.303
860.442 118.171
860.736 123.233
861.031 146.721
861.326 170.426
861.620 130.674
861.915 148.694
862.210 125.685
862.504 126.489
862.799 113.159
863.094 124.622
863.388 108.436
863.683 108.323
863.978 144.674
864.272 137.003
864.567 137.624
864.861 113.254
865.156 52.304
865.451 85.496
865.745 96.542
866.040 115.754
866.335 119.637
866.629 149.352
866.924 169.407
867.219 165.992
867.513 165.655
867.808 168.034
868.103 142.026
868.397 69.010
868.692 99.176
868.987 133.387
869.281 128.832
869.576 111.413
869.871 96.288
870.165 117.841
870.460 143.622
870.754 144.332
871.049 102.381
871.344 116.042
871.638 146.302
871.933 98.725
872.228 70.087
872.522 70.934
872.817 125.452
873.112 205.689
873.406 148.504
873.701 142.652
873.996 133.613
874.290 86.792
874.585 99.247
874.880 138.920
875.174 134.650
875.469 134.522
875.764 121.846
876.058 126.552
876.353 100.995
876.647 88.605
876.942 82.764
877.237 67.217
877.531 91.836
877.826 114.629
878.121 119.057
878.415 144.587
878.710 111.034
879.005 116.497
879.299 128.422
879.594 96.198
879.889 92.350
880.183 82.797
880.478 84.438
880.773 96.420
881.067 113.018
881.362 112.809
881.656 105.905
881.951 88.216
882.246 75.970
882.540 86.892
882.835 73.786
883.130 82.903
883.424 108.318
883.719 98.981
884.014 116.032
884.308 86.784
884.603 96.540
884.898 97.186
885.192 121.314
885.487 95.119
885.782 92.161
886.076 95.594
886.371 116.968
886.666 111.484
886.960 107.801
887.255 106.811
887.549 88.749
887.844 106.624
888.139 101.884
888.433 87.470
888.728 65.114
889.023 103.303
889.317 126.172
889.612 117.204
889.907 116.217
890.201 119.759
890.496 122.307
890.791 100.999
891.085 102.677
891.380 101.796
891.675 108.071
891.969 126.624
892.264 113.075
892.559 90.249
892.853 103.569
893.148 120.341
893.442 98.985
893.737 88.492
894.032 76.962
894.326 88.417
894.621 111.326
894.916 118.481
895.210 115.735
895.505 116.927
895.800 102.001
896.094 47.983
896.389 69.167
896.684 91.315
896.978 100.945
897.273 105.546
897.568 133.722
897.862 92.286
898.157 89.635
898.451 155.203
898.746 140.160
899.041 132.314
899.335 101.315
899.630 59.740
899.925 59.689
900.219 79.177
900.514 112.149
900.809 122.237
901.103 128.238
901.398 157.547
901.693 99.198
901.987 66.311
902.282 115.230
902.577 102.948
902.871 111.771
903.166 153.799
903.461 134.295
903.755 111.181
904.050 116.858
904.344 87.447
904.639 90.060
904.934 75.780
905.228 94.803
905.523 90.553
905.818 95.878
906.112 112.997
906.407 141.181
906.702 103.463
906.996 99.758
907.291 110.194
907.586 78.293
907.880 95.765
908.175 98.581
908.470 128.582
908.764 130.284
909.059 111.516
909.354 108.983
909.648 111.824
909.943 75.296
910.237 80.925
910.532 115.906
910.827 113.157
911.121 133.446
911.416 146.561
911.711 98.768
912.005 118.289
912.300 148.952
912.599 165.093
912.898 130.867
913.196 105.259
913.495 88.563
913.794 107.316
914.093 78.434
914.391 89.745
914.690 127.311
914.989 142.371
915.288 144.105
915.586 140.638
915.885 108.131
916.184 73.627
916.483 92.390
916.782 118.881
917.080 107.604
917.379 135.116
917.678 139.957
917.977 153.588
918.275 125.353
918.574 115.275
918.873 97.342
919.172 128.928
919.471 112.647
919.769 112.971
920.068 120.829
920.367 136.373
920.666 142.662
920.964 128.378
921.263 97.799
921.562 107.642
921.861 162.167
922.159 113.987
922.458 99.439
922.757 144.478
923.056 128.443
923.355 132.739
923.653 102.379
923.952 103.766
924.251 73.358
924.550 87.225
924.848 131.952
925.147 100.631
925.446 109.661
925.745 177.475
926.043 147.950
926.342 96.447
926.641 64.545
926.940 109.877
927.239 130.331
927.537 137.930
927.836 152.380
928.135 145.592
928.434 149.954
928.732 206.691
929.031 182.762
929.330 139.036
929.629 106.436
929.927 130.343
930.226 144.477
930.525 104.539
930.824 71.500
931.123 103.107
931.421 157.832
931.720 134.713
932.019 106.654
932.318 79.421
932.616 95.908
932.915 66.358
933.214 99.329
933.513 144.584
933.812 127.974
934.110 163.259
934.409 176.798
934.708 143.682
935.007 121.847
935.305 173.646
935.604 165.615
935.903 148.761
936.202 115.774
936.500 157.793
936.799 148.968
937.098 199.263
937.397 189.742
937.696 119.754
937.994 81.235
938.293 158.409
938.592 170.733
938.891 140.069
939.189 156.319
939.488 168.399
939.787 196.466
940.086 222.463
940.384 215.348
940.683 155.586
940.982 146.775
941.281 178.698
941.580 179.723
941.878 211.279
942.177 149.970
942.476 174.136
942.775 164.909
943.073 133.090
943.372 84.510
943.671 201.814
943.970 241.053
944.268 213.237
944.567 150.062
944.866 128.134
945.165 138.168
945.464 126.492
945.762 130.114
946.061 196.026
946.360 222.520
946.659 215.835
946.957 189.236
947.256 140.137
947.555 160.761
947.854 132.287
948.153 111.883
948.451 140.590
948.750 177.065
949.049 135.716
949.348 170.777
949.646 156.224
949.945 113.221
950.244 192.539
950.543 185.889
950.841 155.566
951.140 161.374
951.439 161.206
951.738 132.567
952.037 147.829
952.335 200.880
952.634 218.103
952.933 177.347
953.232 155.213
953.530 163.955
953.829 211.656
954.128 206.122
954.427 149.929
954.725 130.166
955.024 153.001
955.323 117.780
955.622 142.839
955.921 168.720
956.219 181.788
956.518 105.978
956.817 114.715
957.116 131.014
957.414 112.863
957.713 92.382
958.012 97.908
958.311 156.825
958.610 172.722
958.908 140.387
959.207 173.987
959.506 165.204
959.805 192.864
960.103 160.864
960.402 128.792
960.701 100.254
961.000 108.803
961.298 107.198
961.597 130.716
961.896 122.467
962.195 151.756
962.494 144.617
962.792 118.520
963.091 100.040
963.390 117.294
963.689 126.491
963.987 149.881
964.286 163.850
964.585 169.471
964.884 171.090
965.182 125.940
965.481 161.019
965.780 186.627
966.080 164.248
966.380 144.740
966.680 99.202
966.981 99.098
967.281 134.069
967.581 105.286
967.881 139.403
968.181 187.379
968.481 154.737
968.781 138.815
969.082 111.685
969.382 97.959
969.682 78.621
969.982 131.199
970.282 172.755
970.582 150.923
970.882 108.664
971.183 137.225
971.483 109.829
971.783 120.854
972.083 121.646
972.383 116.076
972.683 109.167
972.983 147.810
973.284 145.140
973.584 127.484
973.884 139.988
974.184 125.041
974.484 135.867
974.784 123.117
975.084 91.908
975.385 124.155
975.685 124.030
975.985 116.121
976.285 160.856
976.585 126.831
976.885 108.429
977.185 94.217
977.486 119.357
977.786 82.037
978.086 87.597
978.386 167.316
978.686 176.577
978.986 128.813
979.286 78.814
979.587 96.815
979.887 113.817
980.187 108.818
980.487 98.820
980.787 140.821
981.087 163.822
981.387 150.824
981.688 132.825
981.988 124.826
982.288 94.828
982.588 118.829
982.888 122.831
983.188 89.832
983.488 128.833
983.789 133.835
984.089 168.836
984.389 166.838
984.689 124.839
984.989 118.840
985.289 104.842
985.589 117.843
985.890 107.844
986.190 108.846
986.490 128.847
986.790 136.849
987.090 128.850
987.390 157.851
987.690 99.853
987.991 102.854
988.291 115.855
988.591 111.857
988.891 104.858
989.191 116.859
989.491 149.861
989.791 122.862
990.092 108.863
990.392 150.865
990.692 156.866
990.992 150.868
991.292 106.869
991.592 138.870
991.892 162.872
992.193 142.873
992.493 127.874
992.793 137.876
993.093 129.877
993.393 122.878
993.693 123.880
993.993 125.881
994.294 152.882
994.594 134.884
994.894 126.885
995.194 145.886
995.494 89.888
995.794 93.889
996.094 86.890
996.395 126.892
996.695 166.893
996.995 128.894
997.295 92.896
997.595 92.897
997.895 126.898
998.195 143.900
998.496 114.901
998.796 94.902
999.096 154.903
999.396 163.905
999.696 110.906
999.996 111.907
1000.296 153.909
1000.597 144.910
1000.897 106.911
1001.197 129.913
1001.497 175.914
1001.797 165.915
1002.097 113.917
1002.397 114.918
1002.698 123.919
1002.998 140.920
1003.298 159.922
1003.598 185.923
1003.898 107.924
1004.198 110.926
1004.498 110.927
1004.799 70.928
1005.099 104.930
1005.399 119.931
1005.699 101.932
1005.999 92.933
1006.299 89.935
1006.599 139.936
1006.900 159.937
1007.200 167.939
1007.500 130.940
1007.800 108.941
1008.100 149.942
1008.400 114.944
1008.700 71.945
1009.001 92.946
1009.301 103.947
1009.601 148.949
1009.901 160.950
1010.201 153.951
1010.501 149.953
1010.801 151.954
1011.102 102.955
1011.402 145.956
1011.702 108.958
1012.002 85.959
1012.302 114.960
1012.602 102.961
1012.902 94.963
1013.203 162.964
1013.503 166.965
1013.803 117.966
1014.103 94.968
1014.403 108.969
1014.703 94.970
1015.003 103.971
1015.304 133.973
1015.604 137.974
1015.904 118.975
1016.204 132.976
1016.504 133.978
1016.804 130.979
1017.104 121.980
1017.405 120.981
1017.705 104.983
1018.005 122.984
1018.305 146.985
1018.605 133.986
1018.905 100.988
1019.205 56.989
1019.506 118.990
1019.806 86.991
1020.106 103.993
1020.406 146.994
1020.706 137.995
1021.006 119.996
1021.306 138.998
1021.607 135.999
1021.907 141.000
1022.207 179.001
1022.507 128.002
1022.807 142.004
1023.107 116.005
1023.407 67.006
1023.708 94.007
1024.008 100.009
1024.308 112.010
1024.608 143.011
1024.908 135.012
1025.208 131.013
1025.508 139.015
1025.809 152.016
1026.109 104.017
1026.409 143.018
1026.709 165.019
1027.009 121.021
1027.309 128.022
1027.609 98.023
1027.910 111.024
1028.210 139.025
1028.510 125.027
1028.810 152.028
1029.110 166.029
1029.410 157.030
1029.710 150.031
1030.011 147.033
1030.311 148.034
1030.611 87.035
1030.911 119.036
1031.211 158.037
1031.511 141.039
1031.811 151.040
1032.112 174.041
1032.412 157.042
1032.712 119.043
1033.012 158.045
1033.312 152.046
1033.612 129.047
1033.912 108.048
1034.212 111.049
1034.513 131.051
1034.813 101.052
1035.113 120.053
1035.413 126.054
1035.713 116.055
1036.013 119.056
1036.313 118.058
1036.614 135.059
1036.914 101.060
1037.214 92.061
1037.514 150.062
1037.814 147.063
1038.114 135.065
1038.414 135.066
1038.715 145.067
1039.015 121.068
1039.315 123.069
1039.615 128.070
1039.915 130.072
1040.215 118.073
1040.515 99.074
1040.816 174.075
1041.116 155.076
1041.416 107.077
1041.716 66.079
1042.016 89.080
1042.316 133.081
1042.616 147.082
1042.917 90.083
1043.217 138.084
1043.517 176.085
1043.817 169.087
1044.117 150.088
1044.417 145.089
1044.717 144.090
1045.018 127.091
1045.318 159.092
1045.618 168.093
1045.918 117.095
1046.218 122.096
1046.518 139.097
1046.818 147.098
1047.119 161.099
1047.419 144.100
1047.719 129.101
1048.019 160.103
1048.319 156.104
1048.619 114.105
1048.919 153.106
1049.220 128.107
1049.520 116.108
1049.820 130.109
1050.120 105.110
1050.420 149.112
1050.720 143.113
1051.020 111.114
1051.321 104.115
1051.621 120.116
1051.921 123.117
1052.221 120.118
1052.521 101.119
1052.821 133.121
1053.121 135.122
1053.422 126.123
1053.722 173.124
1054.022 131.125
1054.322 123.126
1054.622 126.127
1054.922 145.128
1055.222 113.129
1055.523 106.131
1055.823 127.132
1056.123 104.133
1056.423 54.134
1056.723 114.135
1057.023 134.136
1057.323 102.137
1057.624 142.138
1057.924 174.139
1058.224 151.141
1058.524 119.142
1058.824 124.143
1059.124 109.144
1059.424 123.145
1059.725 116.146
1060.025 134.147
1060.325 145.148
1060.625 130.149
1060.925 141.150
1061.225 152.151
1061.525 124.153
1061.826 90.154
1062.126 107.155
1062.426 121.156
1062.726 151.157
1063.026 139.158
1063.326 150.159
1063.626 164.160
1063.927 143.161
1064.227 144.162
1064.527 98.163
1064.827 107.164
1065.127 111.166
1065.427 83.167
1065.727 117.168
1066.028 155.169
1066.328 119.170
1066.628 141.171
1066.928 80.172
1067.228 99.173
1067.528 119.174
1067.828 101.175
1068.129 72.176
1068.429 115.177
1068.729 166.178
1069.029 136.179
1069.329 116.181
1069.629 119.182
1069.929 83.183
1070.230 106.184
1070.530 119.185
1070.830 128.186
1071.130 167.187
1071.430 134.188
1071.730 140.189
1072.030 160.190
1072.331 115.191
1072.631 70.192
1072.931 73.193
1073.231 95.194
1073.531 95.195
1073.831 129.196
1074.131 140.197
1074.432 152.199
1074.732 151.200
1075.032 133.201
1075.332 136.202
1075.632 127.203
1075.932 60.204
1076.232 68.205
1076.533 73.206
1076.833 100.207
1077.133 113.208
1077.433 128.209
1077.733 121.210
1078.033 119.211
1078.333 71.212
1078.634 115.213
1078.934 181.214
1079.234 145.215
1079.534 163.216
1079.834 141.217
1080.134 154.218
1080.434 202.219
1080.735 184.220
1081.035 157.221
1081.335 77.222
1081.635 121.223
1081.935 178.224
1082.235 134.226
1082.535 101.227
1082.836 106.228
1083.136 131.229
1083.436 131.230
1083.736 128.231
1084.036 122.232
1084.336 101.233
1084.636 133.234
1084.937 133.235
1085.237 109.236
1085.537 69.237
1085.837 77.238
1086.137 96.239
1086.437 165.240
1086.737 128.241
1087.038 106.242
1087.338 113.243
1087.638 131.244
1087.938 144.245
1088.238 115.246
1088.538 127.247
1088.838 158.248
1089.139 156.249
1089.439 111.250
1089.739 111.251
1090.039 120.252
1090.339 141.253
1090.639 94.254
1090.939 99.255
1091.240 141.256
1091.540 177.257
1091.840 149.258
1092.140 162.259
1092.453 129.260
1092.766 104.261
1093.079 104.262
1093.392 135.263
1093.705 124.264
1094.018 149.265
1094.330 181.266
1094.643 146.267
1094.956 156.268
1095.269 136.269
1095.582 135.270
1095.895 156.271
1096.208 127.272
1096.521 87.273
1096.834 97.274
1097.147 128.275
1097.460 116.276
1097.773 117.277
1098.085 112.278
1098.398 125.279
1098.711 152.280
1099.024 113.281
1099.337 84.282
1099.650 158.283
1099.963 169.284
1100.276 132.285
1100.589 128.285
1100.902 151.286
1101.215 133.287
1101.528 133.288
1101.841 122.289
1102.153 147.290
1102.466 175.291
1102.779 117.292
1103.092 122.293
1103.405 160.294
1103.718 163.295
1104.031 133.296
1104.344 164.297
1104.657 155.298
1104.970 176.299
1105.283 210.300
1105.596 160.301
1105.909 119.302
1106.221 123.303
1106.534 147.304
1106.847 114.305
1107.160 91.306
1107.473 44.307
1107.786 52.308
1108.099 96.309
1108.412 127.310
1108.725 158.311
1109.038 137.312
1109.351 119.312
1109.664 113.313
1109.977 64.314
1110.289 85.315
1110.602 109.316
1110.915 114.317
1111.228 132.318
1111.541 144.319
1111.854 159.320
1112.167 137.321
1112.480 127.322
1112.793 134.323
1113.106 155.324
1113.419 123.325
1113.732 131.326
1114.044 147.327
1114.357 150.328
1114.670 122.329
1114.983 111.329
1115.296 103.330
1115.609 123.331
1115.922 119.332
1116.235 134.333
1116.548 144.334
1116.861 110.335
1117.174 93.336
1117.487 135.337
1117.800 156.338
1118.112 128.339
1118.425 127.340
1118.738 88.341
1119.051 95.342
1119.364 91.343
1119.677 106.343
1119.990 128.344
1120.303 121.345
1120.616 149.346
1120.929 139.347
1121.242 145.348
1121.555 98.349
1121.868 122.350
1122.180 106.351
1122.493 102.352
1122.806 137.353
1123.119 160.354
1123.432 159.354
1123.745 175.355
1124.058 143.356
1124.371 107.357
1124.684 115.358
1124.997 133.359
1125.310 115.360
1125.623 61.361
1125.935 49.362
1126.248 101.363
1126.561 123.364
1126.874 144.365
1127.187 193.365
1127.500 188.366
1127.813 161.367
1128.126 105.368
1128.439 101.369
1128.752 84.370
1129.065 64.371
1129.378 60.372
1129.691 109.373
1130.003 149.374
1130.316 76.374
1130.629 66.375
1130.942 98.376
1131.255 144.377
1131.568 147.378
1131.881 143.379
1132.194 139.380
1132.507 125.381
1132.820 115.382
1133.133 130.383
1133.446 123.383
1133.759 164.384
1134.071 209.385
1134.384 147.386
1134.697 142.387
1135.010 129.388
1135.323 122.389
1135.636 101.390
1135.949 90.391
1136.262 122.391
1136.575 146.392
1136.888 139.393
1137.201 107.394
1137.514 93.395
1137.826 111.396
1138.139 95.397
1138.452 121.398
1138.765 178.399
1139.078 156.399
1139.391 152.400
1139.704 143.401
1140.017 118.402
1140.330 107.403
1140.643 134.404
1140.956 141.405
1141.269 102.406
1141.582 87.406
1141.894 149.407
1142.207 123.408
1142.520 93.409
1142.833 133.410
1143.146 93.411
1143.459 78.412
1143.772 93.412
1144.085 132.413
1144.398 122.414
1144.711 114.415
1145.024 115.416
1145.337 139.417
1145.650 163.418
1145.962 98.419
1146.275 98.419
1146.588 124.420
1146.901 157.421
1147.214 142.422
1147.527 140.423
1147.840 177.424
1148.153 140.425
1148.466 128.425
1148.779 140.426
1149.092 156.427
1149.405 113.428
1149.718 109.429
1150.030 125.430
1150.343 111.431
1150.656 91.431
1150.969 64.432
1151.282 114.433
1151.595 119.434
1151.908 109.435
1152.221 98.436
1152.534 143.437
1152.847 156.437
1153.160 125.438
1153.473 148.439
1153.785 165.440
1154.098 125.441
1154.411 123.442
1154.724 128.442
1155.037 145.443
1155.350 127.444
1155.663 121.445
1155.976 100.446
1156.289 129.447
1156.602 119.448
1156.915 87.448
1157.228 124.449
1157.541 158.450
1157.853 105.451
1158.166 138.452
1158.479 166.453
1158.792 136.453
1159.105 145.454
1159.418 152.455
1159.731 134.456
1160.044 141.457
1160.357 183.458
1160.670 164.458
1160.983 144.459
1161.296 172.460
1161.609 163.461
1161.921 182.462
1162.234 147.463
1162.547 121.463
1162.860 112.464
1163.173 85.465
1163.486 111.466
1163.799 116.467
1164.112 135.468
1164.425 168.468
1164.738 119.469
1165.051 111.470
1165.364 114.471
1165.676 90.472
1165.989 90.472
1166.302 150.473
1166.615 163.474
1166.928 140.475
1167.241 115.476
1167.554 89.477
1167.867 139.477
1168.180 137.478
1168.493 89.479
1168.806 66.480
1169.119 53.481
1169.432 130.481
1169.744 146.482
1170.057 131.483
1170.370 148.484
1170.683 113.485
1170.996 128.485
1171.309 134.486
1171.622 143.487
1171.935 174.488
1172.248 151.489
1172.561 149.490
1172.874 118.490
1173.187 120.491
1173.500 167.492
1173.812 156.493
1174.125 74.494
1174.438 79.494
1174.751 119.495
1175.064 135.496
1175.377 120.497
1175.690 162.498
1176.003 173.498
1176.316 164.499
1176.629 151.500
1176.942 102.501
1177.255 89.502
1177.567 108.502
1177.880 86.503
1178.193 79.504
1178.506 132.505
1178.819 159.506
1179.132 125.506
1179.445 137.507
1179.758 148.508
1180.071 128.509
1180.384 119.509
1180.697 127.510
1181.010 142.511
1181.323 151.512
1181.635 122.513
1181.948 82.513
1182.261 101.514
1182.574 111.515
1182.887 103.516
1183.200 131.517
1183.513 133.517
1183.826 139.518
1184.139 128.519
1184.452 116.520
1184.765 95.520
1185.078 123.521
1185.391 142.522
1185.703 88.523
1186.016 63.524
1186.329 81.524
1186.642 98.525
1186.955 180.526
1187.268 159.527
1187.581 93.528
1187.894 126.528
1188.207 169.529
1188.520 134.530
1188.833 112.531
1189.146 40.531
1189.459 63.532
1189.771 123.533
1190.084 142.534
1190.397 119.534
1190.710 141.535
1191.023 145.536
1191.336 106.537
1191.649 104.538
1191.962 105.538
1192.275 78.539
1192.588 91.540
1192.901 119.541
1193.214 119.541
1193.526 102.542
1193.839 117.543
1194.152 90.544
1194.465 131.544
1194.778 99.545
1195.091 135.546
1195.404 118.547
1195.717 134.547
1196.030 147.548
1196.343 133.549
1196.656 109.550
1196.969 125.551
1197.282 143.551
1197.594 119.552
1197.907 106.553
1198.220 105.554
1198.533 109.554
1198.846 127.555
1199.159 97.556
1199.472 134.557
1199.785 159.557
1200.098 132.558
1200.411 153.559
1200.724 118.560
1201.037 124.560
1201.350 109.561
1201.662 107.562
1201.975 129.563
1202.288 140.563
1202.601 91.564
