165.028 22.173
165.288 -25.339
165.547 47.152
165.807 83.646
166.067 -41.858
166.327 -72.360
166.587 -103.860
166.847 37.643
167.107 57.149
167.367 34.657
167.627 86.167
167.886 57.679
168.146 81.194
168.406 206.710
168.666 138.229
168.926 93.751
169.186 82.274
169.446 49.800
169.706 -46.673
169.966 38.857
170.225 34.389
170.485 52.923
170.745 106.459
171.005 201.997
171.265 106.537
171.525 47.079
171.785 2.623
172.045 4.169
172.305 133.717
172.564 82.266
172.824 -24.182
173.084 62.371
173.344 40.927
173.604 14.484
173.864 102.042
174.124 85.603
174.384 59.165
174.644 136.729
174.903 186.295
175.163 185.862
175.423 179.431
175.683 70.002
175.943 125.574
176.203 105.148
176.463 61.724
176.723 8.301
176.983 92.879
177.242 114.459
177.502 192.040
177.762 200.623
178.022 30.208
178.282 61.793
178.542 42.381
178.802 84.969
179.062 25.559
179.322 158.150
179.581 201.743
179.841 83.336
180.101 104.931
180.361 152.528
180.621 141.125
180.881 84.724
181.141 86.324
181.401 86.925
181.661 103.527
181.920 219.130
182.180 173.735
182.440 46.340
182.700 45.947
182.960 34.555
183.220 103.163
183.480 230.773
183.740 123.384
184.000 11.995
184.259 -34.392
184.519 102.221
184.779 124.836
185.039 144.451
185.299 193.067
185.559 177.684
185.819 170.302
186.079 210.921
186.339 121.540
186.598 53.160
186.858 -15.219
187.118 59.403
187.378 169.026
187.638 135.649
187.898 210.273
188.158 243.897
188.418 98.522
188.678 88.148
188.937 149.774
189.197 168.401
189.457 104.029
189.717 94.657
189.977 37.285
190.237 37.915
190.497 208.544
190.757 172.174
191.017 158.805
191.276 59.436
191.536 85.068
191.796 94.700
192.056 93.332
192.316 146.965
192.576 125.598
192.836 101.231
193.096 108.865
193.356 64.499
193.616 63.133
193.875 63.768
194.135 82.403
194.395 176.038
194.655 166.674
194.915 179.310
195.175 179.945
195.435 194.582
195.695 47.218
195.955 -32.146
196.214 94.491
196.474 170.128
196.734 146.765
196.994 203.401
197.254 263.039
197.514 183.676
197.774 148.313
198.034 56.950
198.294 57.587
198.553 137.225
198.813 89.862
199.073 -0.501
199.333 76.137
199.593 215.774
199.853 221.411
200.113 315.048
200.373 285.685
200.633 103.322
200.892 73.959
201.152 79.596
201.412 89.232
201.672 205.869
201.932 365.505
202.192 270.141
202.452 87.777
202.712 122.413
202.972 194.049
203.231 250.684
203.491 212.319
203.751 202.954
204.011 238.589
204.271 253.223
204.531 109.857
204.791 72.491
205.051 130.125
205.311 183.758
205.570 140.391
205.830 157.023
206.090 148.656
206.350 221.288
206.610 348.919
206.870 259.550
207.130 178.181
207.390 195.811
207.650 188.441
207.909 174.071
208.169 186.700
208.429 185.329
208.689 68.957
208.949 197.584
209.209 268.212
209.469 109.839
209.729 100.465
209.989 150.091
210.248 48.716
210.508 285.341
210.768 227.965
211.028 165.589
211.288 222.212
211.548 171.835
211.808 178.457
212.068 321.078
212.328 378.699
212.587 284.320
212.847 162.939
213.107 185.559
213.367 177.177
213.627 173.795
213.887 151.412
214.147 95.029
214.407 147.645
214.667 145.260
214.926 281.875
215.186 194.489
215.446 220.103
215.706 176.715
215.966 120.327
216.226 163.939
216.486 188.549
216.746 192.159
217.006 238.768
217.265 148.377
217.525 93.984
217.785 161.591
218.045 228.198
218.305 178.803
218.565 164.408
218.825 228.012
219.085 295.615
219.345 170.217
219.604 143.819
219.864 238.420
220.124 276.020
220.384 199.619
220.644 152.217
220.904 104.815
221.164 199.412
221.424 226.008
221.684 144.603
221.943 151.197
222.203 235.790
222.463 156.383
222.723 85.975
222.983 178.566
223.243 160.156
223.503 175.745
223.763 146.333
224.023 139.920
224.282 236.507
224.542 256.092
224.802 247.677
225.062 234.261
225.322 293.844
225.582 247.426
225.842 237.007
226.102 243.587
226.362 199.166
226.621 220.745
226.881 202.322
227.141 196.899
227.401 266.474
227.661 192.049
227.921 287.623
228.181 249.195
228.441 268.767
228.701 366.338
228.960 345.908
229.220 211.477
229.480 194.044
229.740 234.611
230.000 281.177
230.260 174.742
230.520 202.306
230.780 237.870
231.040 197.432
231.299 152.993
231.559 177.553
231.819 219.112
232.079 285.670
232.339 290.227
232.599 161.783
232.859 171.338
233.119 210.892
233.379 179.445
233.638 231.997
233.898 313.548
234.158 254.098
234.418 124.647
234.678 208.195
234.938 253.742
235.198 140.288
235.458 173.833
235.718 259.377
235.978 251.920
236.237 242.462
236.497 266.002
236.757 330.542
237.017 227.081
237.277 179.618
237.537 201.155
237.797 148.691
238.057 253.225
238.317 199.759
238.576 149.291
238.836 179.822
239.096 275.353
239.356 246.882
239.616 183.410
239.876 230.937
240.136 258.463
240.396 313.988
240.656 363.512
240.915 271.035
241.175 223.557
241.435 184.078
241.695 257.597
241.955 330.116
242.215 423.633
242.475 343.150
242.735 219.665
242.995 244.180
243.254 234.693
243.514 161.205
243.774 87.716
244.034 189.226
244.294 371.735
244.554 311.243
244.814 269.750
245.074 244.256
245.334 220.760
245.593 225.264
245.853 234.766
246.113 169.268
246.373 304.768
246.633 346.267
246.893 237.766
247.153 232.263
247.413 280.759
247.673 305.254
247.932 254.748
248.192 277.241
248.452 346.732
248.712 347.223
248.972 198.712
249.232 286.201
249.492 201.688
249.752 99.175
250.012 273.660
250.271 229.144
250.531 253.627
250.791 457.109
251.051 429.590
251.311 299.070
251.571 145.549
251.831 208.027
252.091 267.503
252.351 258.979
252.610 262.453
252.870 300.927
253.130 312.399
253.390 293.870
253.650 295.340
253.911 238.809
254.172 301.277
254.433 276.744
254.694 254.210
254.955 343.675
255.216 254.139
255.477 397.602
255.738 372.063
255.999 234.524
256.261 344.983
256.522 312.442
256.783 308.899
257.044 193.355
257.305 122.810
257.566 168.264
257.827 150.718
258.088 196.170
258.349 192.621
258.610 256.070
258.871 259.519
259.132 348.967
259.393 288.414
259.654 182.859
259.915 139.304
260.176 224.748
260.437 296.190
260.698 299.631
260.959 235.072
261.221 266.511
261.482 307.950
261.743 297.387
262.004 311.823
262.265 462.258
262.526 440.692
262.787 250.125
263.048 206.557
263.309 183.988
263.570 308.418
263.831 288.847
264.092 228.275
264.353 192.702
264.614 390.128
264.875 334.553
265.136 225.976
265.397 401.399
265.658 438.821
265.919 489.241
266.181 433.661
266.442 327.080
266.703 279.497
266.964 209.914
267.225 190.329
267.486 266.744
267.747 388.157
268.008 428.570
268.269 444.981
268.530 416.392
268.791 308.801
269.052 319.210
269.313 302.617
269.574 284.024
269.835 301.429
270.096 299.834
270.357 367.237
270.618 287.639
270.879 192.041
271.141 280.441
271.402 279.841
271.663 199.239
271.924 258.637
272.185 316.033
272.446 310.429
272.707 308.823
272.968 268.217
273.229 307.609
273.490 270.001
273.751 261.391
274.012 259.781
274.273 354.170
274.534 321.557
274.795 325.944
275.056 330.330
275.317 222.714
275.578 183.098
275.839 237.481
276.101 179.863
276.362 202.244
276.623 268.624
276.884 364.003
277.145 291.381
277.406 335.758
277.667 304.134
277.928 223.509
278.189 364.883
278.450 335.257
278.711 327.629
278.972 331.000
279.233 278.371
279.494 356.740
279.755 400.109
280.016 422.476
280.277 325.843
280.538 335.209
280.799 237.574
281.061 300.938
281.322 301.301
281.583 297.663
281.844 226.024
282.105 212.384
282.366 334.743
282.627 299.102
282.888 324.459
283.149 374.816
283.410 270.171
283.671 292.526
283.932 270.880
284.193 166.233
284.454 269.585
284.715 368.936
284.976 262.286
285.237 321.635
285.498 493.984
285.759 387.331
286.021 394.678
286.282 372.024
286.543 370.369
286.804 336.713
287.065 288.056
287.326 380.398
287.587 276.739
287.848 294.080
288.109 398.419
288.370 351.758
288.631 213.096
288.892 193.433
289.153 222.769
289.414 204.104
289.675 407.439
289.936 528.772
290.197 434.105
290.458 339.437
290.719 275.768
290.981 401.098
291.242 458.427
291.503 433.755
291.764 343.083
292.025 237.410
292.286 245.736
292.547 316.061
292.808 280.385
293.069 321.708
293.330 322.031
293.591 347.352
293.852 311.673
294.113 278.993
294.374 282.312
294.635 318.631
294.896 378.948
295.157 374.265
295.418 368.581
295.679 358.896
295.941 339.210
296.202 344.524
296.463 299.836
296.724 408.148
296.985 485.459
297.246 410.769
297.507 252.079
297.768 210.387
298.029 299.695
298.290 413.002
298.551 456.309
298.812 464.614
299.073 332.919
299.334 244.222
299.595 333.526
299.856 343.828
300.117 452.129
300.378 398.430
300.639 280.730
300.901 273.029
301.162 312.328
301.423 344.625
301.684 481.922
301.945 521.218
302.206 375.513
302.467 399.808
302.728 306.102
302.989 314.395
303.250 460.687
303.511 442.978
303.772 383.269
304.033 382.559
304.294 373.848
304.555 348.137
304.816 379.425
305.077 382.712
305.338 272.998
305.599 299.283
305.861 394.568
306.122 377.852
306.383 303.135
306.644 336.418
306.905 229.700
307.166 340.981
307.427 413.261
307.688 383.541
307.949 325.820
308.210 308.098
308.471 337.376
308.732 317.652
308.993 247.928
309.254 279.204
309.515 217.478
309.776 380.752
310.037 396.025
310.298 237.298
310.559 265.570
310.821 376.841
311.082 370.111
311.343 261.381
311.604 264.650
311.865 244.918
312.126 265.186
312.387 309.452
312.648 315.719
312.909 319.984
313.170 348.249
313.434 357.513
313.698 316.776
313.963 407.039
314.227 335.301
314.491 317.563
314.755 356.824
315.019 336.084
315.284 206.343
315.548 348.602
315.812 387.860
316.076 462.117
316.340 421.374
316.604 369.630
316.869 420.885
317.133 393.140
317.397 441.394
317.661 440.648
317.925 331.900
318.190 326.152
318.454 354.404
318.718 300.655
318.982 359.905
319.246 467.154
319.511 549.403
319.775 357.652
320.039 334.899
320.303 352.146
320.567 350.392
320.832 342.638
321.096 306.883
321.360 292.128
321.624 305.371
321.888 326.615
322.153 347.857
322.417 330.099
322.681 272.340
322.945 381.581
323.209 383.821
323.473 326.061
323.738 375.299
324.002 366.538
324.266 443.775
324.530 416.012
324.794 343.249
325.059 304.484
325.323 299.720
325.587 349.954
325.851 315.188
326.115 440.421
326.380 400.654
326.644 409.886
326.908 430.118
327.172 347.349
327.436 340.579
327.701 343.809
327.965 355.038
328.229 416.267
328.493 302.495
328.757 291.722
329.022 389.949
329.286 311.176
329.550 312.401
329.814 352.627
330.078 344.851
330.342 317.075
330.607 363.299
330.871 415.521
331.135 480.744
331.399 492.965
331.663 403.187
331.928 422.407
332.192 436.627
332.456 380.847
332.720 391.066
332.984 359.284
333.249 332.502
333.513 358.719
333.777 303.936
334.041 295.152
334.305 368.367
334.570 402.582
334.834 274.797
335.098 421.011
335.362 422.224
335.626 372.437
335.891 329.649
336.155 337.861
336.419 365.072
336.683 257.283
336.947 346.493
337.211 390.703
337.476 278.912
337.740 295.121
338.004 308.329
338.268 317.536
338.532 387.743
338.797 325.950
339.061 360.156
339.325 436.361
339.589 517.566
339.853 381.771
340.118 340.974
340.382 441.178
340.646 442.381
340.910 333.583
341.174 323.785
341.439 326.986
341.703 362.187
341.967 332.387
342.231 339.587
342.495 298.787
342.759 354.985
343.024 322.184
343.288 413.381
343.552 409.579
343.816 279.776
344.080 283.972
344.345 338.168
344.609 282.363
344.873 236.558
345.137 311.752
345.401 352.946
345.666 248.140
345.930 409.332
346.194 485.525
346.458 295.717
346.722 305.908
346.987 332.099
347.251 403.290
347.515 506.480
347.779 354.669
348.043 255.858
348.308 315.047
348.572 286.235
348.836 252.423
349.100 355.610
349.364 280.797
349.628 220.983
349.893 280.169
350.157 393.354
350.421 332.539
350.685 349.724
350.949 376.908
351.214 261.091
351.478 329.274
351.742 398.457
352.006 386.639
352.270 322.821
352.535 242.002
352.799 259.183
353.063 375.363
353.327 354.543
353.591 299.722
353.856 292.901
354.120 335.080
354.384 398.258
354.648 464.436
354.912 438.613
355.177 374.790
355.441 325.966
355.705 488.142
355.969 507.318
356.233 390.493
356.497 385.667
356.762 384.841
357.026 385.015
357.290 348.189
357.554 337.362
357.818 352.534
358.083 367.706
358.347 321.878
358.611 389.049
358.875 428.220
359.139 389.390
359.404 304.560
359.668 339.730
359.932 454.899
360.196 430.068
360.460 352.236
360.725 374.404
360.989 387.571
361.253 473.738
361.517 464.905
361.781 481.071
362.046 499.237
362.310 499.403
362.574 441.568
362.838 362.732
363.102 374.897
363.366 397.060
363.631 309.224
363.895 363.387
364.159 508.550
364.423 452.712
364.687 402.874
364.952 435.035
365.216 462.196
365.480 380.357
365.747 339.517
366.013 367.677
366.280 397.837
366.546 433.996
366.813 336.155
367.079 330.313
367.346 438.471
367.612 431.629
367.879 415.786
368.145 412.943
368.412 327.099
368.678 324.255
368.945 410.411
369.211 378.566
369.478 381.721
369.744 339.876
370.011 335.030
370.278 368.184
370.544 343.337
370.811 387.490
371.077 402.643
371.344 346.795
371.610 387.947
371.877 428.099
372.143 421.250
372.410 433.401
372.676 493.552
372.943 492.702
373.209 375.852
373.476 314.001
373.742 329.150
374.009 413.299
374.276 433.447
374.542 395.595
374.809 359.743
375.075 242.890
375.342 227.037
375.608 279.184
375.875 299.330
376.141 413.476
376.408 404.622
376.674 383.767
376.941 360.912
377.207 334.057
377.474 626.201
377.740 554.345
378.007 335.488
378.273 412.631
378.540 437.774
378.807 351.917
379.073 326.059
379.340 370.201
379.606 403.342
379.873 369.483
380.139 384.624
380.406 439.765
380.672 388.905
380.939 339.045
381.205 308.184
381.472 281.323
381.738 306.462
382.005 427.600
382.271 428.739
382.538 394.877
382.804 480.014
383.071 440.151
383.338 406.288
383.604 434.425
383.871 478.561
384.137 452.697
384.404 391.832
384.670 366.968
384.937 335.103
385.203 374.237
385.470 375.372
385.736 422.506
386.003 398.639
386.269 354.773
386.536 359.906
386.802 410.039
387.069 436.171
387.336 548.303
387.602 535.435
387.869 295.567
388.135 289.698
388.402 273.829
388.668 309.959
388.935 385.090
389.201 454.220
389.468 465.349
389.734 468.479
390.001 444.608
390.267 344.737
390.534 392.865
390.800 428.994
391.067 500.121
391.333 500.249
391.600 384.376
391.867 388.503
392.133 378.630
392.400 297.757
392.666 258.883
392.933 450.009
393.199 505.134
393.466 349.259
393.732 361.384
393.999 496.509
394.265 431.634
394.532 320.758
394.798 435.881
395.065 367.005
395.331 359.128
395.598 412.251
395.864 392.374
396.131 422.496
396.398 446.619
396.664 413.740
396.931 411.862
397.197 462.983
397.464 352.104
397.730 421.225
397.997 413.346
398.263 386.466
398.530 400.586
398.796 479.705
399.063 455.825
399.329 340.944
399.596 470.063
399.862 440.181
400.129 519.299
400.396 535.417
400.662 332.535
400.929 274.653
401.195 323.770
401.462 352.887
401.728 401.004
401.995 402.120
402.261 313.236
402.528 293.352
402.794 281.468
403.061 391.583
403.327 499.698
403.594 422.813
403.860 351.928
404.127 338.042
404.393 429.156
404.660 452.270
404.931 448.383
405.202 390.497
405.473 269.610
405.745 392.722
406.016 567.835
406.287 475.947
406.558 370.059
406.829 473.171
407.100 407.283
407.371 522.394
407.642 507.505
407.914 400.616
408.185 385.726
408.456 389.837
408.727 490.947
408.998 492.056
409.269 588.166
409.540 626.275
409.811 393.384
410.083 384.493
410.354 394.602
410.625 301.710
410.896 375.818
411.167 514.926
411.438 574.033
411.709 431.141
411.981 555.248
412.252 424.355
412.523 343.461
412.794 499.568
413.065 531.674
413.336 396.780
413.607 461.886
413.878 485.991
414.150 448.096
414.421 368.201
414.692 302.306
414.963 307.411
415.234 445.515
415.505 463.619
415.776 500.723
416.047 523.826
416.319 497.930
416.590 405.033
416.861 300.136
417.132 423.239
417.403 456.341
417.674 430.443
417.945 365.545
418.217 347.647
418.488 499.749
418.759 424.850
419.030 391.951
419.301 413.052
419.572 424.153
419.843 400.253
420.114 343.354
420.386 359.454
420.657 470.553
420.928 399.653
421.199 377.752
421.470 385.852
421.741 331.950
422.012 321.049
422.283 345.148
422.555 374.246
422.826 406.344
423.097 502.442
423.368 457.540
423.639 365.637
423.910 456.734
424.181 418.831
424.453 343.928
424.724 498.025
424.995 582.121
425.266 448.217
425.537 375.313
425.808 448.409
426.079 467.505
426.350 451.600
426.622 435.695
426.893 473.790
427.164 416.885
427.435 379.979
427.706 384.074
427.977 431.168
428.248 399.262
428.519 408.355
428.791 360.449
429.062 401.542
429.333 350.635
429.604 316.728
429.875 420.821
430.146 483.913
430.417 466.006
430.689 437.098
430.960 340.190
431.231 362.281
431.502 492.373
431.773 507.464
432.044 437.555
432.315 527.646
432.586 485.737
432.858 467.828
433.129 344.918
433.400 415.008
433.671 485.098
433.942 398.188
434.213 312.277
434.484 348.367
434.755 432.456
435.027 330.545
435.298 375.634
435.569 453.723
435.840 424.811
436.116 388.899
436.391 441.987
436.667 458.075
436.942 530.163
437.218 601.250
437.493 583.338
437.769 588.425
438.045 474.512
438.320 479.599
438.596 490.685
438.871 453.772
439.147 441.858
439.422 373.944
439.698 300.030
439.974 323.115
440.249 491.201
440.525 522.286
440.800 299.371
441.076 402.456
441.351 581.541
441.627 609.626
441.903 517.710
442.178 387.794
442.454 409.879
442.729 576.962
443.005 463.046
443.281 501.130
443.556 617.213
443.832 530.296
444.107 421.379
444.383 462.462
444.658 467.545
444.934 414.627
445.210 578.710
445.485 576.792
445.761 568.874
446.036 508.956
446.312 559.037
446.587 598.119
446.863 466.200
447.139 473.281
447.414 495.362
447.690 523.443
447.965 557.524
448.241 507.604
448.516 480.684
448.792 471.765
449.068 525.845
449.343 522.924
449.619 465.004
449.894 506.084
450.170 503.163
450.445 587.242
450.721 600.321
450.997 437.400
451.272 520.478
451.548 493.557
451.823 450.635
452.099 508.713
452.375 447.792
452.650 423.869
452.926 501.947
453.201 484.025
453.477 657.102
453.752 596.179
454.028 456.256
454.304 493.333
454.579 566.410
454.855 594.487
455.130 557.563
455.406 625.639
455.681 569.715
455.957 511.791
456.233 499.867
456.508 497.943
456.784 490.018
457.059 516.094
457.335 649.169
457.610 563.244
457.886 485.319
458.162 493.393
458.437 498.468
458.713 540.543
458.988 544.617
459.264 638.691
459.539 624.765
459.815 596.839
460.091 522.912
460.366 432.986
460.642 424.059
460.917 458.133
461.193 478.206
461.468 433.279
461.744 450.351
462.020 380.424
462.295 453.497
462.571 473.569
462.846 472.641
463.122 563.713
463.397 572.785
463.673 440.416
463.949 448.480
464.224 512.487
464.500 560.511
464.775 475.142
465.051 437.339
465.327 449.835
465.602 537.281
465.878 562.863
466.153 413.669
466.429 553.014
466.704 689.258
466.980 599.707
467.256 602.777
467.531 665.512
467.807 633.183
468.082 571.128
468.358 542.598
468.633 519.201
468.909 474.090
469.185 470.616
469.460 572.768
469.736 600.604
470.011 435.517
470.287 452.250
470.562 601.417
470.838 488.066
471.114 551.254
471.389 529.100
471.665 469.036
471.940 539.418
472.216 538.474
472.491 467.152
472.767 492.035
473.043 561.069
473.318 597.648
473.594 500.353
473.869 477.532
474.145 506.084
474.421 486.823
474.696 464.510
474.972 398.859
475.247 461.514
475.523 562.944
475.798 584.992
476.074 528.455
476.350 490.843
476.625 489.372
476.901 513.903
477.176 517.519
477.452 482.471
477.727 424.551
478.003 337.803
478.279 448.641
478.554 542.203
478.830 568.252
479.105 545.844
479.381 490.588
479.656 406.475
479.932 476.037
480.208 534.324
480.483 552.048
480.759 548.068
481.034 502.124
481.310 439.561
481.585 435.714
481.861 461.988
482.137 420.297
482.412 508.468
482.688 483.414
482.963 480.985
483.239 555.716
483.514 434.536
483.790 455.729
484.066 618.173
484.341 503.845
484.617 458.539
484.892 512.414
485.168 511.481
485.443 430.516
485.719 486.243
485.995 567.681
486.270 548.348
486.546 480.063
486.821 423.744
487.097 401.249
487.373 443.320
487.648 555.696
487.924 561.108
488.199 389.693
488.475 297.414
488.750 349.831
489.026 456.219
489.302 364.031
489.577 357.850
489.853 397.714
490.128 515.304
490.404 518.772
490.679 400.435
490.955 538.909
491.231 624.988
491.506 548.358
491.782 417.708
492.057 320.488
492.333 409.586
492.608 430.192
492.884 449.818
493.160 339.308
493.435 373.363
493.711 480.283
493.986 409.350
494.262 398.043
494.537 385.355
494.813 449.577
495.089 363.631
495.364 388.246
495.640 442.329
495.915 398.181
496.191 520.084
496.467 539.372
496.742 489.182
497.018 464.537
497.293 413.260
497.569 522.420
497.844 486.877
498.120 494.853
498.396 480.018
498.671 459.696
498.947 531.251
499.222 485.115
499.498 391.126
499.773 476.753
500.049 505.676
500.325 455.337
500.600 505.303
500.876 492.851
501.151 554.076
501.427 579.788
501.702 617.612
501.978 596.561
502.254 569.620
502.529 496.668
502.805 589.871
503.080 625.803
503.356 504.390
503.631 508.995
503.907 556.639
504.183 496.977
504.458 555.736
504.734 516.806
505.009 537.083
505.285 494.158
505.560 513.935
505.836 503.376
506.112 487.235
506.387 480.204
506.663 464.605
506.938 433.314
507.214 438.423
507.490 453.185
507.765 513.326
508.041 556.770
508.316 564.895
508.592 472.169
508.867 541.163
509.143 631.124
509.419 554.794
509.694 463.463
509.970 422.392
510.245 399.576
510.521 493.228
510.796 431.848
511.072 390.940
511.348 471.967
511.623 486.973
511.899 473.643
512.174 546.710
512.450 573.996
512.725 561.149
513.001 422.884
513.277 351.228
513.552 519.556
513.828 507.733
514.103 490.534
514.379 597.577
514.654 517.710
514.930 502.007
515.206 769.473
515.481 696.902
515.757 478.152
516.032 428.810
516.308 523.724
516.583 568.139
516.859 475.553
517.135 462.943
517.410 541.780
517.686 554.461
517.961 528.270
518.237 515.654
518.513 423.706
518.788 520.055
519.064 503.655
519.339 493.560
519.615 477.687
519.890 473.416
520.166 462.409
520.442 557.295
520.717 583.328
520.993 620.545
521.268 518.936
521.544 454.497
521.819 439.261
522.095 506.064
522.371 595.749
522.646 585.248
522.922 638.373
523.197 592.442
523.473 627.327
523.748 609.191
524.024 538.423
524.300 490.621
524.575 461.958
524.851 512.721
525.126 578.241
525.402 568.313
525.677 579.841
525.953 527.706
526.229 547.827
526.504 468.970
526.780 570.861
527.055 560.925
527.331 580.108
527.606 626.685
527.882 650.053
528.158 535.777
528.433 597.311
528.709 528.257
528.984 519.664
529.260 552.438
529.535 587.494
529.811 511.649
530.087 427.018
530.362 432.290
530.638 483.891
530.913 574.550
531.189 585.766
531.465 523.068
531.740 554.535
532.016 567.687
532.291 542.585
532.567 519.456
532.842 554.383
533.118 581.152
533.394 629.332
533.669 513.868
533.945 442.900
534.220 460.453
534.496 572.921
534.771 513.093
535.047 547.783
535.323 562.033
535.598 574.211
535.874 561.142
536.149 557.824
536.425 539.821
536.700 461.586
536.976 533.122
537.252 651.450
537.527 523.449
537.803 501.881
538.078 602.712
538.354 687.317
538.629 630.949
538.905 660.519
539.181 733.856
539.456 695.437
539.732 833.382
540.007 864.026
540.283 756.227
540.558 739.727
540.834 731.342
541.110 657.850
541.385 598.486
541.661 712.390
541.936 764.674
542.212 685.429
542.488 724.123
542.763 813.362
543.039 802.305
543.314 783.498
543.590 717.783
543.865 685.054
544.141 733.755
544.417 800.330
544.692 702.059
544.968 818.287
545.243 770.434
545.519 649.551
545.794 741.689
546.070 796.402
546.348 688.777
546.627 570.837
546.905 747.565
547.183 763.003
547.461 803.759
547.740 913.034
548.018 761.895
548.296 674.783
548.575 639.074
548.853 602.371
549.131 619.293
549.409 646.497
549.688 722.925
549.966 718.005
550.244 796.418
550.523 761.971
550.801 743.435
551.079 780.325
551.357 790.256
551.636 789.514
551.914 762.355
552.192 713.085
552.471 811.557
552.749 853.347
553.027 778.727
553.306 808.481
553.584 904.882
553.862 806.782
554.140 826.467
554.419 816.241
554.697 860.354
554.975 901.624
555.254 882.208
555.532 665.564
555.810 713.733
556.088 841.884
556.367 757.209
556.645 662.152
556.923 704.019
557.202 723.780
557.480 766.804
557.758 656.495
558.036 622.584
558.315 634.969
558.593 725.035
558.871 680.541
559.150 626.122
559.428 648.721
559.706 579.819
559.984 594.740
560.263 726.314
560.541 670.092
560.819 593.702
561.098 611.828
561.376 611.864
561.654 561.900
561.932 480.667
562.211 567.195
562.489 623.907
562.767 549.448
563.046 485.650
563.324 473.703
563.602 569.295
563.880 516.001
564.159 523.714
564.437 595.155
564.715 512.268
564.994 444.165
565.272 549.766
565.550 478.325
565.828 400.124
566.107 487.024
566.385 529.301
566.663 500.037
566.942 465.009
567.220 454.477
567.498 635.718
567.776 494.407
568.055 387.711
568.333 517.553
568.611 574.461
568.890 546.557
569.168 477.184
569.446 456.423
569.725 457.424
570.003 378.231
570.281 384.434
570.559 515.996
570.838 527.179
571.116 555.825
571.394 588.805
571.673 602.989
571.951 511.376
572.229 498.788
572.507 541.095
572.786 533.874
573.064 536.375
573.342 581.200
573.621 474.075
573.899 534.597
574.177 692.379
574.455 599.248
574.734 520.612
575.012 570.548
575.290 535.881
575.569 577.617
575.847 629.248
576.125 579.232
576.403 515.002
576.682 587.322
576.960 574.720
577.243 600.762
577.527 514.688
577.810 443.786
578.093 454.119
578.377 524.220
578.660 549.945
578.944 540.097
579.227 546.150
579.510 547.716
579.794 504.642
580.077 464.532
580.360 482.883
580.644 509.215
580.927 533.611
581.210 551.537
581.494 529.760
581.777 606.878
582.061 544.767
582.344 477.546
582.627 442.684
582.911 459.666
583.194 464.150
583.477 596.917
583.761 600.942
584.044 597.981
584.327 556.653
584.611 508.733
584.894 550.724
585.178 521.786
585.461 523.816
585.744 559.813
586.028 498.405
586.311 530.437
586.594 562.470
586.878 488.502
587.161 490.534
587.444 555.566
587.728 547.598
588.011 529.630
588.295 435.662
588.578 485.209
588.861 578.148
589.145 519.758
589.428 534.324
589.711 420.822
589.995 440.413
590.278 604.281
590.562 494.917
590.845 452.496
591.128 594.790
591.412 577.856
591.695 545.497
591.978 672.729
592.262 672.433
592.545 521.572
592.828 566.036
593.112 475.772
593.395 439.911
593.679 475.360
593.962 554.076
594.245 510.769
594.529 501.845
594.812 462.609
595.095 376.533
595.379 513.850
595.662 543.218
595.945 520.862
596.229 404.304
596.512 427.296
596.796 507.037
597.079 560.030
597.362 657.090
597.646 655.481
597.929 546.708
598.212 490.862
598.496 498.797
598.779 593.102
599.062 690.861
599.346 526.034
599.629 431.857
599.913 477.766
600.196 488.633
600.479 545.268
600.763 549.776
601.046 458.262
601.329 481.380
601.613 547.799
601.896 541.929
602.179 590.541
602.463 547.348
602.746 560.148
603.030 597.505
603.313 578.301
603.596 467.437
603.880 501.321
604.163 510.174
604.446 445.060
604.730 383.385
605.013 475.993
605.296 501.953
605.580 513.735
605.863 586.241
606.147 472.655
606.430 441.342
606.713 500.625
606.997 476.658
607.280 596.572
607.563 527.129
607.847 493.406
608.130 511.051
608.414 561.459
608.697 540.940
608.980 520.929
609.264 575.389
609.547 479.849
609.830 475.959
610.114 525.938
610.397 508.336
610.680 517.651
610.964 563.792
611.247 544.211
611.531 452.526
611.814 388.765
612.097 418.234
612.381 510.988
612.664 577.268
612.947 507.619
613.231 496.852
613.514 484.597
613.797 540.616
614.081 543.591
614.364 505.308
614.648 435.590
614.931 378.643
615.214 378.670
615.498 415.451
615.781 460.178
616.064 400.166
616.348 495.665
616.631 580.910
616.914 639.420
617.198 551.407
617.481 494.291
617.765 491.847
618.048 504.205
618.331 446.976
618.615 408.907
618.898 566.049
619.181 620.423
619.465 538.966
619.748 418.321
620.031 401.930
620.315 391.453
620.598 459.328
620.882 558.123
621.165 691.905
621.448 610.420
621.732 539.412
622.015 463.817
622.298 420.900
622.582 470.249
622.865 432.783
623.148 376.865
623.432 516.785
623.715 466.762
623.999 615.167
624.282 617.819
624.565 607.016
624.849 501.409
625.132 423.817
625.415 591.182
625.699 652.350
625.982 543.395
626.265 529.354
626.549 521.774
626.832 590.487
627.116 587.483
627.399 483.469
627.682 913.972
627.966 742.886
628.249 483.613
628.532 471.093
628.816 584.517
629.099 491.772
629.383 496.311
629.666 495.345
629.949 510.822
630.233 499.892
630.516 493.475
630.799 547.915
631.083 486.161
631.366 418.300
631.649 400.998
631.933 391.815
632.216 511.286
632.500 561.922
632.783 542.834
633.066 492.387
633.350 527.699
633.633 533.006
633.916 524.249
634.200 493.043
634.483 526.119
634.766 558.064
635.050 549.827
635.333 468.452
635.617 430.549
635.900 516.012
636.183 574.662
636.467 518.376
636.750 494.780
637.033 512.728
637.317 497.193
637.600 469.493
637.883 485.976
638.167 495.862
638.450 462.185
638.734 416.328
639.017 478.148
639.300 514.688
639.584 469.327
639.867 614.345
640.150 552.628
640.434 557.328
640.717 568.045
641.000 561.525
641.284 549.398
641.567 480.711
641.851 559.201
642.134 653.815
642.417 639.207
642.701 762.372
642.984 758.878
643.267 697.587
643.551 661.093
643.834 584.884
644.117 612.448
644.401 625.228
644.684 717.096
644.968 857.432
645.251 924.192
645.534 926.091
645.818 964.574
646.101 1101.652
646.384 1204.022
646.668 1315.781
646.951 1359.934
647.235 1449.580
647.518 1526.669
647.801 1764.473
648.085 1954.388
648.368 1986.321
648.651 1996.682
648.935 2206.678
649.218 2376.192
649.501 2406.728
649.785 2545.726
650.068 2815.646
650.352 3035.512
650.635 3208.535
650.918 3373.371
651.202 3672.368
651.485 3919.942
651.768 4050.116
652.052 4085.552
652.335 4215.633
652.618 4346.836
652.902 4489.264
653.185 4769.072
653.469 4830.944
653.752 4782.072
654.035 4850.391
654.319 4963.935
654.602 5044.871
654.885 5064.550
655.169 5123.765
655.452 4996.078
655.735 5058.337
656.019 5169.534
656.302 5095.604
656.586 4982.158
656.869 5097.127
657.152 5124.398
657.436 5046.403
657.719 5097.780
658.002 5157.634
658.286 5250.745
658.569 5187.699
658.852 5179.616
659.136 5365.790
659.419 5306.929
659.703 5239.946
659.986 5289.715
660.269 5277.101
660.553 5135.582
660.836 5169.141
661.119 5259.610
661.403 5274.417
661.686 5204.984
661.969 5117.519
662.253 4989.373
662.536 4994.476
662.820 5035.077
663.103 4830.231
663.386 4779.542
663.670 4654.818
663.953 4364.040
664.236 4316.812
664.520 4237.806
664.803 4055.457
665.086 3916.758
665.370 3875.156
665.653 3747.518
665.937 3582.983
666.220 3396.392
666.503 3229.070
666.787 3095.218
667.070 2885.067
667.353 2697.080
667.637 2424.896
667.920 2421.875
668.204 2246.175
668.487 2023.409
668.770 2072.334
669.054 1903.312
669.337 1722.807
669.620 1622.930
669.904 1563.254
670.187 1570.985
670.470 1493.017
670.754 1340.997
671.037 1171.982
671.321 1102.368
671.604 1181.226
671.887 1123.091
672.171 1064.770
672.454 1053.478
672.737 1068.977
673.021 893.684
673.304 855.608
673.587 984.993
673.871 952.061
674.154 909.059
674.438 916.181
674.721 862.759
675.004 823.544
675.288 720.684
675.571 708.059
675.854 643.198
676.138 608.831
676.421 611.544
676.704 563.643
676.988 655.961
677.271 767.197
677.555 708.031
677.838 664.619
678.121 637.093
678.405 573.216
678.688 666.404
678.971 520.504
679.255 677.164
679.538 768.471
679.821 720.774
680.105 650.930
680.388 583.453
680.672 554.974
680.955 518.612
681.238 504.604
681.522 453.164
681.805 500.484
682.088 628.108
682.372 661.108
682.655 544.909
682.938 658.708
683.222 645.158
683.505 571.662
683.789 609.300
684.072 585.287
684.355 596.179
684.639 610.813
684.922 529.413
685.205 492.899
685.489 651.583
685.772 623.026
686.056 575.581
686.339 560.956
686.622 474.210
686.906 460.660
687.189 580.722
687.472 677.819
687.756 573.900
688.039 502.494
688.322 441.971
688.606 603.786
688.889 585.017
689.173 480.652
689.456 585.056
689.739 562.111
690.023 483.338
690.306 502.128
690.589 444.333
690.873 474.067
691.156 508.425
691.439 459.538
691.723 451.232
692.006 477.763
692.290 424.815
692.573 495.005
692.856 547.885
693.140 542.723
693.423 495.596
693.706 417.373
693.990 436.177
694.273 475.002
694.556 578.762
694.840 602.729
695.123 524.646
695.407 549.923
695.690 485.987
695.973 467.951
696.257 498.383
696.540 638.836
696.830 536.451
697.120 503.582
697.410 490.763
697.699 467.714
697.989 652.705
698.279 550.829
698.569 431.430
698.859 487.801
699.149 528.745
699.439 466.936
699.729 423.621
700.018 435.884
700.308 484.388
700.598 365.140
700.888 309.167
701.178 487.551
701.468 487.075
701.758 343.742
702.048 382.113
702.337 371.395
702.627 483.680
702.917 459.480
703.207 368.945
703.497 440.021
703.787 443.616
704.077 452.129
704.366 509.471
704.656 449.800
704.946 344.469
705.236 345.141
705.526 481.541
705.816 564.392
706.106 386.380
706.396 417.885
706.685 438.504
706.975 380.925
707.265 376.223
707.555 501.118
707.845 476.356
708.135 376.274
708.425 357.389
708.715 372.597
709.004 521.455
709.294 531.354
709.584 522.433
709.874 540.201
710.164 509.646
710.454 462.252
710.744 426.274
711.034 441.650
711.323 517.569
711.613 461.483
711.903 480.712
712.193 544.642
712.483 447.314
712.773 484.695
713.063 440.581
713.352 442.673
713.642 446.711
713.932 465.369
714.222 481.032
714.512 483.499
714.802 486.486
715.092 529.138
715.382 403.372
715.671 432.532
715.961 467.361
716.251 417.280
716.541 445.769
716.831 517.472
717.121 457.514
717.411 498.760
717.701 538.010
717.990 466.255
718.280 467.291
718.570 401.404
718.860 375.273
719.150 435.820
719.440 381.984
719.730 374.724
720.019 597.665
720.309 515.156
720.599 417.751
720.889 391.772
721.179 440.591
721.469 473.596
721.759 443.385
722.049 452.030
722.338 391.642
722.628 454.850
722.918 496.656
723.208 534.165
723.498 434.181
723.788 423.065
724.078 551.088
724.368 524.201
724.657 460.128
724.947 479.873
725.237 466.838
725.527 508.360
725.817 475.098
726.107 452.314
726.397 403.006
726.686 362.403
726.976 427.215
727.266 448.507
727.556 382.758
727.846 501.247
728.136 490.139
728.426 422.306
728.716 407.786
729.005 479.507
729.295 449.484
729.585 338.721
729.875 366.181
730.165 384.010
730.455 421.853
730.745 469.850
731.035 435.885
731.324 525.269
731.614 478.634
731.904 393.594
732.194 508.284
732.484 467.937
732.774 428.069
733.064 442.675
733.354 366.815
733.643 444.001
733.933 431.888
734.223 388.043
734.513 478.701
734.803 485.037
735.093 421.637
735.383 440.619
735.672 443.563
735.962 502.176
736.252 374.623
736.542 397.899
736.832 441.988
737.122 358.123
737.412 414.020
737.702 500.801
737.991 496.890
738.281 450.684
738.571 459.097
738.861 449.189
739.151 473.810
739.441 505.808
739.731 426.177
740.021 458.558
740.310 529.045
740.600 529.582
740.890 367.962
741.180 398.318
741.470 433.871
741.760 472.385
742.050 617.514
742.339 576.218
742.629 495.125
742.919 539.650
743.209 393.874
743.499 380.431
743.789 317.456
744.079 414.500
744.369 521.919
744.658 482.334
744.948 368.009
745.238 425.871
745.528 494.270
745.818 591.005
746.108 559.274
746.398 507.212
746.688 487.366
746.977 583.706
747.267 472.499
747.557 502.804
747.847 552.520
748.137 527.214
748.427 468.522
748.717 367.409
749.006 280.491
749.296 379.390
749.586 457.634
749.876 531.810
750.166 399.354
750.456 442.638
750.746 508.962
751.036 404.186
751.325 532.943
751.615 487.535
751.905 459.578
752.195 459.051
752.485 431.066
752.775 431.511
753.065 427.522
753.355 604.713
753.644 553.676
753.934 450.940
754.224 433.451
754.514 511.210
754.804 405.395
755.094 381.337
755.384 420.469
755.674 480.663
755.963 497.729
756.253 497.238
756.543 519.823
756.833 538.972
757.123 498.284
757.413 445.533
757.703 441.527
757.992 462.646
758.282 472.236
758.572 450.614
758.862 409.422
759.152 429.536
759.442 459.239
759.732 540.117
760.022 591.387
760.311 493.404
760.601 424.002
760.891 506.510
761.181 503.000
761.471 446.176
761.761 420.456
762.051 419.462
762.341 499.537
762.630 569.540
762.920 481.941
763.210 439.093
763.500 467.869
763.793 440.693
764.086 468.904
764.379 436.253
764.671 519.767
764.964 457.407
765.257 467.480
765.550 483.558
765.843 363.611
766.136 456.367
766.429 443.276
766.722 445.864
767.014 452.471
767.307 393.524
767.600 349.228
767.893 381.851
768.186 371.784
768.479 396.999
768.772 541.166
769.064 528.074
769.357 463.105
769.650 450.480
769.943 546.716
770.236 474.222
770.529 404.149
770.822 441.461
771.115 499.942
771.407 568.068
771.700 554.963
771.993 588.870
772.286 547.926
772.579 555.451
772.872 458.690
773.165 406.284
773.457 469.805
773.750 478.365
774.043 424.897
774.336 471.804
774.629 528.325
774.922 496.581
775.215 424.949
775.508 451.297
775.800 433.753
776.093 515.774
776.386 520.298
776.679 422.144
776.972 435.249
777.265 631.636
777.558 708.479
777.850 530.895
778.143 496.737
778.436 453.990
778.729 436.461
779.022 521.901
779.315 473.673
779.608 378.208
779.900 408.372
780.193 460.646
780.486 428.067
780.779 450.720
781.072 365.111
781.365 404.607
781.658 435.146
781.951 378.934
782.243 445.322
782.536 491.409
782.829 496.442
783.122 497.458
783.415 457.855
783.708 440.816
784.001 492.985
784.293 545.154
784.586 580.692
784.879 580.705
785.172 487.043
785.465 430.429
785.758 457.496
786.051 496.586
786.344 554.606
786.636 634.252
786.929 489.119
787.222 434.947
787.515 419.074
787.808 431.236
788.101 433.246
788.394 536.156
788.686 621.083
788.979 574.716
789.272 553.175
789.565 490.759
789.858 423.905
790.151 386.379
790.444 399.378
790.737 405.789
791.029 395.011
791.322 478.856
791.615 477.394
791.908 543.295
792.201 517.814
792.494 442.534
792.787 428.161
793.079 576.158
793.372 521.811
793.665 546.271
793.958 487.460
794.251 480.493
794.544 581.620
794.837 650.008
795.130 534.367
795.422 464.588
795.715 462.606
796.008 480.046
796.301 478.105
796.594 430.308
796.887 516.973
797.180 523.483
797.472 414.821
797.765 316.128
798.058 404.471
798.351 441.775
798.644 413.871
798.937 404.909
799.230 462.287
799.523 688.083
799.815 612.322
800.108 377.040
800.401 307.261
800.694 427.340
800.987 429.916
801.280 452.765
801.573 499.729
801.865 512.728
802.158 494.264
802.451 433.397
802.744 394.487
803.037 384.518
803.330 421.877
803.623 522.266
803.915 503.315
804.208 428.904
804.501 499.845
804.794 495.852
805.087 454.368
805.380 364.107
805.673 398.789
805.966 437.840
806.258 406.226
806.551 450.226
806.844 460.277
807.137 511.003
807.430 393.031
807.723 391.035
808.016 593.857
808.308 623.232
808.601 450.306
808.894 358.668
809.187 417.449
809.480 466.336
809.773 443.768
810.066 454.286
810.359 524.242
810.651 478.893
810.944 339.309
811.237 364.890
811.530 457.736
811.825 425.887
812.119 415.378
812.414 382.089
812.709 450.163
813.003 459.183
813.298 431.429
813.593 503.237
813.887 493.629
814.182 634.601
814.476 553.023
814.771 578.415
815.066 537.894
815.360 440.814
815.655 413.386
815.950 447.389
816.244 469.780
816.539 493.175
816.834 464.644
817.128 514.109
817.423 521.751
817.718 622.545
818.012 514.728
818.307 309.294
818.602 449.674
818.896 535.824
819.191 475.748
819.486 464.381
819.780 522.065
820.075 586.105
820.369 561.475
820.664 429.562
820.959 532.058
821.253 573.035
821.548 487.036
821.843 535.826
822.137 572.777
822.432 527.106
822.727 484.914
823.021 444.722
823.316 559.095
823.611 559.230
823.905 433.447
824.200 392.722
824.495 476.895
824.789 532.813
825.084 506.973
825.379 491.697
825.673 532.354
825.968 580.052
826.262 538.305
826.557 516.653
826.852 510.808
827.146 550.097
827.441 484.838
827.736 532.073
828.030 481.640
828.325 368.613
828.620 522.552
828.914 594.320
829.209 505.577
829.504 615.351
829.798 574.906
830.093 453.802
830.388 427.386
830.682 381.539
830.977 482.450
831.271 542.372
831.566 436.557
831.861 433.569
832.155 465.040
832.450 540.765
832.745 560.195
833.039 458.787
833.334 383.855
833.629 446.565
833.923 433.768
834.218 397.428
834.513 384.836
834.807 380.320
835.102 349.328
835.397 417.060
835.691 413.463
835.986 399.315
836.281 339.385
836.575 368.417
836.870 411.653
837.164 403.268
837.459 361.868
837.754 420.472
838.048 406.627
838.343 381.570
838.638 455.931
838.932 475.471
839.227 402.382
839.522 446.604
839.816 464.844
840.111 422.644
840.406 415.315
840.700 536.492
840.995 625.430
841.290 692.220
841.584 595.997
841.879 577.609
842.174 529.297
842.468 505.458
842.763 424.694
843.057 455.813
843.352 446.071
843.647 468.764
843.941 482.551
844.236 479.202
844.531 475.861
844.825 495.959
845.120 542.055
845.415 617.224
845.709 509.770
846.004 490.369
846.299 411.665
846.593 582.151
846.888 562.285
847.183 464.353
847.477 460.373
847.772 522.021
848.066 497.625
848.361 460.045
848.656 487.947
848.950 491.359
849.245 561.726
849.540 455.330
849.834 530.319
850.129 546.993
850.424 482.190
850.718 460.916
851.013 554.031
851.308 529.295
851.602 554.565
851.897 598.430
852.192 691.211
852.486 601.437
852.781 502.937
853.076 578.549
853.370 543.573
853.665 622.532
853.959 634.820
854.254 522.362
854.549 681.232
854.843 596.960
855.138 523.969
855.433 578.878
855.727 607.646
856.022 493.976
856.317 525.032
856.611 535.121
856.906 483.947
857.201 531.621
857.495 661.315
857.790 668.408
858.085 583.780
858.379 500.825
858.674 459.770
858.969 457.054
859.263 472.124
859.558 481.587
859.852 466.253
860.147 539.802
860.442 605.802
860.736 427.362
861.031 503.070
861.326 547.003
861.620 414.613
861.915 541.825
862.210 586.228
862.504 491.835
862.799 568.639
863.094 577.013
863.388 462.209
863.683 463.850
863.978 411.835
864.272 453.083
864.567 475.801
864.861 448.636
865.156 410.278
865.451 348.039
865.745 546.606
866.040 627.950
866.335 581.352
866.629 545.784
866.924 430.268
867.219 417.114
867.513 560.295
867.808 488.848
868.103 430.139
868.397 456.028
868.692 427.843
868.987 388.067
869.281 378.475
869.576 465.523
869.871 531.132
870.165 490.140
870.460 405.995
870.754 437.006
871.049 367.695
871.344 463.016
871.638 544.575
871.933 472.575
872.228 484.914
872.522 480.041
872.817 527.094
873.112 634.735
873.406 483.618
873.701 593.870
873.996 579.090
874.290 450.131
874.585 421.110
874.880 508.974
875.174 493.966
875.469 436.492
875.764 457.315
876.058 430.846
876.353 408.633
876.647 401.349
876.942 407.691
877.237 440.978
877.531 505.564
877.826 495.557
878.121 451.377
878.415 442.409
878.710 426.956
879.005 538.634
879.299 472.086
879.594 403.473
879.889 328.854
880.183 316.050
880.478 365.685
880.773 378.083
881.067 383.910
881.362 418.552
881.656 424.423
881.951 460.149
882.246 377.626
882.540 407.353
882.835 449.436
883.130 440.767
883.424 413.923
883.719 361.071
884.014 428.460
884.308 434.453
884.603 391.497
884.898 416.709
885.192 456.237
885.487 430.951
885.782 368.533
886.076 452.410
886.371 439.038
886.666 311.298
886.960 358.517
887.255 333.137
887.549 376.338
887.844 521.118
888.139 521.514
888.433 502.800
888.728 390.014
889.023 416.665
889.317 454.940
889.612 340.284
889.907 411.672
890.201 456.812
890.496 450.226
890.791 467.504
891.085 404.433
891.380 321.475
891.675 365.936
891.969 432.197
892.264 343.838
892.559 355.612
892.853 438.016
893.148 384.184
893.442 425.805
893.737 486.153
894.032 371.194
894.326 322.743
894.621 395.878
894.916 336.270
895.210 369.461
895.505 425.218
895.800 404.381
896.094 334.830
896.389 372.790
896.684 411.996
896.978 373.687
897.273 331.030
897.568 463.254
897.862 487.543
898.157 436.268
898.451 549.936
898.746 522.510
899.041 509.693
899.335 455.670
899.630 388.706
899.925 403.426
900.219 446.834
900.514 509.746
900.809 393.676
901.103 289.965
901.398 457.823
901.693 438.572
901.987 417.579
902.282 447.491
902.577 323.408
902.871 302.628
903.166 361.781
903.461 416.575
903.755 455.382
904.050 422.563
904.344 321.892
904.639 370.041
904.934 432.319
905.228 434.903
905.523 389.197
905.818 380.745
906.112 442.014
906.407 416.645
906.702 401.131
906.996 442.330
907.291 439.806
907.586 374.705
907.880 501.074
908.175 456.991
908.470 454.271
908.764 508.361
909.059 559.849
909.354 536.242
909.648 451.808
909.943 412.545
910.237 495.649
910.532 518.563
910.827 519.487
911.121 511.714
911.416 452.919
911.711 443.735
912.005 457.451
912.300 446.309
912.599 531.736
912.898 466.988
913.196 466.440
913.495 483.145
913.794 552.823
914.093 476.179
914.391 455.677
914.690 486.810
914.989 435.918
915.288 483.093
915.586 488.676
915.885 406.265
916.184 334.802
916.483 316.047
916.782 414.393
917.080 452.934
917.379 442.494
917.678 459.884
917.977 513.180
918.275 524.079
918.574 517.039
918.873 514.688
919.172 492.839
919.471 405.876
919.769 422.297
920.068 379.176
920.367 357.899
920.666 374.651
920.964 477.903
921.263 438.369
921.562 387.099
921.861 447.282
922.159 421.968
922.458 427.795
922.757 429.051
923.056 455.148
923.355 449.637
923.653 463.356
923.952 462.236
924.251 404.627
924.550 497.644
924.848 515.925
925.147 437.189
925.446 399.931
925.745 466.340
926.043 432.416
926.342 415.737
926.641 430.160
926.940 510.700
927.239 502.188
927.537 505.235
927.836 439.463
928.135 453.547
928.434 518.500
928.732 478.787
929.031 526.324
929.330 562.283
929.629 560.363
929.927 484.285
930.226 339.801
930.525 387.999
930.824 502.880
931.123 456.349
931.421 543.267
931.720 568.410
932.019 586.735
932.318 532.799
932.616 467.137
932.915 485.251
933.214 479.740
933.513 462.734
933.812 476.767
934.110 522.502
934.409 644.759
934.708 561.212
935.007 662.925
935.305 622.417
935.604 458.046
935.903 584.471
936.202 603.074
936.500 605.994
936.799 747.759
937.098 694.714
937.397 601.277
937.696 547.376
937.994 535.676
938.293 654.317
938.592 543.070
938.891 573.548
939.189 615.901
939.488 638.472
939.787 779.037
940.086 651.639
940.384 623.246
940.683 539.378
940.982 527.627
941.281 747.527
941.580 904.890
941.878 758.682
942.177 560.828
942.476 639.795
942.775 642.088
943.073 596.995
943.372 555.074
943.671 709.043
943.970 768.044
944.268 642.139
944.567 528.637
944.866 606.133
945.165 653.433
945.464 596.509
945.762 527.744
946.061 756.680
946.360 802.344
946.659 814.665
946.957 776.952
947.256 679.900
947.555 655.809
947.854 659.129
948.153 585.211
948.451 618.264
948.750 630.630
949.049 589.671
949.348 765.339
949.646 635.837
949.945 544.941
950.244 733.763
950.543 629.658
950.841 503.642
951.140 534.136
951.439 502.950
951.738 518.582
952.037 595.265
952.335 674.536
952.634 629.527
952.933 525.293
953.232 530.339
953.530 379.004
953.829 595.733
954.128 663.086
954.427 632.065
954.725 757.167
955.024 680.768
955.323 645.350
955.622 531.358
955.921 441.843
956.219 499.219
956.518 455.029
956.817 520.600
957.116 567.897
957.414 552.924
957.713 488.129
958.012 458.354
958.311 443.422
958.610 526.023
958.908 545.458
959.207 484.999
959.506 519.321
959.805 581.741
960.103 625.356
960.402 593.369
960.701 467.742
961.000 417.276
961.298 428.852
961.597 529.643
961.896 512.252
962.195 499.428
962.494 570.787
962.792 502.748
963.091 415.660
963.390 435.176
963.689 424.062
963.987 490.776
964.286 603.294
964.585 655.100
964.884 571.630
965.182 440.183
965.481 697.910
965.780 827.135
966.080 683.945
966.380 557.546
966.680 514.526
966.981 541.761
967.281 490.506
967.581 480.918
967.881 520.370
968.181 518.245
968.481 502.251
968.781 530.920
969.082 453.150
969.382 513.347
969.682 552.204
969.982 571.138
970.282 602.488
970.582 464.233
970.882 390.755
971.183 538.486
971.483 554.700
971.783 488.716
972.083 500.205
972.383 502.807
972.683 470.804
972.983 560.264
973.284 514.662
973.584 446.167
973.884 459.005
974.184 461.233
974.484 548.708
974.784 414.443
975.084 349.293
975.385 435.541
975.685 494.167
975.985 458.447
976.285 463.083
976.585 439.320
976.885 425.682
977.185 432.795
977.486 448.135
977.786 474.432
978.086 540.183
978.386 479.645
978.686 398.317
978.986 405.340
979.286 470.347
979.587 544.353
979.887 448.359
980.187 418.365
980.487 408.371
980.787 405.377
981.087 428.384
981.387 555.390
981.688 443.396
981.988 358.402
982.288 368.408
982.588 449.414
982.888 501.420
983.188 446.426
983.488 514.433
983.789 564.439
984.089 526.445
984.389 455.451
984.689 408.457
984.989 383.463
985.289 404.469
985.589 536.475
985.890 525.481
986.190 429.487
986.490 454.493
986.790 488.499
987.090 452.505
987.390 509.511
987.690 514.517
987.991 429.523
988.291 444.529
988.591 452.535
988.891 395.541
989.191 368.547
989.491 479.553
989.791 453.559
990.092 398.565
990.392 501.571
990.692 539.577
990.992 438.583
991.292 324.589
991.592 498.595
991.892 533.601
992.193 536.607
992.493 538.613
992.793 437.619
993.093 462.625
993.393 453.631
993.693 468.637
993.993 550.643
994.294 569.648
994.594 450.654
994.894 459.660
995.194 497.666
995.494 434.672
995.794 425.678
996.094 402.684
996.395 483.690
996.695 613.695
996.995 442.701
997.295 325.707
997.595 392.713
997.895 350.719
998.195 352.725
998.496 441.730
998.796 361.736
999.096 530.742
999.396 504.748
999.696 522.754
999.996 480.759
1000.296 541.765
1000.597 562.771
1000.897 426.777
1001.197 427.783
1001.497 584.788
1001.797 446.794
1002.097 393.800
1002.397 476.806
1002.698 501.811
1002.998 577.817
1003.298 539.823
1003.598 412.829
1003.898 371.834
1004.198 440.840
1004.498 511.846
1004.799 485.851
1005.099 551.857
1005.399 583.863
1005.699 603.869
1005.999 557.874
1006.299 445.880
1006.599 595.886
1006.900 582.891
1007.200 444.897
1007.500 516.903
1007.800 520.908
1008.100 422.914
1008.400 430.920
1008.700 439.925
1009.001 356.931
1009.301 414.936
1009.601 543.942
1009.901 567.948
1010.201 512.953
1010.501 487.959
1010.801 625.965
1011.102 487.970
1011.402 516.976
1011.702 407.981
1012.002 314.987
1012.302 453.992
1012.602 474.998
1012.902 491.004
1013.203 499.009
1013.503 540.015
1013.803 556.020
1014.103 443.026
1014.403 500.031
1014.703 421.037
1015.003 374.042
1015.304 570.048
1015.604 578.053
1015.904 413.059
1016.204 403.064
1016.504 413.070
1016.804 400.076
1017.104 412.081
1017.405 422.086
1017.705 367.092
1018.005 448.097
1018.305 498.103
1018.605 421.108
1018.905 342.114
1019.205 400.119
1019.506 601.125
1019.806 560.130
1020.106 484.136
1020.406 523.141
1020.706 493.147
1021.006 535.152
1021.306 628.157
1021.607 472.163
1021.907 578.168
1022.207 603.174
1022.507 450.179
1022.807 451.184
1023.107 447.190
1023.407 380.195
1023.708 424.201
1024.008 431.206
1024.308 459.211
1024.608 472.217
1024.908 407.222
1025.208 489.228
1025.508 609.233
1025.809 517.238
1026.109 417.244
1026.409 528.249
1026.709 500.254
1027.009 469.260
1027.309 530.265
1027.609 429.270
1027.910 400.276
1028.210 518.281
1028.510 575.286
1028.810 716.291
1029.110 638.297
1029.410 543.302
1029.710 629.307
1030.011 608.313
1030.311 585.318
1030.611 500.323
1030.911 491.328
1031.211 540.334
1031.511 451.339
1031.811 532.344
1032.112 579.350
1032.412 505.355
1032.712 404.360
1033.012 435.365
1033.312 575.370
1033.612 563.376
1033.912 497.381
1034.212 414.386
1034.513 410.391
1034.813 409.397
1035.113 527.402
1035.413 445.407
1035.713 501.412
1036.013 524.417
1036.313 497.423
1036.614 545.428
1036.914 467.433
1037.214 371.438
1037.514 477.443
1037.814 454.448
1038.114 471.454
1038.414 487.459
1038.715 512.464
1039.015 414.469
1039.315 399.474
1039.615 516.479
1039.915 436.484
1040.215 411.490
1040.515 448.495
1040.816 530.500
1041.116 477.505
1041.416 426.510
1041.716 391.515
1042.016 391.520
1042.316 505.525
1042.616 451.530
1042.917 404.535
1043.217 409.541
1043.517 400.546
1043.817 495.551
1044.117 504.556
1044.417 462.561
1044.717 445.566
1045.018 470.571
1045.318 537.576
1045.618 563.581
1045.918 449.586
1046.218 395.591
1046.518 441.596
1046.818 502.601
1047.119 466.606
1047.419 556.611
1047.719 452.616
1048.019 421.621
1048.319 512.626
1048.619 483.631
1048.919 510.636
1049.220 467.641
1049.520 524.646
1049.820 480.651
1050.120 427.656
1050.420 552.661
1050.720 511.666
1051.020 480.671
1051.321 515.676
1051.621 574.681
1051.921 484.686
1052.221 364.691
1052.521 360.696
1052.821 361.701
1053.121 456.706
1053.422 556.711
1053.722 576.715
1054.022 490.720
1054.322 584.725
1054.622 494.730
1054.922 406.735
1055.222 485.740
1055.523 516.745
1055.823 549.750
1056.123 559.755
1056.423 490.760
1056.723 562.764
1057.023 504.769
1057.323 364.774
1057.624 437.779
1057.924 517.784
1058.224 501.789
1058.524 431.794
1058.824 535.799
1059.124 485.803
1059.424 406.808
1059.725 482.813
1060.025 406.818
1060.325 450.823
1060.625 445.828
1060.925 440.832
1061.225 433.837
1061.525 512.842
1061.826 480.847
1062.126 508.852
1062.426 480.856
1062.726 508.861
1063.026 503.866
1063.326 669.871
1063.626 624.876
1063.927 530.880
1064.227 497.885
1064.527 364.890
1064.827 506.895
1065.127 459.899
1065.427 306.904
1065.727 371.909
1066.028 552.914
1066.328 560.918
1066.628 407.923
1066.928 402.928
1067.228 431.933
1067.528 409.937
1067.828 434.942
1068.129 365.947
1068.429 481.952
1068.729 564.956
1069.029 492.961
1069.329 431.966
1069.629 537.970
1069.929 578.975
1070.230 576.980
1070.530 523.984
1070.830 453.989
1071.130 503.994
1071.430 482.998
1071.730 511.003
1072.030 541.008
1072.331 410.012
1072.631 451.017
1072.931 515.022
1073.231 545.026
1073.531 512.031
1073.831 438.036
1074.131 464.040
1074.432 585.045
1074.732 483.050
1075.032 358.054
1075.332 385.059
1075.632 415.063
1075.932 441.068
1076.232 375.073
1076.533 376.077
1076.833 454.082
1077.133 412.087
1077.433 392.091
1077.733 441.096
1078.033 532.100
1078.333 472.105
1078.634 498.109
1078.934 520.114
1079.234 412.119
1079.534 524.123
1079.834 546.128
1080.134 475.132
1080.434 509.137
1080.735 505.141
1081.035 472.146
1081.335 367.150
1081.635 403.155
1081.935 458.160
1082.235 449.164
1082.535 443.169
1082.836 431.173
1083.136 467.178
1083.436 555.182
1083.736 596.187
1084.036 450.191
1084.336 379.196
1084.636 422.200
1084.937 515.205
1085.237 574.209
1085.537 463.214
1085.837 481.218
1086.137 469.223
1086.437 496.227
1086.737 501.232
1087.038 509.236
1087.338 531.241
1087.638 522.245
1087.938 368.249
1088.238 287.254
1088.538 429.258
1088.838 545.263
1089.139 506.267
1089.439 393.272
1089.739 539.276
1090.039 558.281
1090.339 554.285
1090.639 427.289
1090.939 463.294
1091.240 415.298
1091.540 434.303
1091.840 430.307
1092.140 497.311
1092.453 553.316
1092.766 514.320
1093.079 491.325
1093.392 472.329
1093.705 433.333
1094.018 447.338
1094.330 567.342
1094.643 505.347
1094.956 505.351
1095.269 468.355
1095.582 513.360
1095.895 452.364
1096.208 374.368
1096.521 404.373
1096.834 472.377
1097.147 456.381
1097.460 511.386
1097.773 548.390
1098.085 438.394
1098.398 420.399
1098.711 415.403
1099.024 389.407
1099.337 475.412
1099.650 529.416
1099.963 539.420
1100.276 439.425
1100.589 430.429
1100.902 513.433
1101.215 495.438
1101.528 502.442
1101.841 476.446
1102.153 513.450
1102.466 537.455
1102.779 415.459
1103.092 408.463
1103.405 476.468
1103.718 445.472
1104.031 490.476
1104.344 586.480
1104.657 468.485
1104.970 663.489
1105.283 555.493
1105.596 420.497
1105.909 442.502
1106.221 519.506
1106.534 512.510
1106.847 427.514
1107.160 349.519
1107.473 329.523
1107.786 452.527
1108.099 373.531
1108.412 369.535
1108.725 478.540
1109.038 412.544
1109.351 460.548
1109.664 474.552
1109.977 402.556
1110.289 455.561
1110.602 405.565
1110.915 385.569
1111.228 471.573
1111.541 428.577
1111.854 416.582
1112.167 347.586
1112.480 378.590
1112.793 436.594
1113.106 422.598
1113.419 492.602
1113.732 457.607
1114.044 409.611
1114.357 479.615
1114.670 501.619
1114.983 418.623
1115.296 421.627
1115.609 466.631
1115.922 462.636
1116.235 545.640
1116.548 497.644
1116.861 399.648
1117.174 395.652
1117.487 431.656
1117.800 562.660
1118.112 461.664
1118.425 436.668
1118.738 439.673
1119.051 410.677
1119.364 428.681
1119.677 483.685
1119.990 459.689
1120.303 475.693
1120.616 527.697
1120.929 455.701
1121.242 480.705
1121.555 492.709
1121.868 488.713
1122.180 462.717
1122.493 379.722
1122.806 406.726
1123.119 450.730
1123.432 508.734
1123.745 477.738
1124.058 425.742
1124.371 427.746
1124.684 512.750
1124.997 512.754
1125.310 518.758
1125.623 415.762
1125.935 344.766
1126.248 396.770
1126.561 494.774
1126.874 470.778
1127.187 517.782
1127.500 560.786
1127.813 533.790
1128.126 498.794
1128.439 476.798
1128.752 546.802
1129.065 458.806
1129.378 317.810
1129.691 413.814
1130.003 482.818
1130.316 431.822
1130.629 369.826
1130.942 474.830
1131.255 467.834
1131.568 364.838
1131.881 409.842
1132.194 447.846
1132.507 411.850
1132.820 411.854
1133.133 533.858
1133.446 451.862
1133.759 615.865
1134.071 908.869
1134.384 625.873
1134.697 555.877
1135.010 568.881
1135.323 490.885
1135.636 399.889
1135.949 414.893
1136.262 425.897
1136.575 424.901
1136.888 452.905
1137.201 465.909
1137.514 420.912
1137.826 487.916
1138.139 449.920
1138.452 455.924
1138.765 599.928
1139.078 660.932
1139.391 622.936
1139.704 513.940
1140.017 464.944
1140.330 391.947
1140.643 401.951
1140.956 438.955
1141.269 475.959
1141.582 516.963
1141.894 476.967
1142.207 584.971
1142.520 531.974
1142.833 529.978
1143.146 452.982
1143.459 422.986
1143.772 425.990
1144.085 480.994
1144.398 420.998
1144.711 455.001
1145.024 464.005
1145.337 464.009
1145.650 482.013
1145.962 408.017
1146.275 444.020
1146.588 355.024
1146.901 479.028
1147.214 502.032
1147.527 411.036
1147.840 478.039
1148.153 448.043
1148.466 402.047
1148.779 424.051
1149.092 516.055
1149.405 420.058
1149.718 430.062
1150.030 507.066
1150.343 462.070
1150.656 426.073
1150.969 402.077
1151.282 586.081
1151.595 601.085
1151.908 483.089
1152.221 322.092
1152.534 343.096
1152.847 539.100
1153.160 487.104
1153.473 474.107
1153.785 515.111
1154.098 500.115
1154.411 557.118
1154.724 544.122
1155.037 578.126
1155.350 484.130
1155.663 526.133
1155.976 467.137
1156.289 516.141
1156.602 473.145
1156.915 377.148
1157.228 344.152
1157.541 433.156
1157.853 438.159
1158.166 477.163
1158.479 521.167
1158.792 451.170
1159.105 474.174
1159.418 515.178
1159.731 474.181
1160.044 465.185
1160.357 608.189
1160.670 529.193
1160.983 409.196
1161.296 525.200
1161.609 562.204
1161.921 482.207
1162.234 445.211
1162.547 345.215
1162.860 406.218
1163.173 406.222
1163.486 464.225
1163.799 512.229
1164.112 458.233
1164.425 462.236
1164.738 398.240
1165.051 359.244
1165.364 395.247
1165.676 464.251
1165.989 510.255
1166.302 508.258
1166.615 523.262
1166.928 483.265
1167.241 538.269
1167.554 567.273
1167.867 533.276
1168.180 510.280
1168.493 394.283
1168.806 428.287
1169.119 457.291
1169.432 526.294
1169.744 504.298
1170.057 463.301
1170.370 512.305
1170.683 525.309
1170.996 440.312
1171.309 434.316
1171.622 435.319
1171.935 453.323
1172.248 577.326
1172.561 536.330
1172.874 498.334
1173.187 510.337
1173.500 508.341
1173.812 511.344
1174.125 534.348
1174.438 540.351
1174.751 426.355
1175.064 454.358
1175.377 561.362
1175.690 460.365
1176.003 446.369
1176.316 453.373
1176.629 442.376
1176.942 469.380
1177.255 464.383
1177.567 411.387
1177.880 431.390
1178.193 486.394
1178.506 427.397
1178.819 494.401
1179.132 521.404
1179.445 383.408
1179.758 535.411
1180.071 554.415
1180.384 462.418
1180.697 462.422
1181.010 512.425
1181.323 581.429
1181.635 551.432
1181.948 540.436
1182.261 484.439
1182.574 435.443
1182.887 467.446
1183.200 552.449
1183.513 530.453
1183.826 470.456
1184.139 452.460
1184.452 487.463
1184.765 456.467
1185.078 439.470
1185.391 445.474
1185.703 408.477
1186.016 369.481
1186.329 383.484
1186.642 454.487
1186.955 524.491
1187.268 435.494
1187.581 512.498
1187.894 518.501
1188.207 540.505
1188.520 458.508
1188.833 477.511
1189.146 398.515
1189.459 346.518
1189.771 468.522
1190.084 543.525
1190.397 389.528
1190.710 450.532
1191.023 457.535
1191.336 416.539
1191.649 431.542
1191.962 488.545
1192.275 456.549
1192.588 532.552
1192.901 623.556
1193.214 524.559
1193.526 494.562
1193.839 482.566
1194.152 402.569
1194.465 455.573
1194.778 435.576
1195.091 484.579
1195.404 447.583
1195.717 480.586
1196.030 555.589
1196.343 464.593
1196.656 404.596
1196.969 460.599
1197.282 534.603
1197.594 522.606
1197.907 635.609
1198.220 612.613
1198.533 426.616
1198.846 401.619
1199.159 408.623
1199.472 416.626
1199.785 498.629
1200.098 414.633
1200.411 465.636
1200.724 457.639
1201.037 417.643
1201.350 392.646
1201.662 388.649
1201.975 499.653
1202.288 490.656
1202.601 181.659
