165.028 -24.110
165.288 -21.043
165.547 -17.974
165.807 0.094
166.067 -5.837
166.327 -18.768
166.587 8.302
166.847 -11.628
167.107 -39.558
167.367 -26.487
167.627 4.584
167.886 22.655
168.146 39.726
168.406 1.798
168.666 15.870
168.926 33.943
169.186 -30.984
169.446 -36.911
169.706 -31.838
169.966 -12.764
170.225 -5.690
170.485 8.384
170.745 47.458
171.005 46.533
171.265 53.608
171.525 32.684
171.785 -19.241
172.045 3.835
172.305 41.911
172.564 8.988
172.824 -18.936
173.084 42.141
173.344 2.219
173.604 -0.704
173.864 32.374
174.124 49.452
174.384 31.530
174.644 -27.392
174.903 10.687
175.163 15.766
175.423 44.845
175.683 26.924
175.943 44.004
176.203 25.083
176.463 -37.837
176.723 -32.756
176.983 -54.676
177.242 -38.595
177.502 28.485
177.762 67.566
178.022 27.648
178.282 -12.271
178.542 1.811
178.802 -6.107
179.062 9.975
179.322 35.057
179.581 -7.861
179.841 -36.778
180.101 15.304
180.361 12.387
180.621 17.470
180.881 -15.446
181.141 14.637
181.401 24.721
181.661 39.804
181.920 49.888
182.180 30.972
182.440 31.056
182.700 9.141
182.960 -4.775
183.220 40.310
183.480 30.394
183.740 -22.521
184.000 1.564
184.259 -12.350
184.519 -8.265
184.779 24.820
185.039 26.906
185.299 37.991
185.559 62.077
185.819 48.163
186.079 27.249
186.339 31.335
186.598 11.421
186.858 -21.492
187.118 16.594
187.378 52.681
187.638 57.767
187.898 41.854
188.158 27.941
188.418 15.028
188.678 -4.885
188.937 17.202
189.197 23.289
189.457 -18.624
189.717 -11.536
189.977 -18.449
190.237 17.638
190.497 59.726
190.757 35.813
191.017 3.901
191.276 -13.011
191.536 12.077
191.796 -3.835
192.056 -9.748
192.316 4.340
192.576 2.428
192.836 0.516
193.096 21.605
193.356 10.693
193.616 9.781
193.875 -22.131
194.135 -24.043
194.395 22.046
194.655 59.134
194.915 47.222
195.175 55.311
195.435 61.399
195.695 -9.512
195.955 -49.424
196.214 -2.335
196.474 34.753
196.734 73.842
196.994 46.930
197.254 6.019
197.514 -5.893
197.774 31.196
198.034 -15.715
198.294 -10.627
198.553 -14.538
198.813 -3.450
199.073 18.639
199.333 11.728
199.593 25.816
199.853 -8.095
200.113 17.993
200.373 48.082
200.633 30.170
200.892 -12.741
201.152 -33.653
201.412 -4.564
201.672 8.524
201.932 42.613
202.192 20.701
202.452 -6.210
202.712 11.878
202.972 19.966
203.231 15.055
203.491 -8.857
203.751 -7.769
204.011 -11.680
204.271 15.408
204.531 0.496
204.791 28.584
205.051 83.672
205.311 49.760
205.570 16.848
205.830 -19.064
206.090 -41.976
206.350 -14.888
206.610 53.200
206.870 23.287
207.130 8.375
207.390 4.463
207.650 21.550
207.909 27.638
208.169 43.725
208.429 39.812
208.689 9.900
208.949 2.987
209.209 29.074
209.469 14.161
209.729 -7.752
209.989 -0.665
210.248 24.422
210.508 56.509
210.768 43.596
211.028 13.683
211.288 38.769
211.548 33.856
211.808 66.942
212.068 89.029
212.328 48.115
212.587 20.201
212.847 21.288
213.107 60.374
213.367 50.460
213.627 2.546
213.887 11.631
214.147 10.717
214.407 13.803
214.667 -0.112
214.926 20.974
215.186 22.059
215.446 65.144
215.706 16.229
215.966 -51.685
216.226 -3.600
216.486 15.484
216.746 13.569
217.006 10.654
217.265 37.738
217.525 38.823
217.785 -7.093
218.045 -15.008
218.305 3.076
218.565 5.160
218.825 35.244
219.085 37.328
219.345 55.411
219.604 53.495
219.864 47.579
220.124 25.662
220.384 38.745
220.644 27.828
220.904 21.911
221.164 14.994
221.424 26.077
221.684 9.160
221.943 -9.757
222.203 23.325
222.463 10.407
222.723 -21.510
222.983 -19.428
223.243 8.654
223.503 44.736
223.763 30.818
224.023 12.899
224.282 1.981
224.542 44.062
224.802 71.143
225.062 2.225
225.322 16.306
225.582 52.387
225.842 32.467
226.102 24.548
226.362 55.629
226.621 68.709
226.881 66.789
227.141 40.869
227.401 28.949
227.661 -12.971
227.921 -18.891
228.181 0.189
228.441 1.268
228.701 21.347
228.960 89.427
229.220 26.506
229.480 -27.415
229.740 12.663
230.000 25.742
230.260 -9.179
230.520 -27.101
230.780 32.977
231.040 40.056
231.299 20.134
231.559 32.211
231.819 38.289
232.079 67.367
232.339 51.444
232.599 12.521
232.859 27.599
233.119 0.676
233.379 -20.248
233.638 -0.171
233.898 34.906
234.158 42.982
234.418 22.059
234.678 50.135
234.938 44.211
235.198 -5.713
235.458 26.362
235.718 45.438
235.978 33.514
236.237 22.589
236.497 29.664
236.757 81.739
237.017 9.814
237.277 -32.111
237.537 2.963
237.797 -3.962
238.057 34.112
238.317 23.186
238.576 2.260
238.836 17.334
239.096 47.408
239.356 75.481
239.616 0.555
239.876 -6.372
240.136 7.701
240.396 18.774
240.656 68.847
240.915 93.920
241.175 80.992
241.435 74.065
241.695 54.137
241.955 38.209
242.215 20.281
242.475 66.353
242.735 18.424
242.995 22.496
243.254 64.567
243.514 24.638
243.774 14.709
244.034 6.780
244.294 51.851
244.554 12.922
244.814 23.992
245.074 40.062
245.334 24.133
245.593 37.203
245.853 16.272
246.113 -6.658
246.373 32.412
246.633 37.481
246.893 15.550
247.153 56.619
247.413 57.688
247.673 22.757
247.932 25.826
248.192 -10.106
248.452 -3.037
248.712 64.031
248.972 27.099
249.232 27.167
249.492 -16.765
249.752 -13.698
250.012 44.370
250.271 51.437
250.531 64.504
250.791 75.571
251.051 52.638
251.311 51.705
251.571 45.771
251.831 35.838
252.091 27.904
252.351 -3.030
252.610 13.036
252.870 30.102
253.130 46.168
253.390 22.233
253.650 41.298
253.911 33.364
254.172 28.429
254.433 31.494
254.694 37.558
254.955 33.623
255.216 34.687
255.477 63.752
255.738 54.816
255.999 5.880
256.261 27.944
256.522 42.008
256.783 60.071
257.044 24.135
257.305 -12.802
257.566 -12.739
257.827 -10.676
258.088 24.387
258.349 -7.551
258.610 36.512
258.871 40.574
259.132 39.637
259.393 32.699
259.654 45.761
259.915 -7.177
260.176 23.884
260.437 55.946
260.698 35.007
260.959 43.068
261.221 79.129
261.482 46.190
261.743 34.251
262.004 37.312
262.265 22.372
262.526 3.433
262.787 31.493
263.048 38.553
263.309 9.613
263.570 38.673
263.831 53.732
264.092 -0.208
264.353 -44.149
264.614 -17.090
264.875 1.969
265.136 46.028
265.397 54.087
265.658 19.145
265.919 55.204
266.181 79.262
266.442 25.320
266.703 9.379
266.964 6.436
267.225 -10.506
267.486 9.552
267.747 -13.391
268.008 -12.333
268.269 65.724
268.530 89.781
268.791 84.838
269.052 24.895
269.313 15.951
269.574 37.008
269.835 0.064
270.096 18.120
270.357 60.176
270.618 68.232
270.879 41.288
271.141 35.344
271.402 43.399
271.663 34.455
271.924 58.510
272.185 35.565
272.446 9.620
272.707 27.675
272.968 46.730
273.229 48.784
273.490 52.839
273.751 37.893
274.012 -6.053
274.273 31.001
274.534 40.055
274.795 11.109
275.056 30.162
275.317 21.216
275.578 6.269
275.839 21.322
276.101 38.376
276.362 34.429
276.623 4.481
276.884 83.534
277.145 87.587
277.406 37.639
277.667 47.691
277.928 59.743
278.189 106.795
278.450 102.847
278.711 59.899
278.972 40.951
279.233 29.002
279.494 56.054
279.755 76.105
280.016 44.156
280.277 71.207
280.538 58.258
280.799 15.308
281.061 7.359
281.322 7.409
281.583 49.460
281.844 17.510
282.105 25.560
282.366 36.610
282.627 37.660
282.888 56.710
283.149 15.759
283.410 38.809
283.671 91.858
283.932 97.907
284.193 32.956
284.454 -13.995
284.715 10.054
284.976 31.103
285.237 77.151
285.498 114.200
285.759 64.248
286.021 35.296
286.282 -6.656
286.543 7.392
286.804 51.440
287.065 42.488
287.326 18.535
287.587 16.583
287.848 54.630
288.109 54.677
288.370 27.724
288.631 35.771
288.892 31.818
289.153 34.865
289.414 42.911
289.675 81.958
289.936 64.004
290.197 63.050
290.458 85.097
290.719 64.143
290.981 44.188
291.242 93.234
291.503 60.280
291.764 6.325
292.025 -2.629
292.286 10.416
292.547 43.461
292.808 44.506
293.069 9.551
293.330 9.596
293.591 68.641
293.852 56.686
294.113 27.730
294.374 52.774
294.635 61.819
294.896 30.863
295.157 45.907
295.418 83.951
295.679 49.995
295.941 7.038
296.202 30.082
296.463 34.125
296.724 47.169
296.985 82.212
297.246 82.255
297.507 43.298
297.768 56.341
298.029 68.384
298.290 49.426
298.551 68.469
298.812 105.511
299.073 65.554
299.334 51.596
299.595 61.638
299.856 54.680
300.117 70.722
300.378 45.764
300.639 62.806
300.901 65.847
301.162 37.889
301.423 41.930
301.684 82.971
301.945 94.012
302.206 68.053
302.467 31.094
302.728 -1.865
302.989 -2.824
303.250 57.217
303.511 84.257
303.772 48.298
304.033 36.338
304.294 56.378
304.555 60.418
304.816 65.458
305.077 105.498
305.338 62.538
305.599 15.578
305.861 57.617
306.122 68.657
306.383 59.696
306.644 67.735
306.905 25.774
307.166 99.813
307.427 94.852
307.688 11.891
307.949 13.930
308.210 4.969
308.471 15.007
308.732 65.046
308.993 30.084
309.254 41.122
309.515 50.161
309.776 69.199
310.037 73.237
310.298 3.275
310.559 -16.688
310.821 26.350
311.082 17.388
311.343 35.425
311.604 42.463
311.865 38.500
312.126 -17.463
312.387 -3.426
312.648 20.611
312.909 19.648
313.170 33.685
313.434 56.722
313.698 38.758
313.963 -0.205
314.227 30.831
314.491 44.867
314.755 21.904
315.019 49.940
315.284 40.976
315.548 53.012
315.812 83.048
316.076 90.084
316.340 66.119
316.604 67.155
316.869 75.190
317.133 64.226
317.397 63.261
317.661 56.296
317.925 8.331
318.190 0.366
318.454 18.401
318.718 63.436
318.982 80.471
319.246 79.506
319.511 64.540
319.775 29.575
320.039 63.609
320.303 51.644
320.567 24.678
320.832 6.712
321.096 24.746
321.360 40.780
321.624 61.814
321.888 45.848
322.153 27.881
322.417 50.915
322.681 35.949
322.945 5.982
323.209 65.015
323.473 54.049
323.738 44.082
324.002 25.115
324.266 67.148
324.530 95.181
324.794 36.214
325.059 -3.753
325.323 -10.721
325.587 42.312
325.851 52.345
326.115 90.377
326.380 67.409
326.644 57.442
326.908 67.474
327.172 34.506
327.436 33.538
327.701 24.570
327.965 15.602
328.229 59.634
328.493 42.665
328.757 29.697
329.022 14.728
329.286 56.760
329.550 57.791
329.814 63.823
330.078 43.854
330.342 -36.115
330.607 -41.084
330.871 19.947
331.135 61.978
331.399 90.009
331.663 83.039
331.928 44.070
332.192 64.101
332.456 74.131
332.720 60.162
332.984 41.192
333.249 16.222
333.513 77.252
333.777 78.283
334.041 59.313
334.305 79.343
334.570 75.372
334.834 52.402
335.098 39.432
335.362 51.462
335.626 55.491
335.891 27.521
336.155 61.550
336.419 52.580
336.683 -2.391
336.947 18.638
337.211 61.667
337.476 44.696
337.740 45.725
338.004 26.754
338.268 35.783
338.532 80.812
338.797 32.841
339.061 44.869
339.325 59.898
339.589 32.926
339.853 -7.045
340.118 23.983
340.382 66.011
340.646 83.039
340.910 76.068
341.174 79.096
341.439 61.124
341.703 45.152
341.967 52.179
342.231 76.207
342.495 58.235
342.759 37.263
343.024 74.290
343.288 106.318
343.552 61.345
343.816 25.372
344.080 -0.600
344.345 -4.573
344.609 40.454
344.873 40.481
345.137 6.508
345.401 18.535
345.666 4.562
345.930 51.589
346.194 55.616
346.458 32.642
346.722 15.669
346.987 33.695
347.251 59.722
347.515 51.748
347.779 32.775
348.043 26.801
348.308 54.827
348.572 28.853
348.836 32.879
349.100 25.905
349.364 9.931
349.628 72.957
349.893 76.983
350.157 55.009
350.421 11.035
350.685 -16.940
350.949 0.086
351.214 59.111
351.478 60.137
351.742 36.162
352.006 75.187
352.270 34.213
352.535 -12.762
352.799 24.263
353.063 35.288
353.327 31.313
353.591 36.338
353.856 26.363
354.120 39.388
354.384 47.413
354.648 57.437
354.912 51.462
355.177 33.486
355.441 42.511
355.705 75.535
355.969 58.560
356.233 60.584
356.497 80.608
356.762 111.633
357.026 109.657
357.290 127.681
357.554 74.705
357.818 41.729
358.083 44.753
358.347 51.777
358.611 56.801
358.875 74.824
359.139 51.848
359.404 59.872
359.668 97.895
359.932 65.919
360.196 43.942
360.460 34.966
360.725 10.989
360.989 45.012
361.253 74.035
361.517 67.059
361.781 73.082
362.046 92.105
362.310 86.128
362.574 47.151
362.838 17.174
363.102 42.196
363.366 84.219
363.631 57.242
363.895 51.265
364.159 76.287
364.423 61.310
364.687 84.332
364.952 61.355
365.216 110.377
365.480 79.399
365.747 12.422
366.013 36.444
366.280 35.466
366.546 44.488
366.813 82.510
367.079 58.532
367.346 23.554
367.612 75.576
367.879 72.598
368.145 65.620
368.412 51.642
368.678 24.663
368.945 52.685
369.211 71.707
369.478 73.728
369.744 38.750
370.011 2.771
370.278 15.792
370.544 41.814
370.811 64.835
371.077 80.856
371.344 76.877
371.610 58.899
371.877 71.920
372.143 56.941
372.410 71.962
372.676 88.983
372.943 81.003
373.209 46.024
373.476 30.045
373.742 56.066
374.009 53.086
374.276 35.107
374.542 81.128
374.809 74.148
375.075 -3.831
375.342 -13.811
375.608 -13.791
375.875 18.230
376.141 81.250
376.408 95.270
376.674 44.290
376.941 12.311
377.207 17.331
377.474 72.351
377.740 53.371
378.007 45.391
378.273 80.411
378.540 114.430
378.807 86.450
379.073 85.470
379.340 61.490
379.606 62.509
379.873 35.529
380.139 56.549
380.406 55.568
380.672 89.588
380.939 89.607
381.205 83.626
381.472 51.646
381.738 17.665
382.005 9.684
382.271 39.704
382.538 36.723
382.804 22.742
383.071 45.761
383.338 47.780
383.604 75.799
383.871 65.818
384.137 19.837
384.404 33.856
384.670 69.874
384.937 7.893
385.203 4.912
385.470 54.931
385.736 45.949
386.003 47.968
386.269 61.986
386.536 59.005
386.802 57.023
387.069 80.042
387.336 108.060
387.602 107.078
387.869 18.097
388.135 7.115
388.402 18.133
388.668 32.151
388.935 31.169
389.201 81.188
389.468 68.206
389.734 84.224
390.001 32.241
390.267 43.259
390.534 76.277
390.800 93.295
391.067 56.313
391.333 49.331
391.600 68.348
391.867 97.366
392.133 52.384
392.400 -1.599
392.666 41.419
392.933 61.436
393.199 48.454
393.466 46.471
393.732 55.488
393.999 90.506
394.265 74.523
394.532 37.540
394.798 54.558
395.065 60.575
395.331 49.592
395.598 51.609
395.864 31.626
396.131 24.643
396.398 85.660
396.664 67.677
396.931 40.694
397.197 33.711
397.464 12.728
397.730 18.744
397.997 32.761
398.263 33.778
398.530 66.794
398.796 83.811
399.063 58.828
399.329 27.844
399.596 60.861
399.862 37.877
400.129 103.894
400.396 103.910
400.662 61.926
400.929 67.943
401.195 54.959
401.462 52.975
401.728 67.992
401.995 69.008
402.261 58.024
402.528 67.040
402.794 80.056
403.061 107.072
403.327 118.088
403.594 79.104
403.860 99.120
404.127 76.136
404.393 128.152
404.660 200.168
404.931 165.183
405.202 148.199
405.473 128.215
405.745 146.230
406.016 195.246
406.287 189.262
406.558 179.277
406.829 213.293
407.100 185.308
407.371 201.324
407.642 230.339
407.914 193.355
408.185 163.370
408.456 213.385
408.727 271.401
408.998 216.416
409.269 270.431
409.540 323.446
409.811 253.461
410.083 176.477
410.354 192.492
410.625 220.507
410.896 259.522
411.167 240.537
411.438 239.552
411.709 219.567
411.981 235.582
412.252 186.596
412.523 203.611
412.794 221.626
413.065 191.641
413.336 138.656
413.607 153.670
413.878 186.685
414.150 172.699
414.421 119.714
414.692 113.729
414.963 113.743
415.234 127.758
415.505 127.772
415.776 109.787
416.047 140.801
416.319 139.815
416.590 93.830
416.861 85.844
417.132 125.858
417.403 110.873
417.674 42.887
417.945 39.901
418.217 22.915
418.488 36.929
418.759 65.943
419.030 62.957
419.301 62.971
419.572 59.985
419.843 55.999
420.114 69.013
420.386 78.027
420.657 44.041
420.928 48.055
421.199 47.069
421.470 32.083
421.741 16.096
422.012 60.110
422.283 52.124
422.555 36.137
422.826 43.151
423.097 70.165
423.368 64.178
423.639 35.192
423.910 43.205
424.181 79.219
424.453 104.232
424.724 91.246
424.995 95.259
425.266 68.272
425.537 71.286
425.808 89.299
426.079 89.312
426.350 54.326
426.622 44.339
426.893 64.352
427.164 82.365
427.435 86.378
427.706 72.391
427.977 52.404
428.248 40.418
428.519 32.431
428.791 35.444
429.062 67.457
429.333 31.469
429.604 61.482
429.875 92.495
430.146 100.508
430.417 50.521
430.689 57.534
430.960 52.547
431.231 41.559
431.502 92.572
431.773 88.585
432.044 63.597
432.315 107.610
432.586 114.623
432.858 99.635
433.129 20.648
433.400 24.660
433.671 61.673
433.942 58.685
434.213 23.698
434.484 58.710
434.755 80.723
435.027 51.735
435.298 30.747
435.569 24.760
435.840 48.772
436.116 40.784
436.391 109.796
436.667 86.809
436.942 60.821
437.218 12.833
437.493 24.845
437.769 64.857
438.045 38.869
438.320 74.881
438.596 39.893
438.871 43.905
439.147 16.917
439.422 24.929
439.698 20.941
439.974 32.953
440.249 71.965
440.525 87.977
440.800 32.989
441.076 89.001
441.351 97.012
441.627 109.024
441.903 117.036
442.178 68.048
442.454 31.059
442.729 108.071
443.005 62.083
443.281 50.094
443.556 87.106
443.832 117.117
444.107 91.129
444.383 57.140
444.658 60.152
444.934 58.163
445.210 96.175
445.485 96.186
445.761 111.198
446.036 103.209
446.312 97.220
446.587 110.232
446.863 65.243
447.139 63.254
447.414 73.266
447.690 109.277
447.965 121.288
448.241 70.299
448.516 66.310
448.792 51.322
449.068 43.333
449.343 45.344
449.619 48.355
449.894 106.366
450.170 76.377
450.445 92.388
450.721 89.399
450.997 41.410
451.272 21.421
451.548 44.432
451.823 86.443
452.099 133.453
452.375 97.464
452.650 116.475
452.926 103.486
453.201 56.497
453.477 104.507
453.752 108.518
454.028 96.529
454.304 115.540
454.579 135.550
454.855 82.561
455.130 88.572
455.406 143.582
455.681 152.593
455.957 84.603
456.233 76.614
456.508 33.624
456.784 41.635
457.059 60.645
457.335 47.656
457.610 67.666
457.886 74.677
458.162 53.687
458.437 66.697
458.713 100.708
458.988 105.718
459.264 80.728
459.539 62.739
459.815 39.749
460.091 41.759
460.366 85.769
460.642 49.780
460.917 59.790
461.193 64.800
461.468 79.810
461.744 53.820
462.020 67.830
462.295 70.840
462.571 68.850
462.846 77.860
463.122 56.870
463.397 61.880
463.673 88.802
463.949 122.778
464.224 70.839
464.500 55.864
464.775 39.930
465.051 49.840
465.327 63.886
465.602 65.828
465.878 56.913
466.153 38.902
466.429 63.925
466.704 101.795
466.980 94.009
467.256 87.018
467.531 155.183
467.807 146.330
468.082 120.288
468.358 101.158
468.633 122.557
468.909 59.313
469.185 56.368
469.460 73.537
469.736 66.571
470.011 45.432
470.287 72.559
470.562 117.070
470.838 65.735
471.114 47.629
471.389 68.850
471.665 63.874
471.940 39.657
472.216 43.715
472.491 58.966
472.767 52.950
473.043 54.988
473.318 48.912
473.594 53.086
473.869 53.149
474.145 69.436
474.421 114.206
474.696 83.696
474.972 46.113
475.247 85.925
475.523 110.286
475.798 79.827
476.074 77.718
476.350 61.434
476.625 22.770
476.901 41.128
477.176 28.875
477.452 38.011
477.727 70.573
478.003 83.722
478.279 64.422
478.554 33.944
478.830 74.679
479.105 52.202
479.381 41.002
479.656 95.777
479.932 103.795
480.208 56.128
480.483 21.702
480.759 35.866
481.034 50.990
481.310 81.302
481.585 65.018
481.861 51.922
482.137 65.977
482.412 86.041
482.688 53.748
482.963 41.667
483.239 46.644
483.514 73.707
483.790 91.568
484.066 123.453
484.341 123.338
484.617 96.305
484.892 85.176
485.168 78.220
485.443 52.305
485.719 82.135
485.995 97.853
486.270 76.952
486.546 47.135
486.821 70.882
487.097 45.084
487.373 26.310
487.648 36.109
487.924 63.614
488.199 66.507
488.475 38.028
488.750 41.883
489.026 84.130
489.302 82.176
489.577 59.554
489.853 52.648
490.128 59.512
490.404 34.022
490.679 29.137
490.955 64.308
491.231 106.349
491.506 61.451
491.782 38.013
492.057 37.005
492.333 71.260
492.608 77.139
492.884 109.436
493.160 50.736
493.435 74.372
493.711 104.772
493.986 56.686
494.262 72.435
494.537 68.522
494.813 43.081
495.089 32.326
495.364 38.228
495.640 58.864
495.915 74.589
496.191 102.303
496.467 90.589
496.742 95.523
497.018 119.411
497.293 87.830
497.569 99.782
497.844 85.136
498.120 105.935
498.396 61.511
498.671 34.767
498.947 99.323
499.222 88.495
499.498 41.825
499.773 71.683
500.049 97.756
500.325 73.909
500.600 49.065
500.876 47.119
501.151 71.294
501.427 79.405
501.702 67.432
501.978 50.355
502.254 95.781
502.529 62.493
502.805 81.697
503.080 98.925
503.356 68.760
503.631 116.311
503.907 104.409
504.183 71.015
504.458 105.436
504.734 143.760
505.009 101.300
505.285 69.021
505.560 97.271
505.836 112.559
506.112 79.165
506.387 57.918
506.663 62.922
506.938 77.086
507.214 98.327
507.490 69.952
507.765 36.589
508.041 50.723
508.316 94.121
508.592 71.784
508.867 77.755
509.143 108.840
509.419 106.837
509.694 81.555
509.970 65.514
510.245 21.346
510.521 29.332
510.796 72.267
511.072 80.266
511.348 21.290
511.623 71.147
511.899 84.859
512.174 107.622
512.450 129.347
512.725 108.521
513.001 51.929
513.277 31.092
513.552 74.516
513.828 85.224
514.103 98.940
514.379 106.934
514.654 79.172
514.930 50.536
515.206 131.945
515.481 145.691
515.757 72.935
516.032 54.279
516.308 62.969
516.583 81.451
516.859 86.168
517.135 110.517
517.410 108.365
517.686 132.667
517.961 137.533
518.237 121.754
518.513 89.579
518.788 68.222
519.064 104.777
519.339 132.904
519.615 111.547
519.890 155.804
520.166 186.489
520.442 165.142
520.717 151.674
520.993 147.973
521.268 124.738
521.544 111.270
521.819 139.881
522.095 196.375
522.371 182.770
522.646 148.261
522.922 149.083
523.197 167.289
523.473 179.575
523.748 170.012
524.024 166.190
524.300 182.465
524.575 160.461
524.851 156.640
525.126 193.781
525.402 208.327
525.677 185.367
525.953 164.163
526.229 144.093
526.504 145.194
526.780 221.543
527.055 213.149
527.331 143.299
527.606 153.021
527.882 175.847
528.158 174.106
528.433 184.043
528.709 159.097
528.984 156.224
529.260 175.761
529.535 207.299
529.811 141.983
530.087 102.802
530.362 146.259
530.638 165.374
530.913 148.341
531.189 163.934
531.465 123.400
531.740 120.627
532.016 102.374
532.291 116.887
532.567 103.554
532.842 94.839
533.118 116.275
533.394 118.336
533.669 90.362
533.945 70.913
534.220 96.211
534.496 115.784
534.771 102.258
535.047 130.657
535.323 120.048
535.598 130.668
535.874 164.982
536.149 182.744
536.425 170.209
536.700 227.945
536.976 201.927
537.252 180.541
537.527 233.770
537.803 274.051
538.078 296.942
538.354 332.346
538.629 338.584
538.905 327.763
539.181 367.864
539.456 415.207
539.732 464.981
540.007 485.717
540.283 502.013
540.558 516.331
540.834 528.239
541.110 548.569
541.385 523.823
541.661 565.413
541.936 583.818
542.212 551.119
542.488 535.267
542.763 526.353
543.039 592.357
543.314 547.720
543.590 482.729
543.865 463.867
544.141 476.782
544.417 540.343
544.692 577.091
544.968 565.180
545.243 489.207
545.519 457.943
545.794 493.195
546.070 526.004
546.348 469.816
546.627 458.420
546.905 547.439
547.183 534.441
547.461 506.642
547.740 565.237
548.018 550.894
548.296 545.387
548.575 566.247
548.853 622.856
549.131 628.820
549.409 586.535
549.688 627.215
549.966 628.213
550.244 652.028
550.523 676.164
550.801 704.213
551.079 712.424
551.357 720.343
551.636 707.779
551.914 767.532
552.192 748.800
552.471 737.698
552.749 806.201
553.027 803.444
553.306 828.225
553.584 830.197
553.862 874.573
554.140 918.783
554.419 884.747
554.697 900.423
554.975 990.546
555.254 990.560
555.532 1007.176
555.810 999.369
556.088 927.321
556.367 878.641
556.645 945.885
556.923 946.863
557.202 882.780
557.480 866.394
557.758 809.303
558.036 737.533
558.315 710.941
558.593 665.447
558.871 622.858
559.150 577.215
559.428 553.497
559.706 475.776
559.984 401.963
560.263 452.689
560.541 415.249
560.819 335.693
561.098 326.398
561.376 317.750
561.654 255.255
561.932 191.983
562.211 181.052
562.489 166.648
562.767 185.687
563.046 210.846
563.324 176.100
563.602 168.589
563.880 143.480
564.159 115.654
564.437 151.981
564.715 139.656
564.994 49.450
565.272 91.681
565.550 116.526
565.828 77.295
566.107 26.411
566.385 51.443
566.663 82.108
566.942 68.743
567.220 95.646
567.498 99.588
567.776 58.247
568.055 84.213
568.333 112.103
568.611 79.568
568.890 93.061
569.168 126.064
569.446 100.103
569.725 77.886
570.003 72.094
570.281 83.773
570.559 82.811
570.838 77.088
571.116 72.322
571.394 68.451
571.673 59.793
571.951 65.681
572.229 51.122
572.507 95.880
572.786 142.671
573.064 128.209
573.342 99.976
573.621 72.859
573.899 52.376
574.177 90.518
574.455 128.734
574.734 127.886
575.012 105.386
575.290 119.206
575.569 116.386
575.847 77.251
576.125 95.902
576.403 57.690
576.682 46.935
576.960 109.101
577.243 128.684
577.527 109.111
577.810 33.253
578.093 48.084
578.377 94.626
578.660 125.263
578.944 79.813
579.227 77.006
579.510 109.792
579.794 110.898
580.077 112.775
580.360 79.161
580.644 88.182
580.927 83.304
581.210 55.475
581.494 54.594
581.777 88.376
582.061 125.321
582.344 89.558
582.627 95.545
582.911 112.498
583.194 70.699
583.477 70.704
583.761 72.704
584.044 53.747
584.327 69.789
584.611 46.816
584.894 90.777
585.178 127.745
585.461 92.784
585.744 74.807
586.028 88.886
586.311 98.890
586.594 97.895
586.878 80.899
587.161 78.904
587.444 67.908
587.728 59.913
588.011 91.917
588.295 59.922
588.578 55.870
588.861 92.838
589.145 71.935
589.428 124.063
589.711 116.944
589.995 68.879
590.278 91.861
590.562 41.957
590.845 25.935
591.128 69.826
591.412 89.791
591.695 88.886
591.978 62.853
592.262 65.917
592.545 98.692
592.828 115.760
593.112 107.673
593.395 104.687
593.679 60.762
593.962 77.698
594.245 78.620
594.529 57.729
594.812 69.605
595.095 57.738
595.379 78.481
595.662 98.444
595.945 72.532
596.229 39.726
596.512 31.730
596.796 62.490
597.079 64.412
597.362 71.347
597.646 57.433
597.929 54.470
598.212 107.780
598.496 101.855
598.779 107.682
599.062 101.763
599.346 49.447
599.629 68.140
599.913 77.929
600.196 62.170
600.479 108.373
600.763 96.661
601.046 43.377
601.329 65.078
601.613 75.834
601.896 60.105
602.179 59.068
602.463 78.719
602.746 107.210
603.030 153.383
603.313 111.038
603.596 54.124
603.880 80.545
604.163 78.588
604.446 83.412
604.730 43.260
605.013 84.317
605.296 73.630
605.580 58.943
605.863 116.733
606.147 99.107
606.430 101.070
606.713 82.384
606.997 48.189
607.280 85.327
607.563 64.783
607.847 62.769
608.130 55.060
608.414 59.903
608.697 97.088
608.980 120.694
609.264 137.483
609.547 106.990
609.830 73.693
610.114 80.553
610.397 85.454
610.680 102.986
610.964 122.800
611.247 156.137
611.531 140.593
611.814 57.181
612.097 16.950
612.381 43.407
612.664 77.801
612.947 65.047
613.231 77.809
613.514 83.783
613.797 95.575
614.081 56.286
614.364 97.547
614.648 64.152
614.931 46.474
615.214 48.442
615.498 77.009
615.781 59.372
616.064 72.171
616.348 120.403
616.631 91.954
616.914 98.757
617.198 79.154
617.481 40.734
617.765 22.040
618.048 23.053
618.331 36.877
618.615 43.834
618.898 67.553
619.181 90.284
619.465 122.029
619.748 100.272
620.031 93.444
620.315 44.977
620.598 64.867
620.882 62.949
621.165 95.819
621.448 101.786
621.732 102.886
622.015 79.010
622.298 76.180
622.582 98.216
622.865 54.361
623.148 21.398
623.432 45.468
623.715 88.515
623.999 125.808
624.282 97.825
624.565 118.147
624.849 115.132
625.132 75.045
625.415 82.105
625.699 88.246
625.982 104.395
626.265 100.566
626.549 86.326
626.832 106.532
627.116 66.132
627.399 26.741
627.682 143.626
627.966 84.069
628.249 -3.537
628.532 54.762
628.816 106.812
629.099 97.691
629.383 97.596
629.666 82.420
629.949 77.197
630.233 77.047
630.516 80.786
630.799 84.586
631.083 76.450
631.366 87.130
631.649 72.085
631.933 47.532
632.216 74.667
632.500 79.394
632.783 80.137
633.066 99.365
633.350 93.283
633.633 91.266
633.916 118.803
634.200 112.712
634.483 112.607
634.766 137.121
635.050 123.399
635.333 109.964
635.617 96.463
635.900 107.658
636.183 110.296
636.467 134.769
636.750 143.009
637.033 193.956
637.317 206.582
637.600 188.534
637.883 216.529
638.167 213.515
638.450 213.118
638.734 225.293
639.017 244.023
639.300 255.262
639.584 211.996
639.867 264.384
640.150 315.837
640.434 325.195
640.717 293.119
641.000 314.617
641.284 318.359
641.567 350.465
641.851 435.715
642.134 473.951
642.417 437.063
642.701 484.247
642.984 584.732
643.267 591.448
643.551 624.223
643.834 749.460
644.117 776.851
644.401 935.970
644.684 1083.115
644.968 1187.499
645.251 1360.872
645.534 1562.564
645.818 1705.156
646.101 2015.681
646.384 2228.829
646.668 2492.682
646.951 2815.690
647.235 3101.234
647.518 3410.447
647.801 3792.029
648.085 4129.317
648.368 4344.667
648.651 4760.084
648.935 5100.501
649.218 5474.327
649.501 5798.057
649.785 6173.015
650.068 6641.269
650.352 7053.587
650.635 7650.994
650.918 8251.423
651.202 8705.652
651.485 9250.485
651.768 9854.338
652.052 10320.083
652.335 10620.602
652.618 10983.531
652.902 11374.066
653.185 11691.134
653.469 12026.818
653.752 12373.462
654.035 12385.232
654.319 12564.973
654.602 12589.644
654.885 12518.394
655.169 12681.534
655.452 12610.044
655.735 12695.462
656.019 12645.997
656.302 12666.482
656.586 12616.966
656.869 12697.820
657.152 12776.376
657.436 12897.313
657.719 13064.215
658.002 13082.576
658.286 13007.915
658.569 13100.141
658.852 13037.327
659.136 13326.746
659.419 13305.429
659.703 13263.808
659.986 13359.243
660.269 13523.761
660.553 13453.110
660.836 13416.528
661.119 13322.018
661.403 13246.303
661.686 13168.741
661.969 13039.547
662.253 12875.892
662.536 12648.253
662.820 12463.371
663.103 12129.703
663.386 11630.720
663.670 11431.940
663.953 11083.903
664.236 10813.474
664.520 10269.404
664.803 9891.494
665.086 9570.757
665.370 9173.162
665.653 8735.475
665.937 8355.899
666.220 7956.308
666.503 7521.220
666.787 7102.359
667.070 6666.594
667.353 6185.906
667.637 5730.157
667.920 5325.494
668.204 4928.729
668.487 4581.834
668.770 4270.821
669.054 3990.783
669.337 3632.979
669.620 3347.558
669.904 3047.818
670.187 2834.822
670.470 2582.616
670.754 2347.925
671.037 2134.938
671.321 2030.615
671.604 1939.647
671.887 1869.988
672.171 1697.012
672.454 1589.963
672.737 1462.076
673.021 1393.835
673.304 1322.374
673.587 1240.241
673.871 1200.615
674.154 1132.444
674.438 1112.028
674.721 1052.422
675.004 983.548
675.288 888.901
675.571 862.013
675.854 832.150
676.138 826.825
676.421 743.058
676.704 726.266
676.988 680.112
677.271 701.479
677.555 679.456
677.838 616.378
678.121 584.752
678.405 552.839
678.688 571.476
678.971 538.432
679.255 489.679
679.538 491.757
679.821 416.034
680.105 386.354
680.388 401.934
680.672 378.446
680.955 380.528
681.238 353.871
681.522 312.966
681.805 278.494
682.088 319.873
682.372 351.492
682.655 313.240
682.938 266.270
683.222 280.886
683.505 303.126
683.789 283.276
684.072 278.054
684.355 249.583
684.639 199.481
684.922 186.958
685.205 178.610
685.489 214.103
685.772 260.307
686.056 240.707
686.339 246.986
686.622 220.377
686.906 174.451
687.189 194.287
687.472 210.991
687.756 185.748
688.039 173.418
688.322 161.939
688.606 228.747
688.889 193.260
689.173 150.465
689.456 183.871
689.739 225.627
690.023 228.523
690.306 179.516
690.589 167.873
690.873 213.487
691.156 216.612
691.439 195.803
691.723 185.399
692.006 164.762
692.290 143.632
692.573 134.140
692.856 176.352
693.140 181.536
693.423 148.224
693.706 133.873
693.990 153.247
694.273 122.099
694.556 131.264
694.840 216.336
695.123 186.157
695.407 186.999
695.690 192.796
695.973 169.286
696.257 230.906
696.540 330.466
696.830 269.491
697.120 225.301
697.410 214.805
697.699 202.280
697.989 238.960
698.279 242.285
698.569 222.572
698.859 244.091
699.149 263.022
699.439 203.512
699.729 163.511
700.018 184.942
700.308 161.310
700.598 155.197
700.888 93.750
701.178 124.115
701.468 144.275
701.758 139.066
702.048 143.697
702.337 120.589
702.627 98.149
702.917 130.442
703.207 118.097
703.497 96.854
703.787 90.729
704.077 69.696
704.366 80.602
704.656 93.563
704.946 77.285
705.236 38.249
705.526 95.100
705.816 130.032
706.106 72.078
706.396 36.152
706.685 28.103
706.975 53.924
707.265 43.909
707.555 82.728
707.845 65.718
708.135 56.800
708.425 77.385
708.715 56.693
709.004 82.331
709.294 81.345
709.584 92.035
709.874 98.941
710.164 88.095
710.454 58.627
710.744 63.508
711.034 85.143
711.323 90.884
711.613 56.437
711.903 62.284
712.193 100.634
712.483 71.138
712.773 76.057
713.063 22.917
713.352 41.483
713.642 114.718
713.932 94.985
714.222 66.564
714.512 76.229
714.802 44.928
715.092 70.125
715.382 72.892
715.671 95.920
715.961 107.298
716.251 68.765
716.541 62.926
716.831 102.291
717.121 87.617
717.411 72.141
717.701 57.789
717.990 60.662
718.280 93.977
718.570 72.967
718.860 31.869
719.150 15.665
719.440 72.904
719.730 93.033
720.019 97.717
720.309 118.825
720.599 126.468
720.889 121.928
721.179 88.437
721.469 78.946
721.759 90.529
722.049 88.613
722.338 68.481
722.628 52.284
722.918 74.309
723.208 92.724
723.498 64.841
723.788 67.793
724.078 79.345
724.368 71.786
724.657 25.476
724.947 47.682
725.237 74.757
725.527 79.586
725.817 76.618
726.107 93.283
726.397 94.253
726.686 50.734
726.976 39.131
727.266 86.522
727.556 58.478
727.846 92.418
728.136 72.022
728.426 50.846
728.716 52.786
729.005 62.478
729.295 51.821
729.585 19.885
729.875 8.221
730.165 58.667
730.455 72.248
730.745 101.447
731.035 103.391
731.324 85.111
731.614 95.628
731.904 56.850
732.194 81.148
732.484 67.610
732.774 14.110
733.064 21.894
733.354 63.725
733.643 61.963
733.933 36.563
734.223 51.185
734.513 119.414
734.803 103.922
735.093 1.485
735.383 24.926
735.672 56.179
735.962 59.226
736.252 53.305
736.542 33.823
736.832 31.866
737.122 27.978
737.412 36.803
737.702 59.413
737.991 32.918
738.281 28.069
738.571 42.778
738.861 93.061
739.151 98.969
739.441 91.007
739.731 79.210
740.021 74.442
740.310 74.517
740.600 72.619
740.890 33.069
741.180 57.815
741.470 61.766
741.760 86.447
742.050 124.949
742.339 81.677
742.629 57.940
742.919 103.441
743.209 62.827
743.499 53.989
743.789 17.411
744.079 35.235
744.369 66.854
744.658 44.194
744.948 27.320
745.238 58.073
745.528 43.209
745.818 36.309
746.108 32.343
746.398 47.273
746.688 17.483
746.977 60.187
747.267 63.168
747.557 118.899
747.847 119.895
748.137 131.956
748.427 137.928
748.717 66.355
749.006 32.460
749.296 41.458
749.586 42.414
749.876 92.259
750.166 83.297
750.456 82.385
750.746 81.471
751.036 75.485
751.325 89.459
751.615 70.569
751.905 93.548
752.195 82.644
752.485 34.646
752.775 34.683
753.065 54.705
753.355 124.777
753.644 61.716
753.934 40.819
754.224 33.759
754.514 95.040
754.804 88.928
755.094 51.819
755.384 42.794
755.674 106.989
755.963 105.987
756.253 74.971
756.543 113.012
756.833 79.071
757.123 85.017
757.413 79.075
757.703 28.825
757.992 -6.349
758.282 10.728
758.572 50.942
758.862 43.908
759.152 50.946
759.442 34.832
759.732 65.020
760.022 123.313
760.311 73.137
760.601 39.940
760.891 90.244
761.181 81.110
761.471 96.284
761.761 79.263
762.051 72.215
762.341 40.958
762.630 58.121
762.920 45.031
763.210 30.965
763.500 58.126
763.793 38.994
764.086 41.010
764.379 36.947
764.671 72.160
764.964 54.053
765.257 61.097
765.550 64.247
765.843 30.982
766.136 48.121
766.429 70.301
766.722 86.344
767.014 72.175
767.307 66.207
767.600 66.209
767.893 36.036
768.186 43.094
768.479 69.306
768.772 36.041
769.064 55.196
769.357 83.340
769.650 24.958
769.943 59.175
770.236 36.014
770.529 8.835
770.822 61.256
771.115 51.177
771.407 65.358
771.700 75.450
771.993 79.569
772.286 64.354
772.579 94.533
772.872 94.535
773.165 32.037
773.457 78.410
773.750 73.445
774.043 96.656
774.336 112.917
774.629 55.231
774.922 53.271
775.215 41.164
775.508 90.428
775.800 114.484
776.093 86.403
776.386 71.228
776.679 44.111
776.972 19.943
777.265 89.432
777.558 95.380
777.850 22.924
778.143 39.006
778.436 97.397
778.729 49.060
779.022 78.207
779.315 63.134
779.608 51.075
779.900 23.941
780.193 33.993
780.486 40.989
780.779 31.923
781.072 36.902
781.365 53.992
781.658 73.125
781.951 29.954
782.243 39.916
782.536 88.190
782.829 104.256
783.122 98.234
783.415 86.101
783.708 126.223
784.001 127.228
784.293 58.022
784.586 90.030
784.879 70.993
785.172 65.919
785.465 93.041
785.758 84.025
786.051 85.028
786.344 98.860
786.636 106.969
786.929 74.938
787.222 62.051
787.515 29.897
787.808 47.821
788.101 49.820
788.394 78.793
788.686 152.721
788.979 136.875
789.272 95.781
789.565 63.751
789.858 45.789
790.151 50.831
790.444 14.869
790.737 15.886
791.029 68.750
791.322 106.676
791.615 67.688
791.908 74.817
792.201 77.738
792.494 58.719
792.787 73.603
793.079 99.600
793.372 50.698
793.665 44.768
793.958 25.826
794.251 27.822
794.544 57.677
794.837 68.703
795.130 69.702
795.422 77.679
795.715 88.648
796.008 84.746
796.301 60.675
796.594 82.589
796.887 64.662
797.180 73.701
797.472 68.718
797.765 57.752
798.058 47.736
798.351 101.624
798.644 67.727
798.937 31.837
799.230 72.643
799.523 162.448
799.815 146.497
800.108 47.795
800.401 26.860
800.694 36.868
800.987 41.818
801.280 75.869
801.573 69.877
801.865 50.897
802.158 51.846
802.451 82.786
802.744 74.803
803.037 60.833
803.330 52.903
803.623 59.838
803.915 59.840
804.208 22.938
804.501 33.997
804.794 90.054
805.087 94.966
805.380 42.052
805.673 48.017
805.966 63.034
806.258 43.058
806.551 44.150
806.844 34.112
807.137 52.238
807.430 54.195
807.723 52.189
808.016 75.283
808.308 88.514
808.601 32.113
808.894 34.192
809.187 79.545
809.480 77.454
809.773 72.353
810.066 102.608
810.359 106.742
810.651 72.650
810.944 14.110
811.237 26.235
811.530 56.509
811.825 44.447
812.119 6.058
812.414 18.169
812.709 65.663
813.003 89.077
813.298 76.855
813.593 78.026
813.887 87.058
814.182 76.080
814.476 72.097
814.771 113.723
815.066 82.420
815.360 97.582
815.655 80.307
815.950 114.978
816.244 52.925
816.539 7.163
816.834 75.462
817.128 107.173
817.423 95.852
817.718 72.631
818.012 70.804
818.307 32.824
818.602 101.473
818.896 128.377
819.191 75.067
819.486 63.895
819.780 91.703
820.075 160.005
820.369 142.757
820.664 48.704
820.959 64.233
821.253 91.244
821.548 59.122
821.843 66.515
822.137 92.573
822.432 79.226
822.727 50.113
823.021 68.956
823.316 102.467
823.611 44.045
823.905 36.794
824.200 68.490
824.495 69.691
824.789 76.022
825.084 73.836
825.379 87.628
825.673 26.476
825.968 46.640
826.262 89.064
826.557 85.098
826.852 -0.978
827.146 52.102
827.441 101.890
827.736 83.953
828.030 82.981
828.325 12.830
828.620 14.955
828.914 46.854
829.209 24.460
829.504 36.153
829.798 63.591
830.093 81.496
830.388 89.954
830.682 60.293
830.977 51.684
831.271 109.350
831.566 59.730
831.861 37.686
832.155 55.203
832.450 61.187
832.745 112.482
833.039 112.137
833.334 83.958
833.629 47.878
833.923 29.408
834.218 39.312
834.513 48.165
834.807 55.950
835.102 35.797
835.397 40.593
835.691 42.401
835.986 32.538
836.281 32.444
836.575 28.499
836.870 45.047
837.164 59.755
837.459 58.721
837.754 84.113
838.048 55.904
838.343 49.104
838.638 66.866
838.932 51.367
839.227 11.983
839.522 68.524
839.816 93.580
840.111 83.143
840.406 47.334
840.700 42.529
840.995 73.172
841.290 130.898
841.584 87.244
841.879 90.972
842.174 75.964
842.468 53.453
842.763 42.136
843.057 93.288
843.352 100.062
843.647 20.470
843.941 76.517
844.236 79.180
844.531 88.222
844.825 65.754
845.120 -4.208
845.415 54.210
845.709 111.913
846.004 94.740
846.299 16.933
846.593 23.711
846.888 49.691
847.183 30.638
847.477 13.744
847.772 45.606
848.066 -13.431
848.361 19.569
848.656 82.307
848.950 100.782
849.245 137.512
849.540 37.971
849.834 26.562
850.129 71.318
850.424 59.921
850.718 110.566
851.013 122.062
851.308 65.666
851.602 46.150
851.897 53.162
852.192 102.410
852.486 88.431
852.781 84.996
853.076 99.889
853.370 103.209
853.665 142.112
853.959 100.693
854.254 69.793
854.549 117.551
854.843 101.607
855.138 44.458
855.433 106.697
855.727 103.184
856.022 47.702
856.317 55.550
856.611 58.805
856.906 55.242
857.201 70.876
857.495 88.616
857.790 109.748
858.085 128.313
858.379 131.217
858.674 54.637
858.969 60.121
859.263 61.028
859.558 81.753
859.852 68.388
860.147 82.494
860.442 78.946
860.736 64.528
861.031 89.292
861.326 51.236
861.620 23.992
861.915 44.394
862.210 32.450
862.504 53.795
862.799 114.335
863.094 78.987
863.388 45.911
863.683 87.222
863.978 71.995
864.272 46.582
864.567 24.401
864.861 57.859
865.156 32.593
865.451 7.552
865.745 69.698
866.040 111.723
866.335 79.569
866.629 76.402
866.924 57.707
867.219 46.331
867.513 78.924
867.808 70.466
868.103 54.984
868.397 54.929
868.692 50.779
868.987 28.529
869.281 49.521
869.576 70.416
869.871 65.342
870.165 51.124
870.460 26.174
870.754 62.903
871.049 19.128
871.344 61.666
871.638 81.228
871.933 26.882
872.228 43.589
872.522 -3.647
872.817 80.517
873.112 140.205
873.406 116.382
873.701 95.895
873.996 49.945
874.290 57.680
874.585 76.016
874.880 87.582
875.174 72.823
875.469 79.517
875.764 56.275
876.058 69.723
876.353 34.840
876.647 30.072
876.942 25.246
877.237 53.882
877.531 71.859
877.826 64.165
878.121 48.774
878.415 45.880
878.710 48.592
879.005 59.843
879.299 56.848
879.594 64.268
879.889 56.690
880.183 37.823
880.478 29.299
880.773 37.649
881.067 74.858
881.362 83.092
881.656 54.982
881.951 15.117
882.246 19.693
882.540 52.838
882.835 71.075
883.130 29.689
883.424 6.715
883.719 16.758
884.014 38.591
884.308 48.575
884.603 53.894
884.898 66.430
885.192 78.897
885.487 48.185
885.782 71.479
886.076 74.949
886.371 20.955
886.666 19.144
886.960 29.880
887.255 31.645
887.549 27.121
887.844 57.507
888.139 105.482
888.433 75.936
888.728 52.712
889.023 59.818
889.317 68.578
889.612 57.889
889.907 26.866
890.201 76.424
890.496 125.871
890.791 84.242
891.085 70.929
891.380 56.808
891.675 25.058
891.969 50.677
892.264 39.971
892.559 47.062
892.853 47.105
893.148 32.984
893.442 35.570
893.737 95.567
894.032 82.268
894.326 35.573
894.621 38.217
894.916 44.425
895.210 38.219
895.505 64.823
895.800 65.766
896.094 44.468
896.389 41.821
896.684 59.527
896.978 52.415
897.273 36.593
897.568 48.929
897.862 73.730
898.157 73.731
898.451 81.762
898.746 105.657
899.041 109.295
899.335 50.837
899.630 28.720
899.925 81.840
900.219 103.984
900.514 92.635
900.809 56.406
901.103 22.559
901.398 56.308
901.693 76.940
901.987 65.423
902.282 91.190
902.577 104.734
902.871 47.601
903.166 24.451
903.461 32.509
903.755 70.966
904.050 79.223
904.344 68.594
904.639 71.224
904.934 54.233
905.228 57.030
905.523 36.445
905.818 50.828
906.112 64.342
906.407 43.701
906.702 53.727
906.996 70.843
907.291 66.628
907.586 45.675
907.880 97.572
908.175 88.571
908.470 57.663
908.764 70.327
909.059 68.699
909.354 64.263
909.648 53.364
909.943 69.803
910.237 91.890
910.532 81.977
910.827 125.974
911.121 115.999
911.416 56.470
911.711 48.199
912.005 61.180
912.300 52.069
912.599 91.993
912.898 84.593
913.196 65.349
913.495 58.856
913.794 62.684
914.093 54.270
914.391 35.768
914.690 48.929
914.989 61.113
915.288 67.587
915.586 44.350
915.885 44.434
916.184 68.909
916.483 52.024
916.782 54.943
917.080 66.222
917.379 89.888
917.678 70.181
917.977 17.451
918.275 19.361
918.574 47.880
918.873 59.322
919.172 79.417
919.471 40.369
919.769 55.738
920.068 44.384
920.367 46.384
920.666 28.312
920.964 47.571
921.263 42.846
921.562 27.486
921.861 71.129
922.159 37.321
922.458 34.412
922.757 4.358
923.056 36.602
923.355 35.731
923.653 36.712
923.952 70.289
924.251 34.926
924.550 51.710
924.848 63.722
925.147 49.047
925.446 29.255
925.745 23.350
926.043 66.226
926.342 67.425
926.641 66.493
926.940 100.797
927.239 69.915
927.537 77.269
927.836 70.341
928.135 67.442
928.434 87.906
928.732 89.286
929.031 77.279
929.330 89.746
929.629 87.876
929.927 59.222
930.226 33.649
930.525 20.277
930.824 9.914
931.123 15.176
931.421 74.957
931.720 99.800
932.019 66.290
932.318 79.353
932.616 58.365
932.915 51.201
933.214 53.704
933.513 31.097
933.812 38.987
934.110 83.538
934.409 109.832
934.708 73.784
935.007 90.058
935.305 107.128
935.604 109.783
935.903 94.623
936.202 39.769
936.500 61.782
936.799 88.125
937.098 114.092
937.397 70.750
937.696 65.228
937.994 70.921
938.293 85.959
938.592 73.900
938.891 78.958
939.189 54.337
939.488 52.076
939.787 92.390
940.086 93.543
940.384 57.854
940.683 72.489
940.982 77.254
941.281 88.964
941.580 106.642
941.878 143.435
942.177 107.880
942.476 80.853
942.775 74.007
943.073 66.884
943.372 110.775
943.671 106.378
943.970 138.434
944.268 122.330
944.567 54.901
944.866 49.055
945.165 88.401
945.464 92.782
945.762 103.855
946.061 133.753
946.360 131.739
946.659 149.798
946.957 119.201
947.256 61.877
947.555 48.886
947.854 110.965
948.153 108.938
948.451 85.985
948.750 88.164
949.049 106.695
949.348 132.285
949.646 98.868
949.945 48.132
950.244 111.431
950.543 70.471
950.841 34.097
951.140 102.883
951.439 145.302
951.738 131.128
952.037 128.188
952.335 67.842
952.634 99.715
952.933 76.188
953.232 100.230
953.530 100.608
953.829 103.616
954.128 107.112
954.427 118.738
954.725 134.957
955.024 111.148
955.323 101.811
955.622 95.373
955.921 88.875
956.219 91.181
956.518 48.495
956.817 39.847
957.116 46.855
957.414 46.690
957.713 34.735
958.012 36.953
958.311 36.782
958.610 48.312
958.908 77.967
959.207 127.980
959.506 88.584
959.805 93.864
960.103 92.624
960.402 76.560
960.701 79.778
961.000 104.167
961.298 17.475
961.597 42.112
961.896 46.436
962.195 49.509
962.494 86.956
962.792 63.377
963.091 39.262
963.390 47.925
963.689 68.429
963.987 39.840
964.286 38.711
964.585 67.046
964.884 61.405
965.182 47.052
965.481 93.137
965.780 129.558
966.080 109.268
966.380 126.338
966.680 97.991
966.981 32.716
967.281 51.837
967.581 7.062
967.881 33.715
968.181 85.955
968.481 36.759
968.781 1.728
969.082 31.287
969.382 60.855
969.682 73.218
969.982 86.889
970.282 68.177
970.582 61.980
970.882 39.407
971.183 58.378
971.483 54.125
971.783 89.391
972.083 137.122
972.383 108.658
972.683 70.835
972.983 76.232
973.284 54.269
973.584 63.483
973.884 71.796
974.184 92.036
974.484 71.798
974.784 70.550
975.084 87.662
975.385 42.453
975.685 60.741
975.985 73.111
976.285 86.289
976.585 72.815
976.885 38.225
977.185 28.073
977.486 62.465
977.786 84.928
978.086 81.387
978.386 62.215
978.686 40.057
978.986 32.657
979.286 53.658
979.587 61.659
979.887 48.660
980.187 60.661
980.487 68.661
980.787 71.662
981.087 56.663
981.387 120.664
981.688 70.665
981.988 43.666
982.288 32.667
982.588 -1.333
982.888 23.668
983.188 70.669
983.488 97.670
983.789 58.671
984.089 38.672
984.389 36.673
984.689 -9.327
984.989 2.674
985.289 34.675
985.589 105.676
985.890 100.677
986.190 74.678
986.490 53.678
986.790 69.679
987.090 50.680
987.390 54.681
987.690 76.682
987.991 38.683
988.291 24.683
988.591 76.684
988.891 71.685
989.191 55.686
989.491 44.687
989.791 27.688
990.092 54.688
990.392 72.689
990.692 63.690
990.992 87.691
991.292 87.692
991.592 107.693
991.892 83.693
992.193 86.694
992.493 97.695
992.793 59.696
993.093 69.697
993.393 40.698
993.693 54.698
993.993 100.699
994.294 109.700
994.594 56.701
994.894 79.702
995.194 75.702
995.494 70.703
995.794 78.704
996.094 41.705
996.395 59.706
996.695 92.707
996.995 57.707
997.295 16.708
997.595 42.709
997.895 47.710
998.195 29.711
998.496 23.711
998.796 60.712
999.096 79.713
999.396 90.714
999.696 84.715
999.996 93.715
1000.296 86.716
1000.597 57.717
1000.897 63.718
1001.197 90.719
1001.497 83.719
1001.797 58.720
1002.097 49.721
1002.397 48.722
1002.698 77.723
1002.998 154.723
1003.298 109.724
1003.598 66.725
1003.898 62.726
1004.198 79.727
1004.498 93.727
1004.799 106.728
1005.099 74.729
1005.399 49.730
1005.699 78.731
1005.999 65.731
1006.299 57.732
1006.599 99.733
1006.900 105.734
1007.200 82.735
1007.500 57.735
1007.800 53.736
1008.100 73.737
1008.400 98.738
1008.700 68.738
1009.001 60.739
1009.301 75.740
1009.601 106.741
1009.901 101.742
1010.201 89.742
1010.501 83.743
1010.801 133.744
1011.102 136.745
1011.402 67.746
1011.702 -13.254
1012.002 -13.253
1012.302 38.748
1012.602 58.749
1012.902 45.749
1013.203 48.750
1013.503 82.751
1013.803 70.752
1014.103 30.752
1014.403 31.753
1014.703 2.754
1015.003 34.755
1015.304 90.756
1015.604 126.756
1015.904 85.757
1016.204 78.758
1016.504 78.759
1016.804 103.759
1017.104 59.760
1017.405 63.761
1017.705 89.762
1018.005 34.762
1018.305 39.763
1018.605 70.764
1018.905 17.765
1019.205 6.765
1019.506 98.766
1019.806 111.767
1020.106 107.768
1020.406 72.768
1020.706 30.769
1021.006 54.770
1021.306 63.771
1021.607 92.772
1021.907 90.772
1022.207 82.773
1022.507 34.774
1022.807 53.775
1023.107 63.775
1023.407 23.776
1023.708 8.777
1024.008 78.778
1024.308 99.778
1024.608 27.779
1024.908 49.780
1025.208 65.781
1025.508 72.781
1025.809 69.782
1026.109 65.783
1026.409 108.783
1026.709 87.784
1027.009 45.785
1027.309 50.786
1027.609 25.786
1027.910 43.787
1028.210 91.788
1028.510 88.789
1028.810 75.789
1029.110 58.790
1029.410 59.791
1029.710 49.792
1030.011 53.792
1030.311 101.793
1030.611 115.794
1030.911 73.795
1031.211 72.795
1031.511 38.796
1031.811 69.797
1032.112 111.797
1032.412 64.798
1032.712 51.799
1033.012 107.800
1033.312 139.800
1033.612 124.801
1033.912 108.802
1034.212 82.803
1034.513 54.803
1034.813 40.804
1035.113 92.805
1035.413 60.805
1035.713 20.806
1036.013 88.807
1036.313 99.808
1036.614 58.808
1036.914 44.809
1037.214 26.810
1037.514 55.810
1037.814 85.811
1038.114 60.812
1038.414 46.813
1038.715 83.813
1039.015 84.814
1039.315 46.815
1039.615 36.816
1039.915 68.816
1040.215 79.817
1040.515 62.818
1040.816 72.818
1041.116 105.819
1041.416 93.820
1041.716 91.820
1042.016 67.821
1042.316 88.822
1042.616 100.823
1042.917 74.823
1043.217 61.824
1043.517 61.825
1043.817 88.825
1044.117 73.826
1044.417 60.827
1044.717 85.828
1045.018 78.828
1045.318 86.829
1045.618 82.830
1045.918 78.830
1046.218 78.831
1046.518 48.832
1046.818 35.832
1047.119 23.833
1047.419 87.834
1047.719 92.835
1048.019 86.835
1048.319 58.836
1048.619 31.837
1048.919 80.837
1049.220 19.838
1049.520 21.839
1049.820 47.839
1050.120 48.840
1050.420 95.841
1050.720 73.841
1051.020 95.842
1051.321 65.843
1051.621 63.844
1051.921 45.844
1052.221 27.845
1052.521 45.846
1052.821 91.846
1053.121 111.847
1053.422 72.848
1053.722 46.848
1054.022 18.849
1054.322 58.850
1054.622 50.850
1054.922 34.851
1055.222 65.852
1055.523 30.852
1055.823 70.853
1056.123 92.854
1056.423 88.854
1056.723 95.855
1057.023 64.856
1057.323 48.857
1057.624 35.857
1057.924 29.858
1058.224 82.859
1058.524 88.859
1058.824 76.860
1059.124 104.861
1059.424 99.861
1059.725 85.862
1060.025 40.863
1060.325 -12.137
1060.625 16.864
1060.925 66.865
1061.225 86.865
1061.525 89.866
1061.826 85.867
1062.126 118.867
1062.426 105.868
1062.726 102.869
1063.026 68.869
1063.326 95.870
1063.626 96.871
1063.927 74.871
1064.227 85.872
1064.527 65.873
1064.827 81.873
1065.127 67.874
1065.427 28.875
1065.727 39.875
1066.028 74.876
1066.328 67.877
1066.628 57.877
1066.928 48.878
1067.228 23.879
1067.528 15.879
1067.828 26.880
1068.129 3.880
1068.429 81.881
1068.729 99.882
1069.029 63.882
1069.329 41.883
1069.629 57.884
1069.929 87.884
1070.230 105.885
1070.530 68.886
1070.830 31.886
1071.130 45.887
1071.430 80.888
1071.730 102.888
1072.030 123.889
1072.331 88.890
1072.631 48.890
1072.931 77.891
1073.231 71.892
1073.531 50.892
1073.831 39.893
1074.131 70.894
1074.432 106.894
1074.732 63.895
1075.032 6.895
1075.332 40.896
1075.632 78.897
1075.932 49.897
1076.232 48.898
1076.533 65.899
1076.833 75.899
1077.133 48.900
1077.433 34.901
1077.733 66.901
1078.033 112.902
1078.333 108.902
1078.634 84.903
1078.934 104.904
1079.234 79.904
1079.534 81.905
1079.834 97.906
1080.134 84.906
1080.434 82.907
1080.735 101.908
1081.035 60.908
1081.335 30.909
1081.635 74.909
1081.935 109.910
1082.235 75.911
1082.535 61.911
1082.836 61.912
1083.136 70.913
1083.436 114.913
1083.736 112.914
1084.036 42.914
1084.336 30.915
1084.636 51.916
1084.937 74.916
1085.237 75.917
1085.537 61.918
1085.837 71.918
1086.137 64.919
1086.437 86.919
1086.737 72.920
1087.038 77.921
1087.338 74.921
1087.638 71.922
1087.938 27.923
1088.238 30.923
1088.538 55.924
1088.838 78.924
1089.139 82.925
1089.439 58.926
1089.739 63.926
1090.039 79.927
1090.339 75.928
1090.639 56.928
1090.939 63.929
1091.240 47.929
1091.540 70.930
1091.840 86.931
1092.140 100.931
1092.453 98.932
1092.766 61.932
1093.079 55.933
1093.392 67.934
1093.705 41.934
1094.018 18.935
1094.330 95.935
1094.643 128.936
1094.956 97.937
1095.269 75.937
1095.582 97.938
1095.895 65.938
1096.208 47.939
1096.521 55.940
1096.834 77.940
1097.147 98.941
1097.460 78.942
1097.773 59.942
1098.085 66.943
1098.398 91.943
1098.711 75.944
1099.024 62.945
1099.337 77.945
1099.650 89.946
1099.963 74.946
1100.276 53.947
1100.589 78.948
1100.902 110.948
1101.215 77.949
1101.528 74.949
1101.841 75.950
1102.153 107.951
1102.466 91.951
1102.779 34.952
1103.092 24.952
1103.405 53.953
1103.718 70.953
1104.031 71.954
1104.344 99.955
1104.657 99.955
1104.970 134.956
1105.283 64.956
1105.596 76.957
1105.909 111.958
1106.221 82.958
1106.534 53.959
1106.847 4.959
1107.160 2.960
1107.473 16.961
1107.786 89.961
1108.099 67.962
1108.412 39.962
1108.725 46.963
1109.038 32.963
1109.351 89.964
1109.664 95.965
1109.977 85.965
1110.289 107.966
1110.602 51.966
1110.915 71.967
1111.228 77.968
1111.541 53.968
1111.854 102.969
1112.167 74.969
1112.480 36.970
1112.793 53.970
1113.106 50.971
1113.419 61.972
1113.732 94.972
1114.044 56.973
1114.357 62.973
1114.670 96.974
1114.983 65.975
1115.296 60.975
1115.609 112.976
1115.922 108.976
1116.235 94.977
1116.548 54.977
1116.861 21.978
1117.174 35.979
1117.487 37.979
1117.800 87.980
1118.112 86.980
1118.425 76.981
1118.738 64.981
1119.051 48.982
1119.364 40.983
1119.677 61.983
1119.990 66.984
1120.303 53.984
1120.616 57.985
1120.929 51.985
1121.242 76.986
1121.555 74.987
1121.868 68.987
1122.180 53.988
1122.493 20.988
1122.806 27.989
1123.119 29.989
1123.432 11.990
1123.745 19.990
1124.058 49.991
1124.371 60.992
1124.684 80.992
1124.997 77.993
1125.310 71.993
1125.623 80.994
1125.935 50.994
1126.248 38.995
1126.561 19.995
1126.874 40.996
1127.187 63.997
1127.500 92.997
1127.813 72.998
1128.126 73.998
1128.439 57.999
1128.752 114.999
1129.065 92.000
1129.378 54.000
1129.691 81.001
1130.003 72.002
1130.316 50.002
1130.629 66.003
1130.942 116.003
1131.255 131.004
1131.568 30.004
1131.881 12.005
1132.194 3.005
1132.507 71.006
1132.820 79.007
1133.133 71.007
1133.446 31.008
1133.759 80.008
1134.071 149.009
1134.384 94.009
1134.697 83.010
1135.010 115.010
1135.323 87.011
1135.636 34.011
1135.949 22.012
1136.262 60.013
1136.575 92.013
1136.888 132.014
1137.201 36.014
1137.514 -8.985
1137.826 42.015
1138.139 63.016
1138.452 80.016
1138.765 132.017
1139.078 131.017
1139.391 99.018
1139.704 64.019
1140.017 62.019
1140.330 45.020
1140.643 47.020
1140.956 56.021
1141.269 50.021
1141.582 61.022
1141.894 57.022
1142.207 83.023
1142.520 94.023
1142.833 94.024
1143.146 69.024
1143.459 51.025
1143.772 77.025
1144.085 94.026
1144.398 101.027
1144.711 100.027
1145.024 9.028
1145.337 37.028
1145.650 75.029
1145.962 30.029
1146.275 -9.970
1146.588 34.030
1146.901 86.031
1147.214 82.031
1147.527 64.032
1147.840 67.032
1148.153 66.033
1148.466 78.033
1148.779 80.034
1149.092 23.034
1149.405 20.035
1149.718 58.036
1150.030 75.036
1150.343 94.037
1150.656 64.037
1150.969 72.038
1151.282 96.038
1151.595 46.039
1151.908 43.039
1152.221 17.040
1152.534 41.040
1152.847 59.041
1153.160 38.041
1153.473 74.042
1153.785 73.042
1154.098 45.043
1154.411 96.043
1154.724 118.044
1155.037 63.044
1155.350 68.045
1155.663 95.045
1155.976 91.046
1156.289 82.046
1156.602 64.047
1156.915 74.048
1157.228 42.048
1157.541 48.049
1157.853 71.049
1158.166 53.050
1158.479 99.050
1158.792 102.051
1159.105 74.051
1159.418 83.052
1159.731 57.052
1160.044 51.053
1160.357 64.053
1160.670 31.054
1160.983 -12.946
1161.296 69.055
1161.609 100.055
1161.921 36.056
1162.234 45.056
1162.547 49.057
1162.860 65.057
1163.173 61.058
1163.486 94.058
1163.799 53.059
1164.112 38.059
1164.425 62.060
1164.738 36.060
1165.051 65.061
1165.364 73.061
1165.676 96.062
1165.989 128.062
1166.302 103.063
1166.615 84.063
1166.928 65.064
1167.241 62.064
1167.554 86.065
1167.867 55.065
1168.180 43.066
1168.493 74.066
1168.806 60.067
1169.119 46.067
1169.432 81.068
1169.744 83.068
1170.057 52.069
1170.370 53.069
1170.683 68.070
1170.996 47.070
1171.309 71.071
1171.622 33.071
1171.935 46.072
1172.248 91.072
1172.561 109.073
1172.874 75.073
1173.187 49.074
1173.500 28.074
1173.812 57.075
1174.125 59.075
1174.438 43.076
1174.751 25.076
1175.064 43.077
1175.377 78.077
1175.690 84.078
1176.003 60.078
1176.316 67.079
1176.629 55.079
1176.942 48.080
1177.255 68.080
1177.567 77.081
1177.880 34.081
1178.193 30.082
1178.506 25.082
1178.819 59.083
1179.132 85.083
1179.445 61.084
1179.758 108.084
1180.071 121.085
1180.384 69.085
1180.697 113.086
1181.010 87.086
1181.323 75.086
1181.635 70.087
1181.948 68.087
1182.261 37.088
1182.574 20.088
1182.887 64.089
1183.200 116.089
1183.513 93.090
1183.826 94.090
1184.139 94.091
1184.452 50.091
1184.765 23.092
1185.078 23.092
1185.391 52.093
1185.703 54.093
1186.016 94.094
1186.329 58.094
1186.642 15.095
1186.955 69.095
1187.268 49.096
1187.581 32.096
1187.894 19.097
1188.207 28.097
1188.520 64.098
1188.833 51.098
1189.146 56.098
1189.459 22.099
1189.771 39.099
1190.084 102.100
1190.397 37.100
1190.710 30.101
1191.023 37.101
1191.336 56.102
1191.649 41.102
1191.962 70.103
1192.275 55.103
1192.588 75.104
1192.901 112.104
1193.214 57.105
1193.526 56.105
1193.839 68.106
1194.152 59.106
1194.465 101.106
1194.778 56.107
1195.091 50.107
1195.404 55.108
1195.717 48.108
1196.030 70.109
1196.343 94.109
1196.656 88.110
1196.969 100.110
1197.282 76.111
1197.594 58.111
1197.907 93.112
1198.220 73.112
1198.533 81.113
1198.846 69.113
1199.159 53.113
1199.472 67.114
1199.785 116.114
1200.098 50.115
1200.411 47.115
1200.724 69.116
1201.037 84.116
1201.350 50.117
1201.662 45.117
1201.975 54.118
1202.288 27.118
1202.601 -29.881
