165.028 38.363
165.288 26.437
165.547 47.512
165.807 37.587
166.067 1.663
166.327 18.739
166.587 23.815
166.847 64.892
167.107 82.969
167.367 54.046
167.627 17.124
167.886 -14.798
168.146 -9.719
168.406 37.359
168.666 45.439
168.926 62.518
169.186 60.598
169.446 8.678
169.706 9.758
169.966 31.839
170.225 31.920
170.485 29.002
170.745 42.083
171.005 28.165
171.265 26.248
171.525 33.330
171.785 -10.587
172.045 12.497
172.305 80.580
172.564 89.664
172.824 -12.252
173.084 9.832
173.344 53.917
173.604 101.002
173.864 70.087
174.124 31.173
174.384 11.258
174.644 23.344
174.903 68.431
175.163 40.517
175.423 63.604
175.683 5.691
175.943 28.778
176.203 66.866
176.463 45.953
176.723 54.041
176.983 71.130
177.242 31.218
177.502 61.307
177.762 56.395
178.022 68.485
178.282 68.574
178.542 23.663
178.802 18.753
179.062 12.843
179.322 54.933
179.581 65.024
179.841 71.114
180.101 40.205
180.361 69.296
180.621 66.387
180.881 16.478
181.141 12.570
181.401 39.661
181.661 62.753
181.920 95.845
182.180 76.937
182.440 38.029
182.700 7.122
182.960 -13.785
183.220 10.307
183.480 86.400
183.740 35.493
184.000 -14.413
184.259 3.680
184.519 47.774
184.779 20.867
185.039 -6.039
185.299 25.055
185.559 44.149
185.819 50.243
186.079 57.338
186.339 29.432
186.598 33.527
186.858 43.621
187.118 59.716
187.378 50.811
187.638 58.906
187.898 73.001
188.158 81.096
188.418 49.192
188.678 27.287
188.937 49.383
189.197 74.478
189.457 78.574
189.717 50.670
189.977 23.765
190.237 4.861
190.497 17.957
190.757 51.054
191.017 20.150
191.276 20.246
191.536 64.342
191.796 50.439
192.056 30.535
192.316 70.631
192.576 54.728
192.836 13.824
193.096 29.921
193.356 41.018
193.616 41.115
193.875 35.211
194.135 27.308
194.395 46.405
194.655 14.502
194.915 -28.401
195.175 -27.304
195.435 13.793
195.695 49.890
195.955 47.987
196.214 18.084
196.474 40.181
196.734 69.278
196.994 12.375
197.254 15.472
197.514 30.569
197.774 21.667
198.034 26.764
198.294 2.861
198.553 33.958
198.813 66.055
199.073 55.152
199.333 77.250
199.593 49.347
199.853 53.444
200.113 63.541
200.373 38.638
200.633 31.735
200.892 18.832
201.152 32.929
201.412 20.026
201.672 74.124
201.932 108.221
202.192 63.318
202.452 43.414
202.712 57.511
202.972 55.608
203.231 54.705
203.491 45.802
203.751 98.899
204.011 67.996
204.271 64.092
204.531 23.189
204.791 11.286
205.051 32.382
205.311 22.479
205.570 14.575
205.830 23.672
206.090 47.768
206.350 42.864
206.610 97.961
206.870 52.057
207.130 22.153
207.390 9.249
207.650 63.345
207.909 44.441
208.169 56.537
208.429 52.633
208.689 43.729
208.949 85.825
209.209 70.920
209.469 43.016
209.729 21.111
209.989 -12.793
210.248 20.302
210.508 93.397
210.768 86.492
211.028 78.588
211.288 82.683
211.548 91.777
211.808 41.872
212.068 55.967
212.328 68.062
212.587 57.156
212.847 59.251
213.107 66.345
213.367 58.440
213.627 88.534
213.887 99.628
214.147 59.722
214.407 34.816
214.667 54.910
214.926 72.003
215.186 42.097
215.446 58.191
215.706 73.284
215.966 28.377
216.226 12.470
216.486 19.564
216.746 46.657
217.006 71.749
217.265 34.842
217.525 37.935
217.785 43.027
218.045 73.120
218.305 99.212
218.565 52.304
218.825 22.396
219.085 63.488
219.345 28.580
219.604 55.672
219.864 38.764
220.124 25.855
220.384 44.946
220.644 62.038
220.904 63.129
221.164 59.220
221.424 31.311
221.684 2.401
221.943 6.492
222.203 40.582
222.463 17.673
222.723 2.763
222.983 59.853
223.243 102.943
223.503 76.033
223.763 7.123
224.023 -10.788
224.282 28.301
224.542 46.391
224.802 21.480
225.062 44.569
225.322 90.658
225.582 100.747
225.842 98.835
226.102 78.924
226.362 53.012
226.621 54.100
226.881 21.188
227.141 26.276
227.401 83.364
227.661 69.451
227.921 105.539
228.181 95.626
228.441 82.713
228.701 41.800
228.960 28.887
229.220 42.974
229.480 39.061
229.740 38.147
230.000 38.233
230.260 51.319
230.520 123.405
230.780 94.491
231.040 65.577
231.299 66.663
231.559 75.748
231.819 55.833
232.079 59.918
232.339 88.003
232.599 84.088
232.859 82.173
233.119 86.257
233.379 58.341
233.638 33.426
233.898 53.510
234.158 52.593
234.418 35.677
234.678 81.761
234.938 85.844
235.198 47.927
235.458 58.010
235.718 106.093
235.978 65.176
236.237 64.259
236.497 71.341
236.757 99.423
237.017 105.506
237.277 53.588
237.537 39.669
237.797 63.751
238.057 58.833
238.317 57.914
238.576 38.995
238.836 56.076
239.096 95.157
239.356 75.238
239.616 57.318
239.876 61.398
240.136 79.479
240.396 98.559
240.656 118.639
240.915 81.718
241.175 46.798
241.435 37.877
241.695 96.957
241.955 115.036
242.215 87.115
242.475 101.193
242.735 100.272
242.995 59.350
243.254 59.429
243.514 84.507
243.774 61.585
244.034 64.662
244.294 104.740
244.554 60.817
244.814 95.895
245.074 75.972
245.334 34.049
245.593 52.125
245.853 43.202
246.113 15.279
246.373 51.355
246.633 123.431
246.893 58.507
247.153 73.583
247.413 77.658
247.673 65.734
247.932 71.809
248.192 73.884
248.452 83.959
248.712 64.034
248.972 70.109
249.232 80.183
249.492 79.257
249.752 51.332
250.012 50.406
250.271 61.479
250.531 60.553
250.791 68.627
251.051 69.700
251.311 11.773
251.571 7.846
251.831 88.919
252.091 41.992
252.351 37.064
252.610 31.136
252.870 69.209
253.130 96.281
253.390 94.352
253.650 58.424
253.911 40.496
254.172 68.567
254.433 69.638
254.694 66.709
254.955 82.780
255.216 41.851
255.477 52.921
255.738 38.992
255.999 50.062
256.261 91.132
256.522 91.202
256.783 53.272
257.044 57.341
257.305 58.411
257.566 74.480
257.827 -4.451
258.088 1.618
258.349 49.687
258.610 81.755
258.871 112.824
259.132 96.892
259.393 107.960
259.654 101.028
259.915 45.096
260.176 52.163
260.437 52.231
260.698 56.298
260.959 42.365
261.221 41.432
261.482 92.499
261.743 105.566
262.004 104.632
262.265 132.699
262.526 73.765
262.787 40.831
263.048 84.897
263.309 59.962
263.570 75.028
263.831 59.093
264.092 60.159
264.353 47.224
264.614 113.289
264.875 110.353
265.136 91.418
265.397 86.482
265.658 103.547
265.919 79.611
266.181 51.675
266.442 81.739
266.703 73.802
266.964 74.866
267.225 77.929
267.486 93.992
267.747 78.055
268.008 111.118
268.269 91.181
268.530 96.244
268.791 71.306
269.052 39.368
269.313 50.430
269.574 84.492
269.835 115.554
270.096 106.616
270.357 82.677
270.618 56.739
270.879 28.800
271.141 57.861
271.402 39.922
271.663 83.983
271.924 85.043
272.185 44.104
272.446 61.164
272.707 62.224
272.968 43.284
273.229 40.344
273.490 77.404
273.751 60.463
274.012 57.523
274.273 72.582
274.534 102.641
274.795 104.700
275.056 92.759
275.317 50.817
275.578 42.876
275.839 99.934
276.101 53.993
276.362 33.051
276.623 64.109
276.884 85.166
277.145 97.224
277.406 53.281
277.667 20.339
277.928 13.396
278.189 36.453
278.450 16.510
278.711 44.567
278.972 46.623
279.233 59.680
279.494 48.736
279.755 51.792
280.016 53.848
280.277 52.904
280.538 93.960
280.799 95.016
281.061 86.071
281.322 19.127
281.583 36.182
281.844 29.237
282.105 34.292
282.366 56.347
282.627 22.401
282.888 71.456
283.149 90.510
283.410 56.564
283.671 105.618
283.932 63.672
284.193 36.726
284.454 63.780
284.715 61.833
284.976 29.887
285.237 69.940
285.498 101.993
285.759 82.046
286.021 56.099
286.282 53.152
286.543 85.204
286.804 102.257
287.065 90.309
287.326 56.361
287.587 29.413
287.848 84.465
288.109 102.517
288.370 75.569
288.631 79.620
288.892 91.671
289.153 91.723
289.414 72.774
289.675 66.825
289.936 86.876
290.197 82.926
290.458 69.977
290.719 62.027
290.981 89.078
291.242 65.128
291.503 102.178
291.764 93.228
292.025 69.278
292.286 63.327
292.547 76.377
292.808 77.426
293.069 94.476
293.330 137.525
293.591 98.574
293.852 48.623
294.113 59.672
294.374 44.720
294.635 61.769
294.896 90.817
295.157 74.866
295.418 66.914
295.679 112.962
295.941 103.010
296.202 105.057
296.463 120.105
296.724 123.153
296.985 67.200
297.246 45.247
297.507 52.295
297.768 63.342
298.029 53.389
298.290 100.435
298.551 130.482
298.812 107.529
299.073 84.575
299.334 107.621
299.595 107.668
299.856 72.714
300.117 60.760
300.378 37.805
300.639 55.851
300.901 94.897
301.162 69.942
301.423 44.988
301.684 76.033
301.945 82.078
302.206 64.123
302.467 45.168
302.728 58.213
302.989 88.257
303.250 117.302
303.511 147.346
303.772 112.391
304.033 64.435
304.294 59.479
304.555 53.523
304.816 57.567
305.077 78.611
305.338 45.654
305.599 29.698
305.861 39.741
306.122 84.785
306.383 85.828
306.644 60.871
306.905 -23.086
307.166 38.957
307.427 55.999
307.688 69.042
307.949 90.085
308.210 95.127
308.471 92.169
308.732 78.212
308.993 40.254
309.254 9.296
309.515 12.337
309.776 79.379
310.037 127.421
310.298 125.462
310.559 93.504
310.821 104.545
311.082 106.586
311.343 73.628
311.604 46.669
311.865 61.709
312.126 70.750
312.387 78.791
312.648 83.832
312.909 54.872
313.170 41.912
313.434 87.953
313.698 86.993
313.963 97.033
314.227 40.073
314.491 46.113
314.755 96.152
315.019 85.192
315.284 47.232
315.548 59.271
315.812 76.310
316.076 95.350
316.340 113.389
316.604 92.428
316.869 55.467
317.133 72.506
317.397 85.544
317.661 102.583
317.925 34.622
318.190 40.660
318.454 62.698
318.718 94.737
318.982 94.775
319.246 66.813
319.511 92.851
319.775 101.889
320.039 80.926
320.303 85.964
320.567 80.002
320.832 62.039
321.096 79.076
321.360 78.114
321.624 57.151
321.888 45.188
322.153 58.225
322.417 69.262
322.681 46.299
322.945 100.335
323.209 112.372
323.473 107.408
323.738 119.445
324.002 90.481
324.266 87.517
324.530 51.553
324.794 50.589
325.059 70.625
325.323 41.661
325.587 61.697
325.851 104.733
326.115 120.768
326.380 131.804
326.644 99.839
326.908 87.874
327.172 73.910
327.436 111.945
327.701 80.980
327.965 39.015
328.229 69.050
328.493 60.084
328.757 55.119
329.022 50.154
329.286 27.188
329.550 78.223
329.814 103.257
330.078 69.291
330.342 32.325
330.607 63.359
330.871 76.393
331.135 80.427
331.399 97.461
331.663 55.495
331.928 58.528
332.192 93.562
332.456 71.595
332.720 98.629
332.984 74.662
333.249 93.695
333.513 88.728
333.777 41.761
334.041 61.794
334.305 76.827
334.570 85.860
334.834 80.893
335.098 47.925
335.362 41.958
335.626 45.990
335.891 57.023
336.155 96.055
336.419 74.087
336.683 36.119
336.947 84.151
337.211 82.183
337.476 51.215
337.740 99.247
338.004 81.279
338.268 78.310
338.532 104.342
338.797 78.374
339.061 56.405
339.325 83.436
339.589 82.467
339.853 30.499
340.118 50.530
340.382 118.561
340.646 101.592
340.910 63.623
341.174 81.653
341.439 91.684
341.703 83.715
341.967 66.745
342.231 30.776
342.495 64.806
342.759 113.836
343.024 93.867
343.288 133.897
343.552 143.927
343.816 70.957
344.080 54.987
344.345 31.017
344.609 35.046
344.873 56.076
345.137 113.106
345.401 108.135
345.666 66.165
345.930 117.194
346.194 127.224
346.458 36.253
346.722 62.282
346.987 80.311
347.251 76.340
347.515 97.369
347.779 138.398
348.043 116.427
348.308 109.456
348.572 125.484
348.836 88.513
349.100 57.541
349.364 30.570
349.628 19.598
349.893 38.627
350.157 111.655
350.421 136.683
350.685 126.711
350.949 120.739
351.214 56.767
351.478 42.795
351.742 74.823
352.006 110.851
352.270 97.878
352.535 83.906
352.799 51.934
353.063 67.961
353.327 65.989
353.591 45.016
353.856 57.043
354.120 45.070
354.384 86.098
354.648 142.125
354.912 116.152
355.177 118.179
355.441 64.206
355.705 78.232
355.969 136.259
356.233 63.286
356.497 25.312
356.762 45.339
357.026 81.366
357.290 131.392
357.554 110.418
357.818 92.445
358.083 83.471
358.347 128.497
358.611 121.523
358.875 85.549
359.139 80.575
359.404 44.601
359.668 67.627
359.932 120.653
360.196 87.678
360.460 74.704
360.725 82.730
360.989 92.755
361.253 90.781
361.517 59.806
361.781 71.832
362.046 127.857
362.310 124.882
362.574 91.907
362.838 73.932
363.102 104.957
363.366 80.982
363.631 35.007
363.895 40.032
364.159 90.057
364.423 97.082
364.687 99.106
364.952 105.131
365.216 100.155
365.480 73.180
365.747 51.204
366.013 92.229
366.280 67.253
366.546 69.277
366.813 67.302
367.079 67.326
367.346 107.350
367.612 100.374
367.879 86.398
368.145 152.422
368.412 118.446
368.678 65.469
368.945 75.493
369.211 67.517
369.478 79.540
369.744 61.564
370.011 94.588
370.278 69.611
370.544 81.634
370.811 94.658
371.077 69.681
371.344 43.704
371.610 66.727
371.877 72.751
372.143 70.774
372.410 62.797
372.676 115.820
372.943 108.842
373.209 89.865
373.476 89.888
373.742 82.911
374.009 73.933
374.276 94.956
374.542 123.979
374.809 76.001
375.075 -6.976
375.342 20.046
375.608 37.068
375.875 50.091
376.141 87.113
376.408 97.135
376.674 66.157
376.941 34.179
377.207 78.201
377.474 124.223
377.740 117.245
378.007 80.267
378.273 107.289
378.540 123.311
378.807 34.333
379.073 57.354
379.340 90.376
379.606 82.397
379.873 59.419
380.139 75.440
380.406 96.462
380.672 93.483
380.939 70.505
381.205 39.526
381.472 34.547
381.738 37.568
382.005 80.589
382.271 56.610
382.538 70.631
382.804 108.652
383.071 89.673
383.338 110.694
383.604 112.715
383.871 78.736
384.137 40.756
384.404 47.777
384.670 80.798
384.937 99.818
385.203 88.839
385.470 92.859
385.736 96.880
386.003 60.900
386.269 41.921
386.536 63.941
386.802 112.961
387.069 111.981
387.336 110.001
387.602 139.022
387.869 88.042
388.135 19.062
388.402 49.082
388.668 79.101
388.935 87.121
389.201 104.141
389.468 129.161
389.734 162.181
390.001 110.200
390.267 109.220
390.534 130.240
390.800 107.259
391.067 83.279
391.333 39.298
391.600 35.317
391.867 99.337
392.133 74.356
392.400 71.375
392.666 46.395
392.933 101.414
393.199 136.433
393.466 134.452
393.732 105.471
393.999 114.490
394.265 99.509
394.532 48.528
394.798 111.547
395.065 115.566
395.331 80.585
395.598 99.603
395.864 70.622
396.131 62.641
396.398 64.659
396.664 88.678
396.931 120.696
397.197 106.715
397.464 90.733
397.730 137.752
397.997 133.770
398.263 117.788
398.530 120.807
398.796 175.825
399.063 165.843
399.329 142.861
399.596 147.880
399.862 101.898
400.129 159.916
400.396 178.934
400.662 123.952
400.929 136.969
401.195 142.987
401.462 160.005
401.728 179.023
401.995 199.041
402.261 148.058
402.528 161.076
402.794 199.094
403.061 254.111
403.327 223.129
403.594 156.146
403.860 221.164
404.127 270.181
404.393 324.199
404.660 366.216
404.931 414.233
405.202 408.251
405.473 446.268
405.745 501.285
406.016 496.302
406.287 454.319
406.558 458.336
406.829 505.353
407.100 536.370
407.371 634.387
407.642 637.404
407.914 630.421
408.185 614.438
408.456 654.455
408.727 693.472
408.998 693.488
409.269 742.505
409.540 722.522
409.811 664.538
410.083 686.555
410.354 686.572
410.625 661.588
410.896 685.605
411.167 618.621
411.438 571.637
411.709 548.654
411.981 522.670
412.252 468.686
412.523 474.703
412.794 441.719
413.065 401.735
413.336 371.751
413.607 331.767
413.878 305.783
414.150 313.799
414.421 264.815
414.692 309.831
414.963 292.847
415.234 276.863
415.505 256.879
415.776 239.895
416.047 242.911
416.319 191.927
416.590 166.942
416.861 140.958
417.132 148.974
417.403 163.989
417.674 136.005
417.945 113.020
418.217 128.036
418.488 149.051
418.759 101.067
419.030 85.082
419.301 109.098
419.572 129.113
419.843 77.128
420.114 73.144
420.386 109.159
420.657 155.174
420.928 119.189
421.199 121.204
421.470 84.220
421.741 48.235
422.012 65.250
422.283 57.265
422.555 69.280
422.826 117.295
423.097 95.310
423.368 80.324
423.639 82.339
423.910 90.354
424.181 52.369
424.453 29.384
424.724 113.398
424.995 145.413
425.266 128.428
425.537 67.442
425.808 64.457
426.079 94.472
426.350 120.486
426.622 93.501
426.893 131.515
427.164 96.530
427.435 70.544
427.706 83.558
427.977 79.573
428.248 129.587
428.519 91.601
428.791 89.616
429.062 105.630
429.333 69.644
429.604 83.658
429.875 84.672
430.146 119.686
430.417 122.700
430.689 77.714
430.960 45.728
431.231 72.742
431.502 106.756
431.773 110.770
432.044 68.784
432.315 105.798
432.586 122.812
432.858 110.826
433.129 60.840
433.400 56.853
433.671 82.867
433.942 138.881
434.213 92.894
434.484 101.908
434.755 89.922
435.027 80.935
435.298 79.949
435.569 116.962
435.840 121.976
436.116 142.989
436.391 97.003
436.667 66.016
436.942 123.029
437.218 136.043
437.493 146.056
437.769 150.069
438.045 93.083
438.320 90.096
438.596 72.109
438.871 63.122
439.147 80.135
439.422 67.148
439.698 82.161
439.974 88.175
440.249 110.188
440.525 114.201
440.800 79.214
441.076 86.227
441.351 83.239
441.627 128.252
441.903 121.265
442.178 65.278
442.454 98.291
442.729 162.304
443.005 77.316
443.281 108.329
443.556 135.342
443.832 121.355
444.107 107.367
444.383 57.380
444.658 62.392
444.934 49.405
445.210 89.418
445.485 145.430
445.761 177.443
446.036 153.455
446.312 145.468
446.587 137.480
446.863 94.492
447.139 105.505
447.414 166.517
447.690 154.529
447.965 137.542
448.241 127.554
448.516 122.566
448.792 137.578
449.068 134.591
449.343 119.603
449.619 102.615
449.894 97.627
450.170 88.639
450.445 142.651
450.721 208.663
450.997 135.675
451.272 93.687
451.548 88.699
451.823 110.711
452.099 140.723
452.375 136.735
452.650 128.747
452.926 99.759
453.201 104.771
453.477 182.782
453.752 161.794
454.028 136.806
454.304 145.818
454.579 176.829
454.855 149.841
455.130 118.853
455.406 133.864
455.681 160.876
455.957 107.887
456.233 80.899
456.508 171.911
456.784 166.922
457.059 145.934
457.335 112.945
457.610 100.956
457.886 113.968
458.162 133.979
458.437 135.991
458.713 145.002
458.988 142.013
459.264 98.025
459.539 103.036
459.815 113.047
460.091 112.058
460.366 116.070
460.642 103.081
460.917 103.092
461.193 89.103
461.468 78.114
461.744 141.125
462.020 97.136
462.295 74.147
462.571 89.158
462.846 112.169
463.122 107.180
463.397 120.191
463.673 123.079
463.949 95.118
464.224 74.150
464.500 115.120
464.775 110.246
465.051 97.063
465.327 95.172
465.602 90.098
465.878 153.136
466.153 106.088
466.429 96.214
466.704 110.101
466.980 91.332
467.256 126.343
467.531 158.512
467.807 141.647
468.082 105.586
468.358 129.515
468.633 166.060
468.909 72.697
469.185 91.876
469.460 149.323
469.736 147.470
470.011 130.361
470.287 96.035
470.562 74.061
470.838 86.256
471.114 125.747
471.389 90.404
471.665 87.473
471.940 146.276
472.216 159.444
472.491 143.406
472.767 97.922
473.043 100.975
473.318 115.185
473.594 119.494
473.869 89.107
474.145 102.342
474.421 148.131
474.696 138.985
474.972 121.826
475.247 113.805
475.523 139.158
475.798 140.329
476.074 100.482
476.350 88.272
476.625 79.198
476.901 115.905
477.176 146.347
477.452 109.586
477.727 117.734
478.003 79.006
478.279 58.691
478.554 78.010
478.830 81.151
479.105 102.316
479.381 114.393
479.656 113.389
479.932 126.455
480.208 130.385
480.483 109.030
480.759 121.173
481.034 104.899
481.310 107.939
481.585 89.586
481.861 122.861
482.137 95.557
482.412 120.621
482.688 107.337
482.963 50.067
483.239 71.068
483.514 76.088
483.790 142.945
484.066 165.789
484.341 159.645
484.617 150.522
484.892 126.351
485.168 135.316
485.443 85.489
485.719 71.582
485.995 105.179
486.270 95.173
486.546 110.820
486.821 157.318
487.097 118.517
487.373 94.740
487.648 104.406
487.924 143.643
488.199 121.900
488.475 65.917
488.750 71.679
489.026 102.180
489.302 92.376
489.577 119.745
489.853 114.740
490.128 112.790
490.404 77.463
490.679 86.278
490.955 110.641
491.231 104.784
491.506 140.121
491.782 104.028
492.057 58.925
492.333 82.417
492.608 103.952
492.884 110.810
493.160 102.013
493.435 94.378
493.711 87.524
493.986 108.994
494.262 96.365
494.537 87.550
494.813 103.346
495.089 103.456
495.364 88.730
495.640 55.340
495.915 18.020
496.191 85.978
496.467 104.790
496.742 97.902
497.018 106.001
497.293 107.984
497.569 133.791
497.844 113.272
498.120 111.301
498.396 128.395
498.671 90.795
498.947 140.456
499.222 102.831
499.498 85.031
499.773 125.836
500.049 158.996
500.325 165.151
500.600 121.490
500.876 107.606
501.151 166.005
501.427 193.289
501.702 190.476
501.978 179.429
502.254 172.750
502.529 207.796
502.805 230.168
503.080 216.296
503.356 179.186
503.631 172.305
503.907 178.735
504.183 137.245
504.458 169.642
504.734 191.724
505.009 203.866
505.285 195.983
505.560 177.593
505.836 162.599
506.112 161.595
506.387 124.154
506.663 132.125
506.938 103.822
507.214 86.641
507.490 105.754
507.765 140.973
508.041 201.526
508.316 198.507
508.592 165.889
508.867 161.706
509.143 152.507
509.419 109.298
509.694 77.994
509.970 83.017
510.245 99.876
510.521 135.784
510.796 108.683
511.072 133.666
511.348 126.428
511.623 107.493
511.899 81.335
512.174 75.304
512.450 115.911
512.725 113.935
513.001 104.910
513.277 99.863
513.552 136.235
513.828 116.250
514.103 84.616
514.379 111.334
514.654 107.185
514.930 106.000
515.206 131.419
515.481 155.960
515.757 122.361
516.032 91.916
516.308 128.854
516.583 109.223
516.859 102.202
517.135 112.920
517.410 132.144
517.686 183.658
517.961 181.721
518.237 175.557
518.513 167.479
518.788 207.944
519.064 211.410
519.339 168.144
519.615 209.494
519.890 260.408
520.166 245.714
520.442 249.334
520.717 257.041
520.993 279.454
521.268 305.178
521.544 358.121
521.819 312.291
522.095 345.588
522.371 322.253
522.646 314.590
522.922 316.211
523.197 325.796
523.473 363.769
523.748 384.829
524.024 319.764
524.300 305.417
524.575 314.993
524.851 320.741
525.126 326.178
525.402 372.430
525.677 375.307
525.953 345.319
526.229 342.457
526.504 322.696
526.780 311.878
527.055 285.389
527.331 306.449
527.606 322.075
527.882 342.826
528.158 315.383
528.433 334.229
528.709 301.606
528.984 282.419
529.260 299.315
529.535 233.713
529.811 248.129
530.087 256.313
530.362 277.761
530.638 259.213
530.913 286.721
531.189 261.908
531.465 231.026
531.740 213.865
532.016 211.177
532.291 173.466
532.567 164.119
532.842 192.226
533.118 215.698
533.394 197.467
533.669 164.784
533.945 110.316
534.220 112.268
534.496 143.543
534.771 151.486
535.047 135.055
535.323 126.405
535.598 172.141
535.874 223.097
536.149 239.940
536.425 234.310
536.700 262.692
536.976 324.979
537.252 374.372
537.527 442.526
537.803 499.507
538.078 621.932
538.354 643.571
538.629 691.455
538.905 745.595
539.181 808.216
539.456 869.366
539.732 1000.537
540.007 1016.338
540.283 1033.159
540.558 1081.504
540.834 1063.868
541.110 1035.224
541.385 1104.538
541.661 1129.297
541.936 1106.636
542.212 1123.491
542.488 1148.274
542.763 1179.995
543.039 1159.347
543.314 1140.504
543.590 1166.469
543.865 1174.420
544.141 1162.509
544.417 1137.690
544.692 1116.842
544.968 1148.626
545.243 1089.137
545.519 1042.382
545.794 1018.573
546.070 1069.276
546.348 1113.132
546.627 1022.568
546.905 1063.393
547.183 1144.703
547.461 1156.626
547.740 1183.444
548.018 1262.162
548.296 1267.866
548.575 1301.636
548.853 1340.371
549.131 1443.654
549.409 1429.331
549.688 1478.940
549.966 1552.359
550.244 1602.960
550.523 1601.378
550.801 1666.135
551.079 1683.286
551.357 1681.314
551.636 1751.793
551.914 1764.123
552.192 1786.811
552.471 1862.618
552.749 1916.097
553.027 1914.217
553.306 1970.355
553.584 2078.522
553.862 2199.276
554.140 2281.796
554.419 2279.015
554.697 2292.733
554.975 2358.989
555.254 2405.564
555.532 2390.526
555.810 2371.614
556.088 2318.315
556.367 2276.452
556.645 2267.434
556.923 2252.848
557.202 2163.201
557.480 2076.640
557.758 1985.398
558.036 1858.342
558.315 1706.638
558.593 1688.250
558.871 1558.537
559.150 1446.352
559.428 1322.374
559.706 1191.291
559.984 1083.969
560.263 999.997
560.541 883.545
560.819 748.563
561.098 702.899
561.376 619.250
561.654 510.602
561.932 495.699
562.211 463.052
562.489 403.499
562.767 346.496
563.046 306.488
563.324 271.651
563.602 290.169
563.880 280.299
564.159 269.747
564.437 254.154
564.715 196.821
564.994 162.278
565.272 186.276
565.550 188.979
565.828 144.060
566.107 225.423
566.385 220.097
566.663 134.479
566.942 153.826
567.220 184.571
567.498 204.946
567.776 177.066
568.055 152.072
568.333 149.192
568.611 147.558
568.890 161.051
569.168 124.688
569.446 102.591
569.725 144.142
570.003 149.945
570.281 132.687
570.559 168.475
570.838 160.899
571.116 135.867
571.394 101.957
571.673 143.768
571.951 125.466
572.229 87.608
572.507 141.148
572.786 187.983
573.064 139.486
573.342 111.253
573.621 107.573
573.899 149.529
574.177 153.587
574.455 115.619
574.734 118.673
575.012 159.774
575.290 157.977
575.569 135.588
575.847 128.856
576.125 106.290
576.403 94.612
576.682 157.640
576.960 151.060
577.243 130.247
577.527 141.218
577.810 109.696
578.093 102.906
578.377 115.960
578.660 127.823
578.944 109.053
579.227 84.522
579.510 124.254
579.794 118.430
580.077 126.246
580.360 127.368
580.644 129.486
580.927 131.608
581.210 115.708
581.494 62.159
581.777 61.107
582.061 77.109
582.344 60.242
582.627 75.202
582.911 90.162
583.194 133.172
583.477 94.254
583.761 95.257
584.044 145.163
584.327 117.341
584.611 103.360
584.894 93.375
585.178 85.387
585.461 121.356
585.744 154.328
586.028 150.488
586.311 138.493
586.594 145.498
586.878 113.503
587.161 116.507
587.444 90.512
587.728 103.517
588.011 150.522
588.295 135.527
588.578 111.420
588.861 148.388
589.145 146.542
589.428 101.648
589.711 83.551
589.995 111.445
590.278 137.424
590.562 150.566
590.845 150.420
591.128 123.329
591.412 107.365
591.695 102.483
591.978 123.343
592.262 86.508
592.545 92.322
592.828 114.375
593.112 96.320
593.395 77.381
593.679 57.389
593.962 126.119
594.245 176.744
594.529 135.953
594.812 59.282
595.095 52.380
595.379 124.773
595.662 185.538
595.945 147.623
596.229 78.036
596.512 93.728
596.796 109.683
597.079 114.529
597.362 133.346
597.646 106.512
597.929 139.158
598.212 95.547
598.496 116.302
598.779 124.089
599.062 127.055
599.346 143.842
599.629 128.911
599.913 114.996
600.196 85.444
600.479 68.632
600.763 104.172
601.046 102.005
601.329 88.330
601.613 89.231
601.896 127.584
602.179 127.463
602.463 108.803
602.746 111.754
603.030 128.458
603.313 128.337
603.596 102.826
603.880 117.435
604.163 92.930
604.446 75.213
604.730 95.786
605.013 155.383
605.296 181.005
605.580 96.778
605.863 69.359
606.147 52.713
606.430 96.791
606.713 137.797
606.997 124.224
607.280 143.676
607.563 169.121
607.847 132.792
608.130 139.912
608.414 150.543
608.697 139.784
608.980 151.678
609.264 152.812
609.547 139.933
609.830 130.143
610.114 130.148
610.397 130.152
610.680 136.878
610.964 117.543
611.247 124.410
611.531 123.555
611.814 83.323
612.097 81.365
612.381 103.838
612.664 173.621
612.947 147.128
613.231 125.543
613.514 132.546
613.797 150.232
614.081 132.555
614.364 133.541
614.648 118.810
614.931 110.956
615.214 143.377
615.498 151.388
615.781 118.077
616.064 79.695
616.348 68.872
616.631 126.087
616.914 181.085
617.198 148.755
617.481 136.937
617.765 126.228
618.048 140.177
618.331 120.438
618.615 138.347
618.898 101.790
619.181 97.842
619.465 119.703
619.748 144.435
620.031 128.741
620.315 150.676
620.598 182.576
620.882 168.858
621.165 124.299
621.448 106.410
621.732 124.430
622.015 79.658
622.298 89.791
622.582 107.849
622.865 143.925
623.148 136.936
623.432 135.212
623.715 89.170
623.999 135.491
624.282 148.684
624.565 136.914
624.849 119.816
625.132 94.860
625.415 128.130
625.699 190.826
625.982 142.394
626.265 128.531
626.549 111.233
626.832 119.318
627.116 167.807
627.399 140.538
627.682 211.831
627.966 190.474
628.249 82.640
628.532 67.486
628.816 145.589
629.099 183.523
629.383 103.263
629.666 102.062
629.949 78.852
630.233 111.503
630.516 143.881
630.799 162.393
631.083 144.165
631.366 156.680
631.649 146.266
631.933 145.147
632.216 155.316
632.500 179.360
632.783 215.734
633.066 237.607
633.350 195.376
633.633 210.635
633.916 232.905
634.200 204.435
634.483 171.676
634.766 177.873
635.050 208.797
635.333 259.982
635.617 263.290
635.900 295.970
636.183 335.149
636.467 371.697
636.750 417.226
637.033 432.324
637.317 412.293
637.600 424.127
637.883 465.046
638.167 458.047
638.450 493.710
638.734 511.503
639.017 515.252
639.300 582.671
639.584 588.678
639.867 643.873
640.150 650.425
640.434 681.298
640.717 776.927
641.000 855.435
641.284 873.195
641.567 920.788
641.851 985.365
642.134 1070.468
642.417 1152.648
642.701 1303.402
642.984 1449.851
643.267 1542.457
643.551 1699.764
643.834 1910.358
644.117 2066.812
644.401 2372.408
644.684 2748.231
644.968 3185.320
645.251 3641.998
645.534 4026.617
645.818 4562.267
646.101 5104.583
646.384 5741.206
646.668 6542.148
646.951 7301.776
647.235 8240.033
647.518 9029.510
647.801 9956.205
648.085 10746.859
648.368 11536.099
648.651 12341.553
648.935 13193.424
649.218 14163.295
649.501 15327.449
649.785 16447.671
650.068 17556.066
650.352 18722.789
650.635 20080.753
650.918 21604.958
651.202 23001.370
651.485 24359.399
651.768 25643.014
652.052 26704.914
652.335 27676.655
652.618 28528.166
652.902 29561.866
653.185 30308.142
653.469 31142.347
653.752 31617.110
654.035 31999.494
654.319 32182.375
654.602 32351.060
654.885 32343.922
655.169 32529.953
655.452 32501.472
655.735 32662.548
656.019 32750.746
656.302 32902.991
656.586 32824.037
656.869 32770.513
657.152 32927.371
657.436 33183.437
657.719 33346.602
658.002 33598.916
658.286 33930.838
658.569 34079.567
658.852 34005.609
659.136 34411.715
659.419 34372.125
659.703 34485.834
659.986 34664.517
660.269 34740.135
660.553 34737.354
660.836 34718.048
661.119 34683.499
661.403 34561.676
661.686 34128.758
661.969 33806.279
662.253 33365.423
662.536 33006.686
662.820 32064.485
663.103 31182.136
663.386 30397.149
663.670 29771.392
663.953 28728.336
664.236 27764.538
664.520 26685.514
664.803 25748.334
665.086 24668.632
665.370 23737.196
665.653 22445.405
665.937 21325.171
666.220 20259.251
666.503 18959.052
666.787 17714.633
667.070 16746.577
667.353 15644.954
667.637 14521.945
667.920 13580.772
668.204 12613.066
668.487 11599.845
668.770 10666.650
669.054 9804.128
669.337 9085.277
669.620 8337.064
669.904 7610.655
670.187 7045.532
670.470 6552.724
670.754 5984.360
671.037 5385.149
671.321 5049.723
671.604 4743.029
671.887 4350.753
672.171 4093.847
672.454 3788.028
672.737 3643.130
673.021 3509.434
673.304 3338.502
673.587 3143.433
673.871 2983.238
674.154 2846.725
674.438 2636.910
674.721 2486.862
675.004 2343.333
675.288 2225.023
675.571 2155.227
675.854 2071.811
676.138 1948.177
676.421 1844.928
676.704 1756.961
676.988 1684.975
677.271 1610.273
677.555 1526.109
677.838 1439.245
678.121 1314.828
678.405 1231.632
678.688 1262.691
678.971 1230.044
679.255 1115.939
679.538 1123.204
679.821 1055.780
680.105 973.805
680.388 918.772
680.672 929.086
680.955 882.312
681.238 802.067
681.522 767.973
681.805 787.062
682.088 787.287
682.372 718.247
682.655 634.448
682.938 632.364
683.222 586.438
683.505 560.931
683.789 556.754
684.072 551.532
684.355 493.548
684.639 471.631
684.922 494.598
685.205 434.059
685.489 459.114
685.772 471.091
686.056 478.909
686.339 470.544
686.622 388.145
686.906 403.806
687.189 451.825
687.472 440.346
687.756 403.394
688.039 380.853
688.322 369.374
688.606 420.525
688.889 433.054
689.173 421.575
689.456 435.148
689.739 449.765
690.023 408.632
690.306 440.960
690.589 380.087
690.873 394.263
691.156 439.011
691.439 390.106
691.723 362.013
692.006 331.144
692.290 336.695
692.573 368.539
692.856 371.924
693.140 320.113
693.423 311.503
693.706 299.394
693.990 297.743
694.273 356.323
694.556 375.566
694.840 399.096
695.123 386.290
695.407 415.822
695.690 422.178
695.973 401.997
696.257 428.363
696.540 468.048
696.830 476.820
697.120 503.544
697.410 477.363
697.699 467.645
697.989 505.079
698.279 553.805
698.569 479.470
698.859 447.710
699.149 430.437
699.439 432.043
699.729 406.095
700.018 345.894
700.308 339.428
700.598 348.605
700.888 289.618
701.178 268.007
701.468 273.823
701.758 228.969
702.048 184.844
702.337 191.100
702.627 184.663
702.917 173.565
703.207 200.409
703.497 164.999
703.787 156.795
704.077 146.895
704.366 179.736
704.656 173.540
704.946 110.022
705.236 128.896
705.526 190.646
705.816 223.583
706.106 174.509
706.396 126.529
706.685 97.357
706.975 105.304
707.265 79.329
707.555 109.281
707.845 149.701
708.135 151.686
708.425 143.334
708.715 143.478
709.004 171.995
709.294 138.401
709.584 160.813
709.874 147.009
710.164 79.951
710.454 64.301
710.744 108.662
711.034 139.130
711.323 119.173
711.613 126.066
711.903 135.777
712.193 123.980
712.483 94.484
712.773 126.935
713.063 143.372
713.352 124.484
713.642 109.581
713.932 121.077
714.222 128.633
714.512 111.973
714.802 74.720
715.092 129.955
715.382 116.167
715.671 105.327
715.961 125.358
716.251 135.958
716.541 134.867
716.831 126.086
717.121 103.674
717.411 111.133
717.701 114.963
717.990 80.516
718.280 81.320
718.570 81.322
718.860 81.247
719.150 120.486
719.440 107.969
719.730 99.479
720.019 164.272
720.309 135.778
720.599 109.037
720.889 116.904
721.179 105.423
721.469 114.147
721.759 120.970
722.049 155.488
722.338 83.583
722.628 37.636
722.918 87.506
723.208 104.023
723.498 54.987
723.788 76.217
724.078 158.028
724.368 115.906
724.657 71.480
724.947 97.588
725.237 180.696
725.527 182.629
725.817 71.559
726.107 52.426
726.397 75.639
726.686 24.385
726.976 91.118
727.266 130.772
727.556 124.005
727.846 174.466
728.136 131.746
728.426 77.740
728.716 57.394
729.005 55.458
729.295 48.678
729.585 72.075
729.875 116.512
730.165 124.387
730.455 138.938
730.745 142.959
731.035 129.369
731.324 114.058
731.614 77.917
731.904 77.023
732.194 101.321
732.484 108.231
732.774 104.342
733.064 113.100
733.354 104.347
733.643 119.289
733.933 124.048
734.223 99.684
734.513 107.484
734.803 150.518
735.093 109.544
735.383 83.286
735.672 127.234
735.962 142.162
736.252 90.217
736.542 86.478
736.832 126.637
737.122 115.980
737.412 127.746
737.702 117.079
737.991 80.771
738.281 112.398
738.571 119.166
738.861 114.481
739.151 90.862
739.441 87.825
739.731 67.178
740.021 60.416
740.310 81.188
740.600 154.321
740.890 111.654
741.180 78.313
741.470 110.892
741.760 147.419
742.050 143.473
742.339 107.162
742.629 72.545
742.919 85.405
743.209 94.217
743.499 120.029
743.789 74.606
744.079 100.350
744.369 100.253
744.658 55.856
744.948 80.555
745.238 133.164
745.528 132.176
745.818 149.174
746.108 130.327
746.398 127.480
746.688 133.440
746.977 146.352
747.267 117.556
747.557 118.669
747.847 109.725
748.137 100.881
748.427 104.863
748.717 104.970
749.006 88.947
749.296 136.847
749.586 111.837
749.876 91.034
750.166 90.040
750.456 120.043
750.746 89.227
751.036 81.245
751.325 136.137
751.615 127.284
751.905 117.296
752.195 104.416
752.485 75.418
752.775 67.488
753.065 128.551
753.355 158.583
753.644 124.551
753.934 172.117
754.224 163.923
754.514 165.094
754.804 127.819
755.094 106.758
755.384 92.718
755.674 130.834
755.963 140.867
756.253 95.829
756.543 57.621
756.833 113.015
757.123 135.996
757.413 99.954
757.703 98.951
757.992 111.014
758.282 101.868
758.572 95.943
758.862 76.849
759.152 71.826
759.442 93.845
759.732 93.941
760.022 109.019
760.311 76.937
760.601 84.988
760.891 125.231
761.181 110.032
761.471 59.843
761.761 55.877
762.051 61.922
762.341 59.849
762.630 92.137
762.920 151.555
763.210 177.920
763.500 116.313
763.793 78.047
764.086 86.106
764.379 97.087
764.671 131.295
764.964 134.315
765.257 113.190
765.550 93.259
765.843 67.052
766.136 133.586
766.429 114.435
766.722 94.181
767.014 94.088
767.307 90.157
767.600 77.067
767.893 82.187
768.186 108.399
768.479 109.409
768.772 135.621
769.064 97.316
769.357 99.234
769.650 77.159
769.943 95.210
770.236 127.438
770.529 93.294
770.822 88.256
771.115 122.532
771.407 167.057
771.700 146.878
771.993 114.705
772.286 119.636
772.579 94.316
772.872 96.334
773.165 83.232
773.457 65.088
773.750 85.338
774.043 124.694
774.336 112.701
774.629 85.258
774.922 138.827
775.215 107.547
775.508 95.248
775.800 84.088
776.093 119.421
776.386 128.358
776.679 110.362
776.972 113.385
777.265 123.458
777.558 110.257
777.850 51.857
778.143 44.823
778.436 92.154
778.729 93.068
779.022 140.307
779.315 89.052
779.608 36.793
779.900 87.046
780.193 111.169
780.486 108.047
780.779 103.928
781.072 126.872
781.365 127.001
781.658 121.107
781.951 126.129
782.243 112.852
782.536 90.992
782.829 95.010
783.122 85.976
783.415 80.877
783.708 112.975
784.001 96.928
784.293 82.888
784.586 124.891
784.879 148.941
785.172 121.767
785.465 76.801
785.758 75.801
786.051 86.825
786.344 90.653
786.636 137.793
786.929 132.789
787.222 114.001
787.515 117.778
787.808 119.543
788.101 76.588
788.394 85.580
788.686 127.540
788.979 124.670
789.272 101.570
789.565 84.504
789.858 91.492
790.151 96.581
790.444 113.565
790.737 72.681
791.029 51.580
791.322 76.532
791.615 75.460
791.908 106.582
792.201 76.537
792.494 84.439
792.787 134.157
793.079 134.293
793.372 80.376
793.665 89.431
793.958 69.493
794.251 72.485
794.544 124.208
794.837 139.289
795.130 118.353
795.422 118.355
795.715 83.462
796.008 83.547
796.301 83.382
796.594 81.392
796.887 101.314
797.180 122.354
797.472 103.413
797.765 55.558
798.058 61.481
798.351 74.505
798.644 46.590
798.937 65.535
799.230 78.420
799.523 150.285
799.815 170.227
800.108 121.375
800.401 89.472
800.694 88.565
800.987 103.434
801.280 156.590
801.573 107.640
801.865 129.620
802.158 76.598
802.451 33.686
802.744 70.614
803.037 128.500
803.330 114.644
803.623 116.527
803.915 151.459
804.208 133.630
804.501 103.869
804.794 90.858
805.087 94.769
805.380 73.919
805.673 42.815
805.966 63.838
806.258 68.914
806.551 105.199
806.844 106.204
807.137 129.428
807.430 85.123
807.723 81.109
808.016 114.243
808.308 138.620
808.601 88.142
808.894 66.189
809.187 88.412
809.480 116.494
809.773 114.369
810.066 107.443
810.359 58.208
810.651 92.636
810.944 59.278
811.237 53.285
811.530 108.786
811.825 66.473
812.119 83.563
812.414 101.728
812.709 78.600
813.003 35.238
813.298 57.449
813.593 111.265
813.887 102.045
814.182 106.311
814.476 89.161
814.771 114.544
815.066 122.917
815.360 72.997
815.655 19.137
815.950 71.040
816.244 80.197
816.539 96.673
816.834 100.752
817.128 143.713
817.423 159.878
817.718 147.078
818.012 81.891
818.307 80.785
818.602 75.663
818.896 101.488
819.191 92.344
819.486 76.058
819.780 99.747
820.075 146.394
820.369 176.688
820.664 111.655
820.959 132.361
821.253 136.645
821.548 117.994
821.843 144.201
822.137 148.511
822.432 99.863
822.727 42.618
823.021 71.892
823.316 127.350
823.611 140.184
823.905 79.619
824.200 52.504
824.495 99.030
824.789 125.403
825.084 114.735
825.379 92.706
825.673 66.406
825.968 88.771
826.262 113.231
826.557 114.656
826.852 74.196
827.146 68.890
827.441 56.094
827.736 149.573
828.030 143.358
828.325 84.821
828.620 95.438
828.914 104.043
829.209 45.451
829.504 102.765
829.798 137.470
830.093 114.070
830.388 92.930
830.682 69.603
830.977 103.069
831.271 119.661
831.566 90.919
831.861 110.564
832.155 131.935
832.450 113.792
832.745 79.304
833.039 66.728
833.334 54.119
833.629 74.115
833.923 51.446
834.218 50.184
834.513 97.031
834.807 108.610
835.102 78.233
835.397 98.656
835.691 112.036
835.986 69.688
836.281 91.032
836.575 107.578
836.870 51.706
837.164 74.241
837.459 87.842
837.754 67.335
838.048 36.157
838.343 67.536
838.638 49.024
838.932 86.658
839.227 120.394
839.522 97.087
839.816 65.569
840.111 65.964
840.406 66.230
840.700 98.856
840.995 136.885
841.290 134.800
841.584 112.675
841.879 105.235
842.174 94.470
842.468 85.659
842.763 99.661
843.057 103.681
843.352 43.550
843.647 56.604
843.941 69.875
844.236 78.988
844.531 72.811
844.825 83.047
845.120 164.642
845.415 153.242
845.709 75.213
846.004 97.880
846.299 71.423
846.593 82.863
846.888 62.990
847.183 71.026
847.477 86.909
847.772 99.890
848.066 120.459
848.361 125.291
848.656 95.789
848.950 110.867
849.245 143.032
849.540 90.402
849.834 85.926
850.129 120.430
850.424 126.310
850.718 109.215
851.013 118.413
851.308 111.390
851.602 89.577
851.897 72.524
852.192 87.285
852.486 95.105
852.781 100.834
853.076 129.472
853.370 113.307
853.665 105.300
853.959 142.732
854.254 117.486
854.549 158.356
854.843 103.688
855.138 61.269
855.433 122.356
855.727 142.582
856.022 39.597
856.317 23.753
856.611 39.467
856.906 64.027
857.201 130.100
857.495 157.775
857.790 124.081
858.085 99.169
858.379 123.258
858.674 109.941
858.969 84.321
859.263 67.469
859.558 115.706
859.852 112.156
860.147 80.114
860.442 73.295
860.736 36.020
861.031 77.164
861.326 118.296
861.620 87.455
861.915 99.109
862.210 128.834
862.504 92.157
862.799 78.973
863.094 125.615
863.388 124.288
863.683 93.405
863.978 37.006
864.272 52.719
864.567 101.873
864.861 82.813
865.156 110.623
865.451 79.177
865.745 79.886
866.040 62.014
866.335 67.037
866.629 99.891
866.924 104.714
867.219 97.336
867.513 147.190
867.808 146.592
868.103 53.801
868.397 58.808
868.692 100.105
868.987 113.124
869.281 81.514
869.576 128.365
869.871 144.254
870.165 104.797
870.460 89.753
870.754 84.606
871.049 55.670
871.344 120.907
871.638 164.973
871.933 121.300
872.228 123.150
872.522 142.556
872.817 164.504
873.112 164.505
873.406 118.172
873.701 143.539
873.996 121.839
874.290 113.940
874.585 86.535
874.880 83.543
875.174 88.137
875.469 86.121
875.764 127.545
876.058 110.066
876.353 75.949
876.647 46.245
876.942 68.274
877.237 78.606
877.531 86.970
877.826 114.534
878.121 103.752
878.415 85.611
878.710 98.627
879.005 117.345
879.299 100.050
879.594 81.989
879.889 85.672
880.183 79.884
880.478 76.855
880.773 99.122
881.067 115.713
881.362 115.499
881.656 113.219
881.951 87.189
882.246 55.555
882.540 63.748
882.835 57.140
883.130 91.065
883.424 72.501
883.719 50.432
884.014 47.560
884.308 89.412
884.603 98.253
884.898 30.052
885.192 81.462
885.487 101.337
885.782 68.632
886.076 118.869
886.371 121.350
886.666 91.646
886.960 96.941
887.255 109.389
887.549 89.534
887.844 82.386
888.139 88.406
888.433 126.506
888.728 100.528
889.023 88.095
889.317 118.969
889.612 85.206
889.907 72.743
890.201 66.549
890.496 95.669
890.791 56.716
891.085 44.311
891.380 68.143
891.675 70.854
891.969 105.308
892.264 94.458
892.559 108.651
892.853 104.335
893.148 65.501
893.442 71.555
893.737 87.492
894.032 107.680
894.326 74.201
894.621 45.127
894.916 53.987
895.210 76.848
895.505 71.752
895.800 89.500
896.094 95.521
896.389 101.701
896.684 92.958
896.978 99.938
897.273 62.096
897.568 61.159
897.862 102.770
898.157 115.150
898.451 125.872
898.746 115.254
899.041 103.842
899.335 95.872
899.630 72.022
899.925 81.702
900.219 102.961
900.514 153.722
900.809 125.663
901.103 69.491
901.398 73.044
901.693 78.583
901.987 67.068
902.282 62.557
902.577 84.971
902.871 95.592
903.166 67.132
903.461 60.050
903.755 79.766
904.050 88.046
904.344 77.433
904.639 89.024
904.934 72.049
905.228 51.496
905.523 42.619
905.818 66.005
906.112 80.421
906.407 106.740
906.702 96.989
906.996 99.612
907.291 81.917
907.586 60.030
907.880 107.425
908.175 99.341
908.470 69.343
908.764 90.171
909.059 121.384
909.354 95.146
909.648 94.321
909.943 89.756
910.237 73.453
910.532 78.172
910.827 74.506
911.121 80.998
911.416 106.883
911.711 119.752
912.005 97.874
912.300 70.380
912.599 89.078
912.898 51.151
913.196 91.183
913.495 87.474
913.794 112.731
914.093 120.984
914.391 129.582
914.690 107.557
914.989 102.057
915.288 109.425
915.586 106.827
915.885 76.129
916.184 37.812
916.483 66.894
916.782 117.772
917.080 109.315
917.379 97.281
917.678 70.983
917.977 50.392
918.275 65.578
918.574 89.484
918.873 72.477
919.172 65.955
919.471 44.031
919.769 49.877
920.068 46.153
920.367 70.166
920.666 72.358
920.964 94.544
921.263 88.947
921.562 55.336
921.861 60.338
922.159 66.276
922.458 36.209
922.757 40.207
923.056 66.732
923.355 92.395
923.653 102.190
923.952 129.142
924.251 102.695
924.550 76.196
924.848 100.139
925.147 98.456
925.446 86.650
925.745 88.811
926.043 84.009
926.342 115.231
926.641 94.347
926.940 71.563
927.239 97.937
927.537 151.869
927.836 73.231
928.135 25.713
928.434 80.644
928.732 110.566
929.031 97.601
929.330 112.161
929.629 79.505
929.927 98.208
930.226 120.456
930.525 130.314
930.824 150.535
931.123 142.640
931.421 126.169
931.720 81.696
932.019 72.500
932.318 143.097
932.616 93.543
932.915 65.054
933.214 95.848
933.513 159.621
933.812 101.398
934.110 93.335
934.409 131.969
934.708 105.154
935.007 129.534
935.305 139.037
935.604 118.909
935.903 108.556
936.202 108.402
936.500 138.350
936.799 202.169
937.098 186.666
937.397 153.175
937.696 147.327
937.994 129.488
938.293 136.163
938.592 137.766
938.891 122.536
939.189 94.361
939.488 151.884
939.787 153.756
940.086 89.192
940.384 88.298
940.683 90.575
940.982 137.960
941.281 172.690
941.580 152.220
941.878 128.823
942.177 113.465
942.476 140.328
942.775 170.434
943.073 122.478
943.372 66.581
943.671 107.638
943.970 119.195
944.268 136.766
944.567 139.492
944.866 155.575
945.165 190.386
945.464 145.132
945.762 97.847
946.061 103.205
946.360 167.509
946.659 175.387
946.957 184.623
947.256 183.838
947.555 166.086
947.854 188.452
948.153 141.046
948.451 60.651
948.750 79.649
949.049 78.993
949.348 81.410
949.646 112.303
949.945 167.025
950.244 200.314
950.543 174.844
950.841 124.579
951.140 39.039
951.439 55.764
951.738 80.101
952.037 168.321
952.335 164.438
952.634 99.538
952.933 84.964
953.232 91.126
953.530 68.829
953.829 148.613
954.128 170.771
954.427 111.114
954.725 132.325
955.024 110.980
955.323 56.577
955.622 98.848
955.921 159.966
956.219 195.962
956.518 137.938
956.817 115.605
957.116 97.581
957.414 104.312
957.713 94.434
958.012 150.244
958.311 137.904
958.610 138.747
958.908 120.487
959.207 94.568
959.506 132.950
959.805 147.119
960.103 110.631
960.402 83.202
960.701 61.546
961.000 74.768
961.298 69.955
961.597 84.514
961.896 108.786
962.195 79.326
962.494 143.223
962.792 102.833
963.091 112.983
963.390 80.744
963.689 86.861
963.987 126.745
964.286 145.087
964.585 113.690
964.884 80.783
965.182 84.663
965.481 138.155
965.780 170.231
966.080 153.211
966.380 135.861
966.680 81.805
966.981 91.334
967.281 133.784
967.581 125.257
967.881 119.927
968.181 167.903
968.481 122.605
968.781 96.066
969.082 106.120
969.382 90.282
969.682 104.624
969.982 127.759
970.282 159.810
970.582 163.320
970.882 106.284
971.183 84.473
971.483 66.565
971.783 106.998
972.083 126.568
972.383 170.827
972.683 148.098
972.983 127.855
973.284 106.710
973.584 126.169
973.884 104.651
974.184 38.513
974.484 81.972
974.784 62.193
975.084 77.293
975.385 74.940
975.685 83.011
975.985 101.549
976.285 72.904
976.585 58.455
976.885 57.381
977.185 85.809
977.486 77.530
977.786 90.887
978.086 111.528
978.386 124.647
978.686 98.511
978.986 62.527
979.286 75.528
979.587 38.529
979.887 103.530
980.187 84.531
980.487 99.532
980.787 138.533
981.087 116.534
981.387 146.535
981.688 132.536
981.988 97.537
982.288 92.538
982.588 108.538
982.888 108.539
983.188 103.540
983.488 94.541
983.789 110.542
984.089 116.543
984.389 124.544
984.689 114.545
984.989 100.546
985.289 88.547
985.589 117.548
985.890 128.549
986.190 67.550
986.490 98.551
986.790 114.551
987.090 77.552
987.390 103.553
987.690 108.554
987.991 84.555
988.291 103.556
988.591 112.557
988.891 58.558
989.191 67.559
989.491 88.560
989.791 93.561
990.092 115.562
990.392 71.562
990.692 128.563
990.992 126.564
991.292 69.565
991.592 69.566
991.892 125.567
992.193 124.568
992.493 129.569
992.793 105.570
993.093 104.571
993.393 86.572
993.693 60.572
993.993 104.573
994.294 147.574
994.594 148.575
994.894 115.576
995.194 104.577
995.494 110.578
995.794 66.579
996.094 75.580
996.395 95.580
996.695 98.581
996.995 73.582
997.295 47.583
997.595 97.584
997.895 75.585
998.195 60.586
998.496 116.587
998.796 101.588
999.096 121.588
999.396 90.589
999.696 64.590
999.996 67.591
1000.296 90.592
1000.597 126.593
1000.897 113.594
1001.197 71.595
1001.497 89.596
1001.797 80.596
1002.097 45.597
1002.397 40.598
1002.698 82.599
1002.998 102.600
1003.298 112.601
1003.598 129.602
1003.898 141.603
1004.198 160.603
1004.498 116.604
1004.799 83.605
1005.099 104.606
1005.399 112.607
1005.699 106.608
1005.999 91.609
1006.299 84.609
1006.599 139.610
1006.900 131.611
1007.200 86.612
1007.500 103.613
1007.800 115.614
1008.100 101.615
1008.400 88.616
1008.700 62.616
1009.001 68.617
1009.301 69.618
1009.601 121.619
1009.901 179.620
1010.201 147.621
1010.501 76.622
1010.801 73.622
1011.102 79.623
1011.402 102.624
1011.702 93.625
1012.002 71.626
1012.302 64.627
1012.602 80.628
1012.902 125.628
1013.203 122.629
1013.503 78.630
1013.803 127.631
1014.103 92.632
1014.403 89.633
1014.703 83.633
1015.003 73.634
1015.304 121.635
1015.604 128.636
1015.904 98.637
1016.204 119.638
1016.504 96.638
1016.804 121.639
1017.104 137.640
1017.405 111.641
1017.705 95.642
1018.005 76.643
1018.305 97.643
1018.605 100.644
1018.905 45.645
1019.205 75.646
1019.506 129.647
1019.806 127.648
1020.106 108.648
1020.406 93.649
1020.706 80.650
1021.006 59.651
1021.306 98.652
1021.607 82.653
1021.907 33.653
1022.207 80.654
1022.507 66.655
1022.807 94.656
1023.107 142.657
1023.407 83.658
1023.708 52.658
1024.008 95.659
1024.308 112.660
1024.608 93.661
1024.908 90.662
1025.208 83.662
1025.508 117.663
1025.809 120.664
1026.109 148.665
1026.409 178.666
1026.709 142.667
1027.009 175.667
1027.309 115.668
1027.609 23.669
1027.910 21.670
1028.210 91.671
1028.510 120.671
1028.810 111.672
1029.110 135.673
1029.410 146.674
1029.710 98.675
1030.011 126.675
1030.311 136.676
1030.611 125.677
1030.911 133.678
1031.211 131.679
1031.511 114.679
1031.811 113.680
1032.112 126.681
1032.412 121.682
1032.712 78.683
1033.012 76.683
1033.312 90.684
1033.612 100.685
1033.912 134.686
1034.212 92.687
1034.513 70.687
1034.813 118.688
1035.113 138.689
1035.413 126.690
1035.713 128.691
1036.013 125.691
1036.313 98.692
1036.614 91.693
1036.914 78.694
1037.214 75.695
1037.514 53.695
1037.814 81.696
1038.114 103.697
1038.414 107.698
1038.715 117.699
1039.015 64.699
1039.315 51.700
1039.615 86.701
1039.915 90.702
1040.215 101.702
1040.515 127.703
1040.816 150.704
1041.116 135.705
1041.416 39.706
1041.716 61.706
1042.016 82.707
1042.316 114.708
1042.616 106.709
1042.917 97.709
1043.217 97.710
1043.517 94.711
1043.817 107.712
1044.117 119.713
1044.417 126.713
1044.717 161.714
1045.018 102.715
1045.318 62.716
1045.618 97.716
1045.918 135.717
1046.218 119.718
1046.518 65.719
1046.818 89.719
1047.119 94.720
1047.419 98.721
1047.719 103.722
1048.019 121.723
1048.319 109.723
1048.619 112.724
1048.919 120.725
1049.220 77.726
1049.520 108.726
1049.820 93.727
1050.120 54.728
1050.420 88.729
1050.720 90.729
1051.020 100.730
1051.321 136.731
1051.621 172.732
1051.921 128.732
1052.221 95.733
1052.521 54.734
1052.821 46.735
1053.121 89.735
1053.422 121.736
1053.722 131.737
1054.022 112.738
1054.322 141.738
1054.622 123.739
1054.922 117.740
1055.222 126.741
1055.523 95.741
1055.823 98.742
1056.123 93.743
1056.423 71.744
1056.723 101.744
1057.023 121.745
1057.323 129.746
1057.624 132.747
1057.924 78.747
1058.224 83.748
1058.524 90.749
1058.824 76.750
1059.124 114.750
1059.424 94.751
1059.725 81.752
1060.025 76.753
1060.325 96.753
1060.625 93.754
1060.925 71.755
1061.225 76.755
1061.525 124.756
1061.826 120.757
1062.126 128.758
1062.426 100.758
1062.726 99.759
1063.026 89.760
1063.326 145.761
1063.626 155.761
1063.927 135.762
1064.227 70.763
1064.527 43.763
1064.827 109.764
1065.127 128.765
1065.427 111.766
1065.727 134.766
1066.028 147.767
1066.328 133.768
1066.628 65.769
1066.928 51.769
1067.228 92.770
1067.528 64.771
1067.828 53.771
1068.129 54.772
1068.429 112.773
1068.729 126.774
1069.029 81.774
1069.329 46.775
1069.629 18.776
1069.929 55.776
1070.230 118.777
1070.530 116.778
1070.830 103.779
1071.130 128.779
1071.430 119.780
1071.730 108.781
1072.030 148.781
1072.331 89.782
1072.631 59.783
1072.931 88.784
1073.231 99.784
1073.531 102.785
1073.831 78.786
1074.131 115.786
1074.432 126.787
1074.732 114.788
1075.032 93.789
1075.332 69.789
1075.632 99.790
1075.932 94.791
1076.232 82.791
1076.533 105.792
1076.833 79.793
1077.133 117.793
1077.433 119.794
1077.733 108.795
1078.033 98.796
1078.333 116.796
1078.634 127.797
1078.934 133.798
1079.234 129.798
1079.534 157.799
1079.834 132.800
1080.134 138.800
1080.434 122.801
1080.735 104.802
1081.035 118.803
1081.335 96.803
1081.635 81.804
1081.935 69.805
1082.235 36.805
1082.535 53.806
1082.836 55.807
1083.136 123.807
1083.436 146.808
1083.736 109.809
1084.036 144.809
1084.336 115.810
1084.636 105.811
1084.937 126.811
1085.237 116.812
1085.537 99.813
1085.837 108.814
1086.137 97.814
1086.437 69.815
1086.737 108.816
1087.038 112.816
1087.338 110.817
1087.638 115.818
1087.938 98.818
1088.238 93.819
1088.538 113.820
1088.838 118.820
1089.139 127.821
1089.439 87.822
1089.739 78.822
1090.039 131.823
1090.339 126.824
1090.639 107.824
1090.939 129.825
1091.240 106.826
1091.540 127.826
1091.840 115.827
1092.140 77.828
1092.453 104.828
1092.766 123.829
1093.079 101.830
1093.392 111.830
1093.705 130.831
1094.018 127.832
1094.330 107.832
1094.643 119.833
1094.956 114.834
1095.269 89.834
1095.582 93.835
1095.895 110.836
1096.208 84.836
1096.521 103.837
1096.834 92.838
1097.147 102.838
1097.460 149.839
1097.773 156.840
1098.085 107.840
1098.398 83.841
1098.711 110.842
1099.024 75.842
1099.337 72.843
1099.650 126.844
1099.963 130.844
1100.276 148.845
1100.589 124.846
1100.902 102.846
1101.215 105.847
1101.528 119.848
1101.841 102.848
1102.153 149.849
1102.466 144.850
1102.779 83.850
1103.092 73.851
1103.405 90.852
1103.718 75.852
1104.031 87.853
1104.344 76.854
1104.657 74.854
1104.970 127.855
1105.283 106.855
1105.596 103.856
1105.909 140.857
1106.221 162.857
1106.534 158.858
1106.847 122.859
1107.160 101.859
1107.473 64.860
1107.786 95.861
1108.099 116.861
1108.412 102.862
1108.725 99.863
1109.038 111.863
1109.351 100.864
1109.664 88.864
1109.977 72.865
1110.289 99.866
1110.602 89.866
1110.915 28.867
1111.228 82.868
1111.541 111.868
1111.854 64.869
1112.167 81.870
1112.480 101.870
1112.793 101.871
1113.106 145.871
1113.419 168.872
1113.732 121.873
1114.044 95.873
1114.357 137.874
1114.670 159.875
1114.983 137.875
1115.296 114.876
1115.609 123.877
1115.922 140.877
1116.235 85.878
1116.548 97.878
1116.861 91.879
1117.174 105.880
1117.487 129.880
1117.800 100.881
1118.112 63.882
1118.425 66.882
1118.738 87.883
1119.051 98.883
1119.364 111.884
1119.677 95.885
1119.990 101.885
1120.303 95.886
1120.616 130.887
1120.929 134.887
1121.242 125.888
1121.555 114.888
1121.868 103.889
1122.180 86.890
1122.493 34.890
1122.806 86.891
1123.119 119.892
1123.432 100.892
1123.745 132.893
1124.058 94.893
1124.371 71.894
1124.684 94.895
1124.997 87.895
1125.310 60.896
1125.623 57.896
1125.935 74.897
1126.248 61.898
1126.561 76.898
1126.874 129.899
1127.187 98.899
1127.500 66.900
1127.813 105.901
1128.126 116.901
1128.439 126.902
1128.752 150.903
1129.065 111.903
1129.378 97.904
1129.691 64.904
1130.003 105.905
1130.316 122.906
1130.629 125.906
1130.942 147.907
1131.255 91.907
1131.568 49.908
1131.881 84.909
1132.194 103.909
1132.507 85.910
1132.820 121.910
1133.133 147.911
1133.446 88.912
1133.759 108.912
1134.071 166.913
1134.384 159.913
1134.697 139.914
1135.010 124.915
1135.323 116.915
1135.636 78.916
1135.949 108.916
1136.262 118.917
1136.575 109.918
1136.888 99.918
1137.201 114.919
1137.514 116.919
1137.826 97.920
1138.139 72.921
1138.452 70.921
1138.765 89.922
1139.078 91.922
1139.391 127.923
1139.704 111.924
1140.017 97.924
1140.330 113.925
1140.643 80.925
1140.956 59.926
1141.269 101.926
1141.582 102.927
1141.894 61.928
1142.207 101.928
1142.520 57.929
1142.833 85.929
1143.146 96.930
1143.459 78.931
1143.772 40.931
1144.085 67.932
1144.398 102.932
1144.711 79.933
1145.024 106.934
1145.337 122.934
1145.650 68.935
1145.962 79.935
1146.275 69.936
1146.588 50.936
1146.901 90.937
1147.214 75.938
1147.527 22.938
1147.840 57.939
1148.153 66.939
1148.466 83.940
1148.779 92.940
1149.092 80.941
1149.405 89.942
1149.718 108.942
1150.030 74.943
1150.343 86.943
1150.656 80.944
1150.969 27.945
1151.282 95.945
1151.595 106.946
1151.908 101.946
1152.221 60.947
1152.534 45.947
1152.847 91.948
1153.160 89.949
1153.473 56.949
1153.785 128.950
1154.098 128.950
1154.411 105.951
1154.724 57.951
1155.037 75.952
1155.350 82.953
1155.663 91.953
1155.976 89.954
1156.289 132.954
1156.602 36.955
1156.915 37.955
1157.228 109.956
1157.541 129.956
1157.853 148.957
1158.166 105.958
1158.479 118.958
1158.792 137.959
1159.105 86.959
1159.418 59.960
1159.731 88.960
1160.044 116.961
1160.357 109.962
1160.670 111.962
1160.983 85.963
1161.296 109.963
1161.609 148.964
1161.921 135.964
1162.234 126.965
1162.547 76.965
1162.860 113.966
1163.173 110.967
1163.486 103.967
1163.799 116.968
1164.112 121.968
1164.425 99.969
1164.738 81.969
1165.051 105.970
1165.364 90.970
1165.676 96.971
1165.989 131.972
1166.302 121.972
1166.615 97.973
1166.928 135.973
1167.241 140.974
1167.554 90.974
1167.867 116.975
1168.180 106.975
1168.493 59.976
1168.806 76.976
1169.119 82.977
1169.432 105.978
1169.744 97.978
1170.057 93.979
1170.370 83.979
1170.683 85.980
1170.996 105.980
1171.309 113.981
1171.622 77.981
1171.935 45.982
1172.248 92.983
1172.561 95.983
1172.874 95.984
1173.187 102.984
1173.500 50.985
1173.812 98.985
1174.125 101.986
1174.438 106.986
1174.751 77.987
1175.064 87.987
1175.377 118.988
1175.690 94.988
1176.003 96.989
1176.316 119.990
1176.629 102.990
1176.942 77.991
1177.255 70.991
1177.567 72.992
1177.880 88.992
1178.193 84.993
1178.506 61.993
1178.819 120.994
1179.132 100.994
1179.445 96.995
1179.758 123.995
1180.071 101.996
1180.384 100.996
1180.697 105.997
1181.010 131.998
1181.323 132.998
1181.635 91.999
1181.948 114.999
1182.261 95.000
1182.574 101.000
1182.887 85.001
1183.200 105.001
1183.513 96.002
1183.826 64.002
1184.139 85.003
1184.452 102.003
1184.765 76.004
1185.078 94.004
1185.391 57.005
1185.703 51.005
1186.016 63.006
1186.329 54.007
1186.642 82.007
1186.955 109.008
1187.268 117.008
1187.581 98.009
1187.894 101.009
1188.207 153.010
1188.520 131.010
1188.833 51.011
1189.146 38.011
1189.459 71.012
1189.771 121.012
1190.084 174.013
1190.397 142.013
1190.710 112.014
1191.023 74.014
1191.336 63.015
1191.649 79.015
1191.962 97.016
1192.275 72.016
1192.588 81.017
1192.901 81.017
1193.214 79.018
1193.526 78.018
1193.839 92.019
1194.152 48.020
1194.465 84.020
1194.778 126.021
1195.091 125.021
1195.404 66.022
1195.717 109.022
1196.030 148.023
1196.343 110.023
1196.656 66.024
1196.969 93.024
1197.282 117.025
1197.594 92.025
1197.907 125.026
1198.220 128.026
1198.533 106.027
1198.846 98.027
1199.159 58.028
1199.472 68.028
1199.785 126.029
1200.098 118.029
1200.411 73.030
1200.724 54.030
1201.037 50.031
1201.350 59.031
1201.662 84.032
1201.975 103.032
1202.288 77.033
1202.601 50.033
