165.028 13.230
165.288 6.317
165.547 43.404
165.807 51.491
166.067 44.579
166.327 -20.333
166.587 -22.244
166.847 49.845
167.107 46.934
167.367 28.024
167.627 2.115
167.886 41.205
168.146 40.297
168.406 80.388
168.666 20.480
168.926 8.572
169.186 1.665
169.446 -13.242
169.706 -14.148
169.966 -40.054
170.225 24.040
170.485 21.134
170.745 32.229
171.005 59.325
171.265 4.420
171.525 1.516
171.785 31.613
172.045 -20.291
172.305 2.806
172.564 44.904
172.824 28.001
173.084 25.099
173.344 19.198
173.604 38.296
173.864 74.395
174.124 41.495
174.384 43.594
174.644 34.694
174.903 38.794
175.163 35.895
175.423 49.996
175.683 54.097
175.943 6.198
176.203 14.300
176.463 -2.598
176.723 5.504
176.983 42.606
177.242 45.709
177.502 76.812
177.762 71.915
178.022 40.019
178.282 11.123
178.542 33.227
178.802 7.331
179.062 -21.565
179.322 40.540
179.581 63.645
179.841 43.750
180.101 88.856
180.361 87.961
180.621 46.067
180.881 22.173
181.141 30.279
181.401 19.386
181.661 52.492
181.920 40.599
182.180 38.706
182.440 9.814
182.700 -35.079
182.960 2.029
183.220 55.137
183.480 50.245
183.740 37.353
184.000 31.461
184.259 -18.430
184.519 -15.322
184.779 32.787
185.039 71.896
185.299 66.005
185.559 38.114
185.819 38.224
186.079 33.334
186.339 -5.557
186.598 4.553
186.858 22.663
187.118 2.773
187.378 46.883
187.638 41.994
187.898 47.104
188.158 71.215
188.418 50.326
188.678 6.437
188.937 3.547
189.197 13.659
189.457 45.770
189.717 62.881
189.977 30.992
190.237 16.104
190.497 31.215
190.757 33.327
191.017 29.439
191.276 59.550
191.536 59.662
191.796 -12.226
192.056 -1.114
192.316 -3.002
192.576 12.110
192.836 43.223
193.096 46.335
193.356 17.447
193.616 6.560
193.875 19.672
194.135 49.784
194.395 42.897
194.655 68.009
194.915 78.122
195.175 21.235
195.435 30.347
195.695 31.460
195.955 -40.427
196.214 12.686
196.474 74.798
196.734 74.911
196.994 40.024
197.254 59.137
197.514 65.250
197.774 49.363
198.034 48.475
198.294 4.588
198.553 15.701
198.813 30.814
199.073 4.927
199.333 20.040
199.593 59.153
199.853 68.266
200.113 60.378
200.373 31.491
200.633 3.604
200.892 -1.283
201.152 -8.170
201.412 -11.057
201.672 21.055
201.932 44.168
202.192 72.281
202.452 73.393
202.712 61.506
202.972 46.619
203.231 35.731
203.491 41.844
203.751 19.956
204.011 33.068
204.271 58.181
204.531 22.293
204.791 15.405
205.051 21.518
205.311 32.630
205.570 20.742
205.830 -0.146
206.090 16.966
206.350 37.078
206.610 72.190
206.870 51.301
207.130 29.413
207.390 44.525
207.650 10.636
207.909 7.748
208.169 34.859
208.429 39.971
208.689 6.082
208.949 44.193
209.209 85.304
209.469 29.415
209.729 10.526
209.989 43.637
210.248 40.748
210.508 77.859
210.768 55.969
211.028 34.080
211.288 73.190
211.548 76.300
211.808 78.411
212.068 49.521
212.328 35.631
212.587 63.740
212.847 56.850
213.107 47.960
213.367 18.070
213.627 62.179
213.887 71.288
214.147 23.398
214.407 55.507
214.667 44.616
214.926 42.725
215.186 79.833
215.446 97.942
215.706 54.050
215.966 52.159
216.226 28.267
216.486 9.375
216.746 37.483
217.006 38.591
217.265 61.699
217.525 53.807
217.785 35.914
218.045 37.022
218.305 38.129
218.565 21.236
218.825 13.343
219.085 71.450
219.345 50.556
219.604 -0.337
219.864 81.769
220.124 63.876
220.384 -5.018
220.644 36.088
220.904 8.194
221.164 37.299
221.424 35.405
221.684 14.510
221.943 21.616
222.203 72.721
222.463 19.826
222.723 -3.070
222.983 18.035
223.243 1.140
223.503 38.244
223.763 27.348
224.023 15.452
224.282 30.556
224.542 77.660
224.802 111.763
225.062 83.867
225.322 57.970
225.582 34.073
225.842 32.176
226.102 51.279
226.362 32.382
226.621 23.484
226.881 28.586
227.141 71.688
227.401 97.790
227.661 6.892
227.921 30.994
228.181 45.095
228.441 41.196
228.701 53.298
228.960 45.398
229.220 31.499
229.480 47.600
229.740 56.700
230.000 55.800
230.260 53.901
230.520 64.000
230.780 46.100
231.040 13.200
231.299 27.299
231.559 69.398
231.819 32.497
232.079 36.596
232.339 24.695
232.599 -10.207
232.859 7.892
233.119 13.990
233.379 24.088
233.638 50.186
233.898 77.283
234.158 87.381
234.418 39.478
234.678 29.575
234.938 -14.328
235.198 -0.231
235.458 18.865
235.718 33.961
235.978 63.058
236.237 44.154
236.497 28.249
236.757 55.345
237.017 78.440
237.277 81.536
237.537 51.631
237.797 4.725
238.057 86.820
238.317 91.915
238.576 55.009
238.836 76.103
239.096 131.197
239.356 89.291
239.616 65.384
239.876 -0.522
240.136 -18.429
240.396 44.664
240.656 99.757
240.915 58.849
241.175 45.942
241.435 35.034
241.695 48.126
241.955 81.218
242.215 89.309
242.475 97.401
242.735 64.492
242.995 109.583
243.254 75.674
243.514 73.765
243.774 33.856
244.034 73.946
244.294 108.036
244.554 30.126
244.814 17.216
245.074 29.305
245.334 41.395
245.593 67.484
245.853 74.573
246.113 45.662
246.373 61.750
246.633 105.839
246.893 76.927
247.153 48.015
247.413 50.103
247.673 54.191
247.932 25.278
248.192 18.365
248.452 57.453
248.712 102.539
248.972 39.626
249.232 88.713
249.492 65.799
249.752 26.885
250.012 20.971
250.271 21.057
250.531 76.142
250.791 139.228
251.051 134.313
251.311 76.398
251.571 5.483
251.831 69.567
252.091 99.652
252.351 40.736
252.610 38.820
252.870 50.904
253.130 52.988
253.390 56.071
253.650 66.154
253.911 65.238
254.172 84.320
254.433 48.403
254.694 64.486
254.955 69.568
255.216 42.650
255.477 52.732
255.738 69.814
255.999 33.895
256.261 52.977
256.522 103.058
256.783 113.139
257.044 55.220
257.305 34.300
257.566 47.381
257.827 5.461
258.088 -19.459
258.349 13.621
258.610 69.701
258.871 63.780
259.132 60.860
259.393 24.939
259.654 10.018
259.915 -0.904
260.176 34.175
260.437 82.253
260.698 70.332
260.959 60.410
261.221 67.487
261.482 87.565
261.743 62.643
262.004 56.720
262.265 80.797
262.526 42.874
262.787 61.950
263.048 59.027
263.309 69.103
263.570 109.179
263.831 94.255
264.092 30.331
264.353 20.407
264.614 90.482
264.875 64.558
265.136 68.633
265.397 102.707
265.658 129.782
265.919 77.857
266.181 52.931
266.442 58.005
266.703 43.079
266.964 30.153
267.225 19.226
267.486 12.300
267.747 44.373
268.008 54.446
268.269 60.519
268.530 102.592
268.791 77.664
269.052 30.737
269.313 49.809
269.574 60.881
269.835 32.953
270.096 55.024
270.357 74.096
270.618 74.167
270.879 40.238
271.141 32.309
271.402 57.380
271.663 59.450
271.924 47.521
272.185 51.591
272.446 32.661
272.707 35.731
272.968 54.801
273.229 52.870
273.490 61.940
273.751 57.009
274.012 46.078
274.273 64.147
274.534 49.215
274.795 69.284
275.056 45.352
275.317 52.420
275.578 52.488
275.839 29.556
276.101 27.624
276.362 31.691
276.623 25.758
276.884 88.826
277.145 107.893
277.406 87.959
277.667 77.026
277.928 62.092
278.189 62.159
278.450 69.225
278.711 31.291
278.972 64.357
279.233 34.422
279.494 34.488
279.755 77.553
280.016 119.618
280.277 69.683
280.538 65.748
280.799 93.812
281.061 82.877
281.322 35.941
281.583 50.005
281.844 53.069
282.105 28.133
282.366 57.197
282.627 77.260
282.888 46.323
283.149 54.387
283.410 54.450
283.671 37.512
283.932 32.575
284.193 -3.362
284.454 21.700
284.715 70.762
284.976 65.824
285.237 64.886
285.498 73.948
285.759 102.009
286.021 85.071
286.282 24.132
286.543 57.193
286.804 77.254
287.065 82.315
287.326 55.375
287.587 39.436
287.848 72.496
288.109 99.556
288.370 110.616
288.631 47.676
288.892 39.736
289.153 33.795
289.414 58.855
289.675 93.914
289.936 103.973
290.197 65.032
290.458 53.091
290.719 61.149
290.981 105.208
291.242 100.266
291.503 86.324
291.764 39.382
292.025 5.440
292.286 10.498
292.547 1.556
292.808 49.613
293.069 40.670
293.330 49.727
293.591 71.784
293.852 52.841
294.113 40.898
294.374 31.954
294.635 57.011
294.896 84.067
295.157 93.123
295.418 97.179
295.679 99.235
295.941 72.291
296.202 102.346
296.463 82.402
296.724 82.457
296.985 87.512
297.246 67.567
297.507 54.622
297.768 71.676
298.029 85.731
298.290 69.785
298.551 46.839
298.812 76.894
299.073 96.947
299.334 67.001
299.595 52.055
299.856 92.109
300.117 125.162
300.378 74.215
300.639 46.268
300.901 22.321
301.162 30.374
301.423 64.427
301.684 80.479
301.945 82.532
302.206 44.584
302.467 76.636
302.728 107.688
302.989 104.740
303.250 90.792
303.511 70.844
303.772 78.895
304.033 72.947
304.294 53.998
304.555 72.049
304.816 74.100
305.077 53.151
305.338 63.201
305.599 83.252
305.861 56.302
306.122 80.353
306.383 64.403
306.644 57.453
306.905 84.503
307.166 96.553
307.427 98.602
307.688 112.652
307.949 108.701
308.210 57.751
308.471 85.800
308.732 74.849
308.993 69.898
309.254 56.946
309.515 22.995
309.776 75.044
310.037 104.092
310.298 44.140
310.559 48.188
310.821 86.236
311.082 89.284
311.343 53.332
311.604 30.380
311.865 48.427
312.126 61.475
312.387 74.522
312.648 58.569
312.909 76.616
313.170 49.663
313.434 68.710
313.698 104.756
313.963 81.803
314.227 38.849
314.491 65.896
314.755 60.942
315.019 95.988
315.284 53.034
315.548 83.080
315.812 106.125
316.076 76.171
316.340 71.216
316.604 107.262
316.869 133.307
317.133 91.352
317.397 80.397
317.661 79.442
317.925 82.487
318.190 53.531
318.454 51.576
318.718 78.620
318.982 64.665
319.246 91.709
319.511 109.753
319.775 61.797
320.039 69.841
320.303 77.885
320.567 87.928
320.832 83.972
321.096 47.015
321.360 72.058
321.624 46.102
321.888 10.145
322.153 104.188
322.417 93.231
322.681 30.273
322.945 58.316
323.209 59.358
323.473 62.401
323.738 33.443
324.002 16.485
324.266 61.527
324.530 63.569
324.794 65.611
325.059 122.653
325.323 87.695
325.587 37.736
325.851 35.778
326.115 56.819
326.380 56.860
326.644 57.901
326.908 103.942
327.172 141.983
327.436 74.024
327.701 59.065
327.965 55.105
328.229 30.146
328.493 23.186
328.757 85.227
329.022 77.267
329.286 73.307
329.550 77.347
329.814 54.387
330.078 59.427
330.342 47.466
330.607 80.506
330.871 69.545
331.135 89.585
331.399 92.624
331.663 68.663
331.928 93.702
332.192 86.741
332.456 72.780
332.720 65.819
332.984 77.857
333.249 57.896
333.513 66.935
333.777 60.973
334.041 60.011
334.305 52.049
334.570 95.087
334.834 70.125
335.098 108.163
335.362 99.201
335.626 38.239
335.891 77.276
336.155 106.314
336.419 100.351
336.683 50.389
336.947 57.426
337.211 67.463
337.476 78.500
337.740 95.537
338.004 63.574
338.268 89.611
338.532 93.647
338.797 18.684
339.061 51.720
339.325 91.757
339.589 87.793
339.853 115.829
340.118 122.865
340.382 59.901
340.646 81.937
340.910 116.973
341.174 91.009
341.439 34.045
341.703 76.080
341.967 96.116
342.231 66.151
342.495 28.186
342.759 25.222
343.024 97.257
343.288 116.292
343.552 70.327
343.816 38.362
344.080 68.396
344.345 97.431
344.609 57.466
344.873 64.500
345.137 76.535
345.401 50.569
345.666 33.603
345.930 79.637
346.194 99.671
346.458 94.705
346.722 91.739
346.987 72.773
347.251 41.807
347.515 104.841
347.779 32.874
348.043 38.908
348.308 100.941
348.572 51.974
348.836 54.008
349.100 39.041
349.364 25.074
349.628 54.107
349.893 86.140
350.157 43.173
350.421 50.205
350.685 31.238
350.949 27.271
351.214 58.303
351.478 102.336
351.742 83.368
352.006 85.400
352.270 74.432
352.535 52.464
352.799 43.496
353.063 63.528
353.327 58.560
353.591 74.592
353.856 117.624
354.120 96.655
354.384 85.687
354.648 137.718
354.912 160.750
355.177 83.781
355.441 47.812
355.705 75.844
355.969 95.875
356.233 63.906
356.497 83.937
356.762 91.967
357.026 53.998
357.290 77.029
357.554 79.060
357.818 87.090
358.083 66.121
358.347 73.151
358.611 52.181
358.875 102.212
359.139 84.242
359.404 52.272
359.668 68.302
359.932 123.332
360.196 75.362
360.460 45.392
360.725 60.421
360.989 75.451
361.253 105.481
361.517 111.510
361.781 126.540
362.046 135.569
362.310 117.598
362.574 58.627
362.838 39.657
363.102 38.686
363.366 108.715
363.631 84.744
363.895 63.773
364.159 128.801
364.423 157.830
364.687 103.859
364.952 84.887
365.216 120.916
365.480 70.944
365.747 32.973
366.013 49.001
366.280 65.029
366.546 80.058
366.813 53.086
367.079 69.114
367.346 73.142
367.612 70.170
367.879 89.197
368.145 81.225
368.412 39.253
368.678 40.281
368.945 88.308
369.211 62.336
369.478 72.363
369.744 57.391
370.011 82.418
370.278 77.445
370.544 40.472
370.811 70.499
371.077 83.526
371.344 84.553
371.610 102.580
371.877 93.607
372.143 74.634
372.410 76.661
372.676 95.687
372.943 89.714
373.209 70.741
373.476 74.767
373.742 43.793
374.009 59.820
374.276 86.846
374.542 72.872
374.809 113.898
375.075 48.925
375.342 25.951
375.608 37.977
375.875 12.002
376.141 77.028
376.408 63.054
376.674 63.080
376.941 95.105
377.207 111.131
377.474 119.157
377.740 110.182
378.007 62.208
378.273 77.233
378.540 136.258
378.807 137.283
379.073 111.309
379.340 80.334
379.606 43.359
379.873 76.384
380.139 74.409
380.406 37.434
380.672 33.458
380.939 40.483
381.205 47.508
381.472 24.533
381.738 48.557
382.005 89.582
382.271 105.606
382.538 31.631
382.804 91.655
383.071 116.679
383.338 83.704
383.604 71.728
383.871 67.752
384.137 96.776
384.404 67.800
384.670 73.824
384.937 76.848
385.203 114.872
385.470 90.895
385.736 73.919
386.003 102.943
386.269 113.966
386.536 89.990
386.802 87.014
387.069 110.037
387.336 133.060
387.602 96.084
387.869 29.107
388.135 33.130
388.402 60.154
388.668 92.177
388.935 89.200
389.201 88.223
389.468 114.246
389.734 89.269
390.001 66.292
390.267 89.314
390.534 57.337
390.800 45.360
391.067 96.382
391.333 92.405
391.600 16.428
391.867 14.450
392.133 69.473
392.400 36.495
392.666 53.517
392.933 99.540
393.199 87.562
393.466 87.584
393.732 87.606
393.999 110.628
394.265 107.650
394.532 57.672
394.798 104.694
395.065 72.716
395.331 37.738
395.598 80.760
395.864 84.781
396.131 67.803
396.398 113.825
396.664 144.846
396.931 123.868
397.197 120.889
397.464 104.911
397.730 118.932
397.997 99.954
398.263 57.975
398.530 63.996
398.796 124.017
399.063 114.038
399.329 103.060
399.596 122.081
399.862 125.102
400.129 98.123
400.396 51.143
400.662 30.164
400.929 73.185
401.195 91.206
401.462 103.227
401.728 120.247
401.995 137.268
402.261 126.288
402.528 107.309
402.794 153.329
403.061 183.350
403.327 160.370
403.594 143.391
403.860 180.411
404.127 192.431
404.393 242.451
404.660 258.472
404.931 240.492
405.202 241.512
405.473 263.532
405.745 317.552
406.016 339.572
406.287 325.592
406.558 332.611
406.829 389.631
407.100 349.651
407.371 416.671
407.642 409.690
407.914 393.710
408.185 437.730
408.456 386.749
408.727 402.769
408.998 440.788
409.269 472.807
409.540 491.827
409.811 445.846
410.083 406.865
410.354 429.885
410.625 422.904
410.896 435.923
411.167 401.942
411.438 378.961
411.709 410.980
411.981 423.999
412.252 352.018
412.523 309.037
412.794 327.056
413.065 328.075
413.336 296.093
413.607 266.112
413.878 240.131
414.150 228.149
414.421 239.168
414.692 243.187
414.963 238.205
415.234 216.224
415.505 190.242
415.776 157.260
416.047 146.279
416.319 184.297
416.590 193.315
416.861 136.334
417.132 159.352
417.403 161.370
417.674 114.388
417.945 64.406
418.217 77.424
418.488 74.442
418.759 76.460
419.030 72.478
419.301 137.496
419.572 133.514
419.843 62.531
420.114 88.549
420.386 118.567
420.657 102.585
420.928 53.602
421.199 47.620
421.470 62.637
421.741 92.655
422.012 104.672
422.283 94.690
422.555 112.707
422.826 88.725
423.097 129.742
423.368 72.759
423.639 72.777
423.910 108.794
424.181 90.811
424.453 54.828
424.724 138.845
424.995 132.862
425.266 78.879
425.537 64.896
425.808 64.913
426.079 76.930
426.350 105.947
426.622 89.964
426.893 105.981
427.164 80.998
427.435 76.014
427.706 102.031
427.977 81.048
428.248 99.064
428.519 104.081
428.791 55.097
429.062 86.114
429.333 77.130
429.604 75.147
429.875 127.163
430.146 113.180
430.417 40.196
430.689 47.212
430.960 76.229
431.231 67.245
431.502 47.261
431.773 45.277
432.044 69.293
432.315 136.310
432.586 163.326
432.858 137.342
433.129 88.358
433.400 48.374
433.671 65.390
433.942 56.405
434.213 36.421
434.484 100.437
434.755 124.453
435.027 75.469
435.298 44.484
435.569 117.500
435.840 127.516
436.116 103.531
436.391 128.547
436.667 122.563
436.942 87.578
437.218 131.594
437.493 139.609
437.769 160.625
438.045 105.640
438.320 84.655
438.596 79.671
438.871 66.686
439.147 103.701
439.422 103.717
439.698 89.732
439.974 57.747
440.249 91.762
440.525 63.777
440.800 50.792
441.076 87.807
441.351 129.822
441.627 141.837
441.903 137.852
442.178 81.867
442.454 83.882
442.729 94.897
443.005 92.912
443.281 141.927
443.556 128.941
443.832 64.956
444.107 45.971
444.383 69.985
444.658 122.000
444.934 67.015
445.210 38.029
445.485 105.044
445.761 113.058
446.036 68.073
446.312 47.087
446.587 80.102
446.863 106.116
447.139 119.131
447.414 126.145
447.690 127.159
447.965 115.173
448.241 85.188
448.516 65.202
448.792 89.216
449.068 102.230
449.343 130.244
449.619 103.259
449.894 106.273
450.170 114.287
450.445 127.301
450.721 195.315
450.997 111.329
451.272 95.343
451.548 51.357
451.823 75.370
452.099 118.384
452.375 127.398
452.650 105.412
452.926 134.426
453.201 125.439
453.477 92.453
453.752 89.467
454.028 98.480
454.304 115.494
454.579 124.508
454.855 93.521
455.130 118.535
455.406 159.548
455.681 178.562
455.957 103.575
456.233 79.589
456.508 119.602
456.784 122.615
457.059 100.629
457.335 113.642
457.610 101.655
457.886 115.669
458.162 96.682
458.437 72.695
458.713 71.708
458.988 85.721
459.264 129.734
459.539 117.748
459.815 116.761
460.091 111.774
460.366 125.787
460.642 137.800
460.917 121.813
461.193 96.826
461.468 74.839
461.744 87.851
462.020 118.864
462.295 97.877
462.571 56.890
462.846 119.903
463.122 151.916
463.397 110.928
463.673 96.844
463.949 96.857
464.224 75.890
464.500 75.903
464.775 101.992
465.051 75.852
465.327 79.937
465.602 79.870
465.878 130.911
466.153 111.831
466.429 82.984
466.704 118.841
466.980 96.092
467.256 98.104
467.531 109.226
467.807 94.317
468.082 74.290
468.358 70.223
468.633 93.540
468.909 92.548
469.185 95.668
469.460 70.626
469.736 94.878
470.011 95.898
470.287 87.765
470.562 114.164
470.838 101.173
471.114 89.166
471.389 103.320
471.665 64.003
471.940 101.529
472.216 89.395
472.491 77.340
472.767 111.913
473.043 106.854
473.318 139.321
473.594 104.047
473.869 69.577
474.145 46.191
474.421 87.912
474.696 117.425
474.972 70.714
475.247 98.321
475.523 120.636
475.798 131.984
476.074 101.311
476.350 107.433
476.625 111.632
476.901 95.334
477.176 85.065
477.452 58.541
477.727 80.933
478.003 82.895
478.279 128.638
478.554 140.845
478.830 136.930
479.105 129.557
479.381 53.373
479.656 75.696
479.932 102.987
480.208 112.003
480.483 116.957
480.759 149.324
481.034 117.872
481.310 74.449
481.585 88.423
481.861 106.579
482.137 71.236
482.412 78.218
482.688 45.944
482.963 101.074
483.239 142.066
483.514 91.977
483.790 104.804
484.066 148.666
484.341 120.585
484.617 85.580
484.892 121.242
485.168 107.322
485.443 77.405
485.719 129.106
485.995 102.075
486.270 92.073
486.546 61.239
486.821 73.119
487.097 47.319
487.373 106.455
487.648 155.468
487.924 125.828
488.199 119.821
488.475 89.379
488.750 81.371
489.026 85.387
489.302 70.677
489.577 80.422
489.853 88.189
490.128 85.261
490.404 85.188
490.679 113.574
490.955 150.619
491.231 152.584
491.506 115.561
491.782 72.590
492.057 102.862
492.333 93.087
492.608 77.442
492.884 114.634
493.160 84.311
493.435 81.545
493.711 78.614
493.986 96.177
494.262 110.987
494.537 104.135
494.813 118.967
495.089 122.041
495.364 95.528
495.640 121.078
495.915 88.672
496.191 93.778
496.467 118.511
496.742 128.373
497.018 105.931
497.293 92.121
497.569 104.079
497.844 99.345
498.120 97.375
498.396 28.133
498.671 27.178
498.947 102.659
499.222 111.718
499.498 91.938
499.773 123.789
500.049 113.078
500.325 85.257
500.600 94.437
500.876 79.526
501.151 125.834
501.427 170.147
501.702 187.413
501.978 137.172
502.254 101.204
502.529 103.124
502.805 166.682
503.080 122.505
503.356 85.302
503.631 132.872
503.907 132.139
504.183 125.064
504.458 170.620
504.734 124.956
505.009 107.777
505.285 129.151
505.560 139.141
505.836 140.304
506.112 160.556
506.387 118.055
506.663 124.012
506.938 119.977
507.214 106.842
507.490 124.926
507.765 156.090
508.041 154.082
508.316 60.246
508.592 61.142
508.867 83.222
509.143 80.133
509.419 105.268
509.694 104.063
509.970 72.979
510.245 68.838
510.521 92.778
510.796 56.730
511.072 73.723
511.348 104.492
511.623 107.492
511.899 96.246
512.174 91.194
512.450 92.105
512.725 119.892
513.001 80.139
513.277 60.266
513.552 85.848
513.828 99.494
514.103 101.375
514.379 149.807
514.654 120.978
514.930 91.279
515.206 137.322
515.481 123.592
515.757 92.996
516.032 95.849
516.308 117.155
516.583 103.391
516.859 41.854
517.135 96.391
517.410 131.197
517.686 143.839
517.961 96.229
518.237 98.960
518.513 99.745
518.788 126.736
519.064 138.083
519.339 127.597
519.615 150.648
519.890 163.047
520.166 175.423
520.442 186.811
520.717 192.595
520.993 188.935
521.268 172.399
521.544 166.633
521.819 140.384
522.095 192.081
522.371 211.080
522.646 197.666
522.922 250.166
523.197 274.121
523.473 234.632
523.748 252.822
524.024 250.916
524.300 218.388
524.575 231.793
524.851 231.801
525.126 227.764
525.402 216.506
525.677 202.160
525.953 207.711
526.229 213.455
526.504 248.117
526.780 288.041
527.055 267.271
527.331 238.571
527.606 225.398
527.882 245.285
528.158 233.076
528.433 213.378
528.709 196.111
528.984 222.990
529.260 192.658
529.535 237.629
529.811 206.897
530.087 176.504
530.362 159.341
530.638 155.346
530.913 183.618
531.189 169.325
531.465 177.054
531.740 149.214
532.016 153.234
532.291 116.491
532.567 181.647
532.842 199.097
533.118 173.109
533.394 176.198
533.669 143.474
533.945 90.953
534.220 89.015
534.496 114.426
534.771 126.241
535.047 124.420
535.323 143.104
535.598 164.436
535.874 179.252
536.149 167.705
536.425 187.446
536.700 214.851
536.976 294.691
537.252 274.380
537.527 270.727
537.803 304.134
538.078 385.070
538.354 409.659
538.629 411.054
538.905 448.463
539.181 531.209
539.456 563.761
539.732 635.401
540.007 649.229
540.283 620.234
540.558 659.116
540.834 678.231
541.110 683.861
541.385 649.215
541.661 644.272
541.936 658.793
542.212 666.729
542.488 697.460
542.763 727.199
543.039 719.000
543.314 695.197
543.590 716.749
543.865 702.854
544.141 659.167
544.417 701.875
544.692 679.043
544.968 664.154
545.243 658.857
545.519 623.454
545.794 596.248
546.070 613.153
546.348 638.646
546.627 590.305
546.905 661.546
547.183 703.934
547.461 691.031
547.740 688.059
548.018 728.512
548.296 729.782
548.575 702.977
548.853 723.838
549.131 776.476
549.409 810.435
549.688 809.450
549.966 858.069
550.244 910.655
550.523 863.179
550.801 893.024
551.079 933.691
551.357 982.165
551.636 998.000
551.914 979.273
552.192 964.487
552.471 1007.894
552.749 1073.895
553.027 1069.892
553.306 1152.426
553.584 1188.815
553.862 1171.937
554.140 1164.085
554.419 1134.227
554.697 1226.300
554.975 1279.901
555.254 1293.320
555.532 1269.602
555.810 1280.078
556.088 1352.567
556.367 1360.364
556.645 1296.790
556.923 1223.840
557.202 1158.517
557.480 1114.680
557.758 1030.192
558.036 953.573
558.315 926.564
558.593 902.370
558.871 846.229
559.150 784.697
559.428 730.857
559.706 629.154
559.984 548.438
560.263 554.665
560.541 472.757
560.819 367.246
561.098 392.508
561.376 376.168
561.654 330.982
561.932 286.071
562.211 261.512
562.489 228.858
562.767 232.483
563.046 199.091
563.324 183.552
563.602 203.907
563.880 195.080
564.159 200.845
564.437 184.359
564.715 133.679
564.994 111.612
565.272 149.046
565.550 138.363
565.828 109.711
566.107 178.644
566.385 166.505
566.663 105.891
566.942 91.590
567.220 76.226
567.498 106.113
567.776 92.658
568.055 84.010
568.333 123.439
568.611 122.720
568.890 82.264
569.168 71.811
569.446 92.176
569.725 132.762
570.003 89.290
570.281 92.284
570.559 85.520
570.838 107.874
571.116 114.768
571.394 138.998
571.673 144.959
571.951 110.154
572.229 126.665
572.507 141.371
572.786 137.624
573.064 117.316
573.342 142.639
573.621 152.679
573.899 118.539
574.177 151.864
574.455 159.838
574.734 101.292
575.012 101.298
575.290 134.704
575.569 148.568
575.847 133.018
576.125 84.937
576.403 119.408
576.682 186.395
576.960 171.989
577.243 142.299
577.527 105.991
577.810 87.278
578.093 115.970
578.377 137.944
578.660 152.772
578.944 83.608
579.227 96.651
579.510 112.610
579.794 105.783
580.077 83.880
580.360 81.985
580.644 79.093
580.927 85.142
581.210 96.082
581.494 66.399
581.777 112.110
582.061 148.084
582.344 115.336
582.627 114.345
582.911 114.351
583.194 45.609
583.477 77.551
583.761 124.463
584.044 136.444
584.327 125.598
584.611 104.624
584.894 117.617
585.178 121.619
585.461 94.652
585.744 101.650
586.028 95.758
586.311 99.764
586.594 129.769
586.878 104.775
587.161 67.781
587.444 79.786
587.728 73.792
588.011 86.259
588.295 66.264
588.578 57.212
588.861 56.218
589.145 62.279
589.428 104.389
589.711 97.290
589.995 63.232
590.278 95.205
590.562 72.305
590.845 45.265
591.128 111.093
591.412 105.110
591.695 114.211
591.978 66.198
592.262 89.246
592.545 78.106
592.828 118.109
593.112 93.071
593.395 59.178
593.679 67.092
593.962 122.874
594.245 124.747
594.529 115.797
594.812 79.901
595.095 59.090
595.379 103.665
595.662 75.940
595.945 86.793
596.229 102.585
596.512 46.941
596.796 87.627
597.079 97.446
597.362 111.312
597.646 127.033
597.929 117.146
598.212 115.059
598.496 109.135
598.779 86.327
599.062 116.934
599.346 98.183
599.629 58.643
599.913 51.694
600.196 66.477
600.479 45.747
600.763 72.397
601.046 22.112
601.329 23.123
601.613 81.119
601.896 93.906
602.179 124.271
602.463 122.311
602.746 119.368
603.030 120.355
603.313 124.167
603.596 88.843
603.880 63.271
604.163 58.373
604.446 71.053
604.730 37.757
605.013 65.122
605.296 113.183
605.580 87.722
605.863 76.953
606.147 85.772
606.430 57.373
606.713 86.676
606.997 104.395
607.280 114.082
607.563 76.905
607.847 92.475
608.130 101.475
608.414 94.531
608.697 144.438
608.980 94.633
609.264 71.201
609.547 86.806
609.830 115.214
610.114 142.643
610.397 133.833
610.680 128.814
610.964 117.306
611.247 89.860
611.531 67.381
611.814 36.963
612.097 28.136
612.381 95.760
612.664 153.758
612.947 113.527
613.231 100.774
613.514 121.506
613.797 133.298
614.081 96.957
614.364 56.686
614.648 58.655
614.931 95.987
615.214 95.010
615.498 75.442
615.781 112.922
616.064 70.603
616.348 94.230
616.631 116.987
616.914 83.412
617.198 96.306
617.481 79.562
617.765 55.976
618.048 55.048
618.331 86.642
618.615 87.720
618.898 97.606
619.181 94.646
619.465 80.896
619.748 63.096
620.031 60.193
620.315 41.426
620.598 66.273
620.882 109.044
621.165 163.829
621.448 108.167
621.732 85.393
622.015 96.343
622.298 56.659
622.582 62.708
622.865 54.783
623.148 40.801
623.432 95.942
623.715 104.955
623.999 148.299
624.282 101.264
624.565 111.532
624.849 125.621
625.132 53.298
625.415 83.544
625.699 113.905
625.982 132.073
626.265 116.166
626.549 85.750
626.832 102.926
627.116 138.284
627.399 117.076
627.682 140.029
627.966 137.879
628.249 81.406
628.532 73.288
628.816 106.245
629.099 84.098
629.383 101.035
629.666 107.830
629.949 94.564
630.233 53.625
630.516 49.505
630.799 87.987
631.083 96.606
631.366 72.798
631.649 60.752
631.933 85.182
632.216 98.512
632.500 134.352
632.783 132.023
633.066 94.949
633.350 103.373
633.633 116.791
633.916 129.807
634.200 116.974
634.483 179.126
634.766 213.956
635.050 212.396
635.333 173.187
635.617 150.070
635.900 173.486
636.183 203.436
636.467 200.412
636.750 187.773
637.033 220.796
637.317 245.576
637.600 242.529
637.883 244.183
638.167 258.967
638.450 254.741
638.734 293.134
639.017 325.909
639.300 283.778
639.584 301.290
639.867 398.581
640.150 405.133
640.434 390.169
640.717 450.556
641.000 473.924
641.284 497.292
641.567 531.437
641.851 533.249
642.134 592.249
642.417 584.222
642.701 624.997
642.984 724.416
643.267 839.072
643.551 928.964
643.834 1020.747
644.117 1144.327
644.401 1251.307
644.684 1471.554
644.968 1708.124
645.251 1940.109
645.534 2144.615
645.818 2399.778
646.101 2817.998
646.384 3155.090
646.668 3501.573
646.951 3861.201
647.235 4339.457
647.518 4867.656
647.801 5332.885
648.085 5871.543
648.368 6304.697
648.651 6590.415
648.935 7029.383
649.218 7559.519
649.501 8069.946
649.785 8568.942
650.068 9266.245
650.352 10088.030
650.635 10737.455
650.918 11521.505
651.202 12356.010
651.485 13171.167
651.768 13793.006
652.052 14456.860
652.335 14956.303
652.618 15315.730
652.902 15622.127
653.185 16211.789
653.469 16757.977
653.752 16991.547
654.035 17150.749
654.319 17333.925
654.602 17386.991
654.885 17434.718
655.169 17503.228
655.452 17439.261
655.735 17515.112
656.019 17466.102
656.302 17529.652
656.586 17399.107
656.869 17602.307
657.152 17785.883
657.436 17800.316
657.719 17914.807
658.002 18035.643
658.286 18114.470
658.569 18162.441
658.852 18268.827
659.136 18512.016
659.419 18630.801
659.703 18728.267
659.986 18754.667
660.269 18910.834
660.553 18796.091
660.836 18848.940
661.119 18745.285
661.403 18716.257
661.686 18531.401
661.969 18319.808
662.253 18068.470
662.536 17739.205
662.820 17158.602
663.103 16872.601
663.386 16413.173
663.670 15751.919
663.953 15344.530
664.236 14814.994
664.520 14429.992
664.803 13947.726
665.086 13208.916
665.370 12444.187
665.653 11932.539
665.937 11266.146
666.220 10647.488
666.503 10201.244
666.787 9631.268
667.070 9083.774
667.353 8408.980
667.637 7640.406
667.920 7095.784
668.204 6631.177
668.487 6153.052
668.770 5744.861
669.054 5268.286
669.337 4824.119
669.620 4386.813
669.904 4001.494
670.187 3737.483
670.470 3417.830
670.754 3121.915
671.037 2869.612
671.321 2603.150
671.604 2529.128
671.887 2411.966
672.171 2269.697
672.454 2152.860
672.737 2009.734
673.021 1918.465
673.304 1787.995
673.587 1696.622
673.871 1631.187
674.154 1542.625
674.438 1490.771
674.721 1396.221
675.004 1307.126
675.288 1203.220
675.571 1187.985
675.854 1189.018
676.138 1098.495
676.421 990.240
676.704 944.779
676.988 932.456
677.271 933.422
677.555 904.401
677.838 839.255
678.121 720.622
678.405 687.956
678.688 697.276
678.971 647.896
679.255 646.862
679.538 615.745
679.821 578.404
680.105 595.623
680.388 549.936
680.672 505.812
680.955 454.880
681.238 411.652
681.522 404.990
681.805 421.902
682.088 413.132
682.372 397.925
682.655 396.256
682.938 389.996
683.222 361.816
683.505 344.434
683.789 301.595
684.072 254.576
684.355 280.410
684.639 326.342
684.922 293.986
685.205 268.937
685.489 283.554
685.772 321.471
686.056 296.706
686.339 279.973
686.622 231.375
686.906 244.948
687.189 240.776
687.472 261.656
687.756 268.686
688.039 239.742
688.322 209.474
688.606 196.951
688.889 218.875
689.173 227.229
689.456 251.240
689.739 268.989
690.023 273.925
690.306 243.688
690.589 237.188
690.873 275.446
691.156 240.069
691.439 177.637
691.723 182.843
692.006 238.245
692.290 311.557
692.573 261.393
692.856 245.310
693.140 273.293
693.423 227.464
693.706 192.470
693.990 170.358
694.273 198.078
694.556 241.220
694.840 245.859
695.123 211.517
695.407 245.357
695.690 262.363
695.973 211.090
696.257 221.174
696.540 271.361
696.830 283.418
697.120 308.087
697.410 307.774
697.699 271.564
697.989 296.903
698.279 302.339
698.569 291.786
698.859 288.716
699.149 293.241
699.439 231.657
699.729 183.465
700.018 161.019
700.308 222.019
700.598 212.848
700.888 176.633
701.178 203.868
701.468 170.195
701.758 128.486
702.048 102.847
702.337 105.987
702.627 107.794
702.917 98.715
703.207 122.689
703.497 112.508
703.787 68.176
704.077 118.550
704.366 150.443
704.656 151.298
704.946 79.847
705.236 56.793
705.526 78.695
705.816 77.700
706.106 88.593
706.396 116.396
706.685 134.919
706.975 73.353
707.265 61.318
707.555 82.296
707.845 72.225
708.135 84.121
708.425 71.028
708.715 141.329
709.004 141.192
709.294 80.918
709.584 62.024
709.874 85.695
710.164 86.684
710.454 100.692
710.744 84.801
711.034 86.692
711.323 84.556
711.613 104.243
711.903 129.709
712.193 120.862
712.483 112.999
712.773 53.021
713.063 70.584
713.352 93.955
713.642 108.436
713.932 74.081
714.222 53.492
714.512 52.469
714.802 112.346
715.092 119.132
715.382 78.285
715.671 78.137
715.961 103.037
716.251 79.918
716.541 83.694
716.831 94.193
717.121 54.615
717.411 79.393
717.701 129.156
717.990 108.106
718.280 71.608
718.570 84.027
718.860 90.629
719.150 101.224
719.440 79.184
719.730 84.992
720.019 132.624
720.309 129.888
720.599 110.788
720.889 98.562
721.179 76.555
721.469 54.600
721.759 62.325
722.049 67.122
722.338 41.238
722.628 52.847
722.918 86.388
723.208 96.172
723.498 66.367
723.788 41.409
724.078 56.811
724.368 105.139
724.657 108.894
724.947 107.073
725.237 82.082
725.527 91.737
725.817 66.579
726.107 69.676
726.397 62.908
726.686 61.944
726.976 70.650
727.266 81.291
727.556 90.965
727.846 110.416
728.136 113.213
728.426 112.466
728.716 100.841
729.005 87.277
729.295 59.179
729.585 40.850
729.875 50.463
730.165 70.883
730.455 116.472
730.745 91.345
731.035 75.814
731.324 91.528
731.614 88.440
731.904 38.965
732.194 41.883
732.484 81.810
732.774 75.976
733.064 81.815
733.354 52.634
733.643 94.742
733.933 105.373
734.223 77.111
734.513 50.797
734.803 64.508
735.093 65.486
735.383 51.880
735.672 49.930
735.962 69.599
736.252 57.803
736.542 37.351
736.832 32.456
737.122 45.236
737.412 46.218
737.702 56.080
737.991 67.858
738.281 46.362
738.571 53.195
738.861 78.893
739.151 104.486
739.441 114.218
739.731 66.040
740.021 61.246
740.310 88.922
740.600 127.512
740.890 56.327
741.180 31.761
741.470 86.058
741.760 137.393
742.050 142.331
742.339 117.887
742.629 66.455
742.919 109.979
743.209 74.300
743.499 60.528
743.789 67.521
744.079 61.582
744.369 74.382
744.658 86.425
744.948 21.986
745.238 25.974
745.528 68.593
745.818 102.393
746.108 87.515
746.398 72.708
746.688 91.579
746.977 108.463
747.267 64.771
747.557 66.826
747.847 92.673
748.137 84.807
748.427 46.999
748.717 61.988
749.006 36.058
749.296 63.985
749.586 93.774
749.876 84.906
750.166 65.984
750.456 109.920
750.746 142.966
751.036 74.106
751.325 93.071
751.615 59.200
751.905 49.212
752.195 84.264
752.485 60.266
752.775 93.362
753.065 82.353
753.355 53.326
753.644 65.341
753.934 70.560
754.224 85.537
754.514 91.649
754.804 41.409
755.094 30.378
755.384 61.473
755.674 86.551
755.963 125.671
756.253 120.779
756.543 104.612
756.833 102.814
757.123 118.778
757.413 91.764
757.703 38.500
757.992 36.492
758.282 79.630
758.572 79.712
758.862 78.710
759.152 82.732
759.442 90.683
759.732 102.837
760.022 73.694
760.311 83.830
760.601 84.839
760.891 93.895
761.181 80.738
761.471 83.839
761.761 58.750
762.051 66.808
762.341 79.822
762.630 82.925
762.920 71.850
763.210 106.199
763.500 123.214
763.793 96.026
764.086 95.021
764.379 77.825
764.671 89.900
764.964 99.962
765.257 64.753
765.550 69.926
765.843 66.904
766.136 101.181
766.429 92.110
766.722 90.006
767.014 77.845
767.307 65.841
767.600 68.864
767.893 66.920
768.186 67.930
768.479 91.117
768.772 151.603
769.064 129.428
769.357 105.131
769.650 82.053
769.943 56.797
770.236 92.046
770.529 108.270
770.822 70.973
771.115 57.871
771.407 111.413
771.700 138.660
771.993 125.671
772.286 98.301
772.579 98.204
772.872 46.795
773.165 36.716
773.457 29.662
773.750 50.885
774.043 50.887
774.336 79.223
774.629 78.057
774.922 59.975
775.215 80.159
775.508 71.943
775.800 64.830
776.093 67.919
776.386 103.064
776.679 63.895
776.972 71.953
777.265 112.237
777.558 117.157
777.850 110.006
778.143 34.631
778.436 62.837
778.729 71.821
779.022 110.014
779.315 74.840
779.608 38.662
779.900 135.146
780.193 113.038
780.486 56.701
780.779 55.643
781.072 43.566
781.365 87.744
781.658 64.742
781.951 53.699
782.243 64.616
782.536 102.900
782.829 111.938
783.122 94.872
783.415 49.644
783.708 49.646
784.001 41.624
784.293 59.680
784.586 113.730
784.879 113.732
785.172 33.540
785.465 53.616
785.758 56.624
786.051 82.678
786.344 90.515
786.636 58.575
786.929 78.597
787.222 110.853
787.515 82.605
787.808 73.451
788.101 67.459
788.394 87.441
788.686 71.459
788.979 72.533
789.272 60.474
789.565 66.404
789.858 45.448
790.151 58.482
790.444 55.487
790.737 55.544
791.029 89.368
791.322 94.360
791.615 83.300
791.908 93.459
792.201 115.324
792.494 64.363
792.787 70.277
793.079 86.301
793.372 66.297
793.665 72.347
793.958 121.202
794.251 131.174
794.544 92.201
794.837 90.301
795.130 104.261
795.422 109.248
795.715 72.360
796.008 88.403
796.301 102.173
796.594 95.202
796.887 119.109
797.180 124.214
797.472 86.330
797.765 43.460
798.058 39.435
798.351 66.395
798.644 51.442
798.937 33.498
799.230 90.239
799.523 149.155
799.815 88.339
800.108 99.308
800.401 52.451
800.694 2.605
800.987 14.568
801.280 67.546
801.573 107.508
801.865 123.494
802.158 86.446
802.451 64.492
802.744 72.478
803.037 70.484
803.330 74.552
803.623 73.482
803.915 75.479
804.208 67.565
804.501 47.682
804.794 21.658
805.087 38.638
805.380 41.723
805.673 85.727
805.966 148.792
806.258 93.833
806.551 78.963
806.844 79.969
807.137 94.121
807.430 95.033
807.723 64.914
808.016 75.960
808.308 87.181
808.601 72.952
808.894 80.143
809.187 58.070
809.480 68.074
809.773 51.927
810.066 79.144
810.359 88.289
810.651 113.696
810.944 84.349
811.237 58.200
811.530 77.374
811.825 33.010
812.119 16.833
812.414 26.926
812.709 96.652
813.003 121.141
813.298 98.775
813.593 106.070
813.887 75.600
814.182 94.010
814.476 71.773
814.771 113.399
815.066 142.116
815.360 111.485
815.655 92.178
815.950 83.118
816.244 69.895
816.539 72.078
816.834 77.177
817.128 130.318
817.423 88.393
817.718 83.554
818.012 64.325
818.307 23.278
818.602 87.829
818.896 113.678
819.191 126.130
819.486 114.033
819.780 113.005
820.075 89.504
820.369 95.896
820.664 55.624
820.959 67.013
821.253 106.463
821.548 122.009
821.843 113.956
822.137 88.089
822.432 60.149
822.727 117.565
823.021 100.988
823.316 116.770
823.611 137.958
823.905 73.192
824.200 32.372
824.495 72.527
824.789 104.174
825.084 55.594
825.379 85.191
825.673 80.002
825.968 99.221
826.262 92.972
826.557 66.703
826.852 75.127
827.146 79.375
827.441 28.391
827.736 7.191
828.030 24.204
828.325 -9.790
828.620 34.798
828.914 119.852
829.209 94.049
829.504 107.937
829.798 124.641
830.093 125.568
830.388 78.002
830.682 17.731
830.977 39.782
831.271 62.809
831.566 23.845
831.861 109.392
832.155 94.386
832.450 121.947
832.745 126.601
833.039 60.436
833.334 40.702
833.629 59.764
833.923 43.242
834.218 24.936
834.513 28.842
834.807 50.662
835.102 58.291
835.397 98.537
835.691 91.268
835.986 59.746
836.281 43.901
836.575 64.407
836.870 52.564
837.164 65.325
837.459 70.146
837.754 67.218
838.048 105.511
838.343 100.719
838.638 60.683
838.932 60.923
839.227 104.481
839.522 54.351
839.816 10.778
840.111 88.844
840.406 127.355
840.700 123.963
840.995 111.408
841.290 112.207
841.584 84.889
841.879 98.920
842.174 93.307
842.468 92.849
842.763 74.353
843.057 48.529
843.352 64.677
843.647 76.777
843.941 60.070
844.236 68.037
844.531 61.813
844.825 68.710
845.120 100.846
845.415 78.140
845.709 48.533
846.004 68.827
846.299 89.149
846.593 154.400
846.888 108.977
847.183 78.785
847.477 99.191
847.772 86.135
848.066 63.508
848.361 93.267
848.656 64.869
848.950 66.162
849.245 102.852
849.540 95.989
849.834 109.847
850.129 109.974
850.424 94.029
850.718 107.932
851.013 115.980
851.308 112.404
851.602 77.963
851.897 169.053
852.192 181.296
852.486 60.607
852.781 46.863
853.076 81.229
853.370 110.886
853.665 92.582
853.959 72.966
854.254 84.287
854.549 144.557
854.843 129.752
855.138 87.215
855.433 84.853
855.727 116.433
856.022 55.287
856.317 68.770
856.611 66.364
856.906 43.696
857.201 79.523
857.495 92.770
857.790 91.550
858.085 86.792
858.379 74.296
858.674 94.275
858.969 97.499
859.263 90.547
859.558 75.933
859.852 52.690
860.147 85.471
860.442 132.187
860.736 77.291
861.031 59.668
861.326 99.735
861.620 36.631
861.915 97.910
862.210 119.056
862.504 51.351
862.799 71.389
863.094 94.643
863.388 114.614
863.683 113.433
863.978 102.288
864.272 53.653
864.567 89.163
864.861 94.213
865.156 78.180
865.451 21.828
865.745 52.827
866.040 103.178
866.335 91.638
866.629 70.969
866.924 83.060
867.219 81.868
867.513 123.582
867.808 151.565
868.103 140.820
868.397 142.704
868.692 112.114
868.987 72.648
869.281 25.121
869.576 50.097
869.871 73.071
870.165 33.898
870.460 29.882
870.754 40.758
871.049 53.576
871.344 92.085
871.638 101.685
871.933 54.196
872.228 50.207
872.522 38.322
872.817 84.161
873.112 125.259
873.406 107.332
873.701 95.626
873.996 93.494
874.290 80.759
874.585 34.972
874.880 80.526
875.174 63.853
875.469 60.894
875.764 76.281
876.058 54.029
876.353 89.280
876.647 104.737
876.942 93.122
877.237 84.243
877.531 57.286
877.826 49.606
878.121 75.131
878.415 56.068
878.710 36.971
879.005 65.258
879.299 50.937
879.594 64.953
879.889 52.675
880.183 17.869
880.478 42.142
880.773 79.413
881.067 100.701
881.362 114.469
881.656 92.729
881.951 75.052
882.246 25.908
882.540 51.667
882.835 30.387
883.130 0.057
883.424 24.783
883.719 58.560
884.014 90.306
884.308 115.726
884.603 89.981
884.898 86.114
885.192 109.369
885.487 112.080
885.782 63.130
886.076 126.867
886.371 94.324
886.666 14.420
886.960 44.874
887.255 62.741
887.549 41.182
887.844 95.696
888.139 106.137
888.433 48.120
888.728 32.938
889.023 88.001
889.317 89.619
889.612 38.168
889.907 37.251
890.201 87.694
890.496 106.186
890.791 92.842
891.085 69.814
891.380 53.928
891.675 57.510
891.969 96.381
892.264 36.215
892.559 57.412
892.853 75.116
893.148 49.522
893.442 93.488
893.737 109.445
894.032 24.768
894.326 47.677
894.621 74.110
894.916 30.085
895.210 67.945
895.505 121.130
895.800 88.523
896.094 37.177
896.389 54.830
896.684 60.180
896.978 75.133
897.273 35.479
897.568 47.816
897.862 59.354
898.157 59.355
898.451 108.081
898.746 90.383
899.041 80.721
899.335 82.494
899.630 54.199
899.925 55.924
900.219 90.469
900.514 45.378
900.809 42.831
901.103 40.980
901.398 56.079
901.693 68.696
901.987 70.541
902.282 67.808
902.577 59.010
902.871 42.024
903.166 46.523
903.461 80.494
903.755 88.610
904.050 87.058
904.344 44.127
904.639 33.326
904.934 52.208
905.228 46.009
905.523 74.087
905.818 67.715
906.112 53.302
906.407 54.302
906.702 13.714
906.996 20.026
907.291 81.824
907.586 43.634
907.880 60.103
908.175 51.067
908.470 21.069
908.764 35.583
909.059 101.255
909.354 124.251
909.648 101.535
909.943 96.056
910.237 100.808
910.532 77.162
910.827 56.082
911.121 69.896
911.416 112.305
911.711 127.012
912.005 59.107
912.300 103.498
912.599 119.512
912.898 104.713
913.196 88.308
913.495 54.913
913.794 107.061
914.093 69.823
914.391 53.210
914.690 72.949
914.989 79.555
915.288 112.131
915.586 113.276
915.885 84.463
916.184 73.366
916.483 63.986
916.782 100.762
917.080 86.665
917.379 63.289
917.678 93.510
917.977 72.982
918.275 84.405
918.574 104.571
918.873 84.728
919.172 79.182
919.471 61.997
919.769 41.204
920.068 58.475
920.367 83.469
920.666 53.051
920.964 49.257
921.263 23.342
921.562 43.658
921.861 37.978
922.159 30.293
922.458 98.189
922.757 99.450
923.056 90.074
923.355 59.977
923.653 53.123
923.952 40.550
924.251 35.670
924.550 69.204
924.848 45.695
925.147 19.072
925.446 53.815
925.745 86.726
926.043 72.956
926.342 130.119
926.641 106.250
926.940 64.445
927.239 55.586
927.537 97.226
927.836 77.181
928.135 92.552
928.434 60.221
928.732 56.386
929.031 115.926
929.330 107.960
929.629 85.572
929.927 52.794
930.226 28.224
930.525 55.369
930.824 53.458
931.123 57.811
931.421 98.814
931.720 112.218
932.019 94.667
932.318 75.902
932.616 50.614
932.915 30.468
933.214 45.852
933.513 74.457
933.812 54.092
934.110 21.327
934.409 82.810
934.708 135.452
935.007 143.016
935.305 119.455
935.604 76.986
935.903 99.044
936.202 103.544
936.500 117.852
936.799 95.127
937.098 148.324
937.397 135.534
937.696 91.510
937.994 79.558
938.293 119.245
938.592 46.139
938.891 58.750
939.189 52.679
939.488 93.649
939.787 141.315
940.086 111.222
940.384 93.737
940.683 42.622
940.982 25.929
941.281 105.700
941.580 144.933
941.878 58.082
942.177 40.970
942.476 22.287
942.775 73.664
943.073 92.971
943.372 119.230
943.671 166.152
943.970 149.805
944.268 101.491
944.567 72.104
944.866 113.041
945.165 99.739
945.464 88.062
945.762 49.817
946.061 85.729
946.360 145.793
946.659 173.821
946.957 106.031
947.256 118.365
947.555 82.504
947.854 78.152
948.153 104.400
948.451 109.404
948.750 101.712
949.049 98.123
949.348 166.215
949.646 120.351
949.945 139.836
950.244 210.985
950.543 181.423
950.841 124.456
951.140 85.336
951.439 45.131
951.738 39.564
952.037 134.391
952.335 230.126
952.634 168.829
952.933 92.519
953.232 71.876
953.530 0.445
953.829 45.613
954.128 120.594
954.427 98.578
954.725 59.552
955.024 92.463
955.323 79.609
955.622 50.194
955.921 88.600
956.219 81.257
956.518 75.702
956.817 108.380
957.116 79.722
957.414 120.715
957.713 94.328
958.012 -6.587
958.311 16.728
958.610 100.314
958.908 90.394
959.207 95.611
959.506 116.865
959.805 129.971
960.103 99.178
960.402 74.039
960.701 117.941
961.000 70.168
961.298 40.739
961.597 104.570
961.896 127.659
962.195 90.325
962.494 69.009
962.792 90.633
963.091 36.810
963.390 89.437
963.689 107.528
963.987 111.414
964.286 89.555
964.585 70.067
964.884 87.194
965.182 96.433
965.481 111.177
965.780 162.616
966.080 136.986
966.380 104.616
966.680 92.405
966.981 123.290
967.281 140.086
967.581 92.113
967.881 86.784
968.181 114.503
968.481 92.787
968.781 125.696
969.082 150.377
969.382 61.677
969.682 58.264
969.982 81.399
970.282 92.206
970.582 78.660
970.882 103.051
971.183 119.008
971.483 119.932
971.783 112.126
972.083 62.935
972.383 76.239
972.683 74.736
972.983 78.075
973.284 95.280
973.584 110.631
973.884 101.468
974.184 80.518
974.484 78.789
974.784 41.548
975.084 25.003
975.385 33.057
975.685 45.244
975.985 51.460
976.285 56.505
976.585 75.643
976.885 92.826
977.185 107.040
977.486 135.193
977.786 68.464
978.086 103.368
978.386 96.305
978.686 68.121
978.986 65.441
979.286 73.442
979.587 61.443
979.887 93.444
980.187 107.445
980.487 41.446
980.787 49.447
981.087 55.448
981.387 118.449
981.688 96.450
981.988 31.451
982.288 46.452
982.588 102.453
982.888 96.454
983.188 49.454
983.488 59.455
983.789 93.456
984.089 111.457
984.389 55.458
984.689 23.459
984.989 44.460
985.289 68.461
985.589 105.462
985.890 87.463
986.190 32.464
986.490 34.465
986.790 64.466
987.090 59.467
987.390 50.468
987.690 73.469
987.991 44.470
988.291 66.471
988.591 90.472
988.891 98.473
989.191 39.474
989.491 71.475
989.791 64.476
990.092 63.477
990.392 89.478
990.692 47.479
990.992 84.480
991.292 97.481
991.592 130.482
991.892 93.483
992.193 76.484
992.493 111.485
992.793 82.486
993.093 108.487
993.393 92.487
993.693 69.488
993.993 76.489
994.294 79.490
994.594 99.491
994.894 67.492
995.194 71.493
995.494 87.494
995.794 71.495
996.094 55.496
996.395 90.497
996.695 81.498
996.995 40.499
997.295 43.500
997.595 45.501
997.895 45.502
998.195 43.503
998.496 30.504
998.796 71.505
999.096 88.505
999.396 73.506
999.696 51.507
999.996 93.508
1000.296 73.509
1000.597 91.510
1000.897 51.511
1001.197 34.512
1001.497 62.513
1001.797 63.514
1002.097 37.515
1002.397 56.516
1002.698 93.517
1002.998 113.518
1003.298 77.518
1003.598 26.519
1003.898 48.520
1004.198 61.521
1004.498 87.522
1004.799 92.523
1005.099 106.524
1005.399 97.525
1005.699 105.526
1005.999 62.527
1006.299 33.528
1006.599 100.529
1006.900 85.530
1007.200 51.530
1007.500 29.531
1007.800 68.532
1008.100 96.533
1008.400 82.534
1008.700 63.535
1009.001 102.536
1009.301 64.537
1009.601 79.538
1009.901 128.539
1010.201 95.540
1010.501 65.540
1010.801 125.541
1011.102 116.542
1011.402 41.543
1011.702 36.544
1012.002 82.545
1012.302 58.546
1012.602 33.547
1012.902 44.548
1013.203 83.549
1013.503 91.549
1013.803 19.550
1014.103 46.551
1014.403 76.552
1014.703 25.553
1015.003 59.554
1015.304 73.555
1015.604 84.556
1015.904 88.557
1016.204 95.557
1016.504 102.558
1016.804 78.559
1017.104 63.560
1017.405 75.561
1017.705 20.562
1018.005 51.563
1018.305 63.564
1018.605 79.565
1018.905 57.565
1019.205 55.566
1019.506 127.567
1019.806 84.568
1020.106 79.569
1020.406 109.570
1020.706 130.571
1021.006 154.572
1021.306 115.572
1021.607 66.573
1021.907 82.574
1022.207 73.575
1022.507 100.576
1022.807 67.577
1023.107 68.578
1023.407 60.579
1023.708 67.579
1024.008 63.580
1024.308 55.581
1024.608 13.582
1024.908 1.583
1025.208 57.584
1025.508 89.585
1025.809 122.586
1026.109 79.586
1026.409 45.587
1026.709 70.588
1027.009 81.589
1027.309 86.590
1027.609 92.591
1027.910 123.592
1028.210 148.592
1028.510 132.593
1028.810 147.594
1029.110 75.595
1029.410 50.596
1029.710 64.597
1030.011 82.598
1030.311 92.598
1030.611 44.599
1030.911 60.600
1031.211 67.601
1031.511 32.602
1031.811 87.603
1032.112 63.604
1032.412 60.604
1032.712 51.605
1033.012 72.606
1033.312 111.607
1033.612 105.608
1033.912 108.609
1034.212 79.609
1034.513 52.610
1034.813 61.611
1035.113 49.612
1035.413 34.613
1035.713 66.614
1036.013 62.614
1036.313 112.615
1036.614 110.616
1036.914 64.617
1037.214 69.618
1037.514 77.619
1037.814 69.619
1038.114 134.620
1038.414 110.621
1038.715 87.622
1039.015 59.623
1039.315 95.624
1039.615 107.624
1039.915 73.625
1040.215 35.626
1040.515 52.627
1040.816 88.628
1041.116 67.629
1041.416 73.629
1041.716 81.630
1042.016 54.631
1042.316 40.632
1042.616 92.633
1042.917 79.634
1043.217 84.634
1043.517 101.635
1043.817 74.636
1044.117 76.637
1044.417 123.638
1044.717 128.638
1045.018 74.639
1045.318 50.640
1045.618 92.641
1045.918 71.642
1046.218 58.643
1046.518 53.643
1046.818 55.644
1047.119 36.645
1047.419 104.646
1047.719 121.647
1048.019 113.647
1048.319 95.648
1048.619 130.649
1048.919 104.650
1049.220 46.651
1049.520 92.651
1049.820 110.652
1050.120 77.653
1050.420 108.654
1050.720 115.655
1051.020 108.655
1051.321 54.656
1051.621 65.657
1051.921 61.658
1052.221 45.659
1052.521 100.659
1052.821 85.660
1053.121 67.661
1053.422 105.662
1053.722 107.663
1054.022 93.663
1054.322 107.664
1054.622 72.665
1054.922 72.666
1055.222 105.667
1055.523 84.667
1055.823 75.668
1056.123 76.669
1056.423 83.670
1056.723 126.671
1057.023 56.671
1057.323 28.672
1057.624 81.673
1057.924 105.674
1058.224 79.674
1058.524 98.675
1058.824 113.676
1059.124 48.677
1059.424 45.678
1059.725 53.678
1060.025 57.679
1060.325 61.680
1060.625 54.681
1060.925 57.681
1061.225 70.682
1061.525 91.683
1061.826 62.684
1062.126 59.685
1062.426 72.685
1062.726 64.686
1063.026 53.687
1063.326 88.688
1063.626 92.688
1063.927 101.689
1064.227 92.690
1064.527 72.691
1064.827 97.692
1065.127 87.692
1065.427 73.693
1065.727 78.694
1066.028 73.695
1066.328 112.695
1066.628 101.696
1066.928 64.697
1067.228 75.698
1067.528 78.698
1067.828 46.699
1068.129 4.700
1068.429 39.701
1068.729 45.701
1069.029 50.702
1069.329 63.703
1069.629 47.704
1069.929 78.704
1070.230 107.705
1070.530 76.706
1070.830 78.707
1071.130 70.708
1071.430 67.708
1071.730 37.709
1072.030 76.710
1072.331 51.711
1072.631 108.711
1072.931 99.712
1073.231 65.713
1073.531 96.714
1073.831 71.714
1074.131 88.715
1074.432 61.716
1074.732 71.717
1075.032 110.717
1075.332 94.718
1075.632 94.719
1075.932 78.720
1076.232 80.720
1076.533 85.721
1076.833 98.722
1077.133 82.722
1077.433 48.723
1077.733 51.724
1078.033 67.725
1078.333 78.725
1078.634 105.726
1078.934 99.727
1079.234 91.728
1079.534 135.728
1079.834 138.729
1080.134 101.730
1080.434 107.731
1080.735 88.731
1081.035 68.732
1081.335 49.733
1081.635 68.734
1081.935 56.734
1082.235 59.735
1082.535 88.736
1082.836 95.736
1083.136 69.737
1083.436 103.738
1083.736 109.739
1084.036 82.739
1084.336 44.740
1084.636 26.741
1084.937 70.742
1085.237 64.742
1085.537 53.743
1085.837 91.744
1086.137 87.744
1086.437 101.745
1086.737 88.746
1087.038 99.747
1087.338 90.747
1087.638 78.748
1087.938 56.749
1088.238 31.750
1088.538 66.750
1088.838 140.751
1089.139 103.752
1089.439 73.752
1089.739 66.753
1090.039 81.754
1090.339 69.755
1090.639 48.755
1090.939 55.756
1091.240 25.757
1091.540 97.757
1091.840 98.758
1092.140 107.759
1092.453 86.760
1092.766 55.760
1093.079 53.761
1093.392 81.762
1093.705 48.762
1094.018 75.763
1094.330 67.764
1094.643 27.764
1094.956 89.765
1095.269 70.766
1095.582 75.767
1095.895 56.767
1096.208 88.768
1096.521 67.769
1096.834 65.769
1097.147 22.770
1097.460 47.771
1097.773 109.772
1098.085 77.772
1098.398 81.773
1098.711 101.774
1099.024 67.774
1099.337 65.775
1099.650 49.776
1099.963 94.776
1100.276 72.777
1100.589 64.778
1100.902 103.778
1101.215 81.779
1101.528 87.780
1101.841 36.781
1102.153 70.781
1102.466 101.782
1102.779 80.783
1103.092 86.783
1103.405 76.784
1103.718 106.785
1104.031 101.785
1104.344 95.786
1104.657 89.787
1104.970 98.787
1105.283 79.788
1105.596 76.789
1105.909 79.790
1106.221 94.790
1106.534 122.791
1106.847 75.792
1107.160 48.792
1107.473 50.793
1107.786 68.794
1108.099 63.794
1108.412 36.795
1108.725 100.796
1109.038 95.796
1109.351 98.797
1109.664 91.798
1109.977 59.798
1110.289 80.799
1110.602 77.800
1110.915 58.800
1111.228 75.801
1111.541 49.802
1111.854 24.802
1112.167 35.803
1112.480 49.804
1112.793 69.804
1113.106 60.805
1113.419 66.806
1113.732 84.806
1114.044 75.807
1114.357 68.808
1114.670 37.808
1114.983 71.809
1115.296 91.810
1115.609 100.810
1115.922 132.811
1116.235 86.812
1116.548 51.812
1116.861 49.813
1117.174 61.814
1117.487 73.814
1117.800 75.815
1118.112 55.816
1118.425 66.816
1118.738 59.817
1119.051 71.818
1119.364 61.818
1119.677 48.819
1119.990 76.820
1120.303 97.820
1120.616 97.821
1120.929 29.822
1121.242 36.822
1121.555 76.823
1121.868 107.824
1122.180 92.824
1122.493 36.825
1122.806 24.826
1123.119 82.826
1123.432 81.827
1123.745 79.828
1124.058 61.828
1124.371 82.829
1124.684 87.830
1124.997 88.830
1125.310 105.831
1125.623 92.832
1125.935 40.832
1126.248 60.833
1126.561 83.833
1126.874 62.834
1127.187 73.835
1127.500 97.835
1127.813 78.836
1128.126 64.837
1128.439 65.837
1128.752 81.838
1129.065 84.839
1129.378 77.839
1129.691 67.840
1130.003 62.841
1130.316 91.841
1130.629 82.842
1130.942 56.842
1131.255 53.843
1131.568 51.844
1131.881 72.844
1132.194 81.845
1132.507 61.846
1132.820 30.846
1133.133 80.847
1133.446 77.848
1133.759 92.848
1134.071 125.849
1134.384 70.850
1134.697 76.850
1135.010 98.851
1135.323 122.851
1135.636 104.852
1135.949 53.853
1136.262 63.853
1136.575 95.854
1136.888 87.855
1137.201 14.855
1137.514 54.856
1137.826 99.856
1138.139 71.857
1138.452 50.858
1138.765 107.858
1139.078 149.859
1139.391 126.860
1139.704 64.860
1140.017 27.861
1140.330 28.861
1140.643 67.862
1140.956 78.863
1141.269 68.863
1141.582 48.864
1141.894 61.865
1142.207 89.865
1142.520 119.866
1142.833 113.866
1143.146 80.867
1143.459 63.868
1143.772 105.868
1144.085 79.869
1144.398 47.870
1144.711 84.870
1145.024 92.871
1145.337 99.871
1145.650 106.872
1145.962 71.873
1146.275 58.873
1146.588 47.874
1146.901 86.874
1147.214 108.875
1147.527 93.876
1147.840 99.876
1148.153 96.877
1148.466 84.878
1148.779 69.878
1149.092 61.879
1149.405 38.879
1149.718 71.880
1150.030 75.881
1150.343 31.881
1150.656 48.882
1150.969 63.882
1151.282 110.883
1151.595 121.884
1151.908 29.884
1152.221 38.885
1152.534 63.885
1152.847 80.886
1153.160 123.887
1153.473 88.887
1153.785 71.888
1154.098 60.888
1154.411 55.889
1154.724 65.890
1155.037 76.890
1155.350 37.891
1155.663 44.891
1155.976 55.892
1156.289 77.893
1156.602 56.893
1156.915 84.894
1157.228 68.894
1157.541 70.895
1157.853 56.896
1158.166 75.896
1158.479 58.897
1158.792 36.897
1159.105 78.898
1159.418 95.899
1159.731 56.899
1160.044 60.900
1160.357 62.900
1160.670 65.901
1160.983 49.902
1161.296 89.902
1161.609 105.903
1161.921 78.903
1162.234 74.904
1162.547 65.905
1162.860 95.905
1163.173 84.906
1163.486 63.906
1163.799 97.907
1164.112 69.908
1164.425 45.908
1164.738 36.909
1165.051 91.909
1165.364 84.910
1165.676 45.910
1165.989 48.911
1166.302 22.912
1166.615 29.912
1166.928 53.913
1167.241 59.913
1167.554 89.914
1167.867 75.915
1168.180 87.915
1168.493 32.916
1168.806 69.916
1169.119 59.917
1169.432 72.917
1169.744 92.918
1170.057 83.919
1170.370 92.919
1170.683 65.920
1170.996 74.920
1171.309 108.921
1171.622 97.921
1171.935 92.922
1172.248 89.923
1172.561 75.923
1172.874 53.924
1173.187 97.924
1173.500 155.925
1173.812 104.926
1174.125 82.926
1174.438 127.927
1174.751 92.927
1175.064 59.928
1175.377 109.928
1175.690 84.929
1176.003 69.930
1176.316 127.930
1176.629 90.931
1176.942 24.931
1177.255 28.932
1177.567 60.932
1177.880 82.933
1178.193 85.934
1178.506 94.934
1178.819 54.935
1179.132 25.935
1179.445 21.936
1179.758 89.936
1180.071 148.937
1180.384 114.937
1180.697 48.938
1181.010 53.939
1181.323 102.939
1181.635 97.940
1181.948 72.940
1182.261 42.941
1182.574 18.941
1182.887 49.942
1183.200 135.943
1183.513 118.943
1183.826 44.944
1184.139 48.944
1184.452 87.945
1184.765 73.945
1185.078 81.946
1185.391 103.946
1185.703 101.947
1186.016 107.948
1186.329 99.948
1186.642 99.949
1186.955 75.949
1187.268 18.950
1187.581 40.950
1187.894 55.951
1188.207 117.951
1188.520 99.952
1188.833 84.953
1189.146 90.953
1189.459 78.954
1189.771 52.954
1190.084 47.955
1190.397 28.955
1190.710 92.956
1191.023 110.956
1191.336 88.957
1191.649 103.957
1191.962 91.958
1192.275 75.959
1192.588 63.959
1192.901 72.960
1193.214 56.960
1193.526 43.961
1193.839 72.961
1194.152 90.962
1194.465 92.962
1194.778 88.963
1195.091 73.963
1195.404 98.964
1195.717 114.965
1196.030 113.965
1196.343 98.966
1196.656 42.966
1196.969 36.967
1197.282 98.967
1197.594 111.968
1197.907 76.968
1198.220 72.969
1198.533 77.969
1198.846 63.970
1199.159 83.970
1199.472 71.971
1199.785 74.972
1200.098 59.972
1200.411 88.973
1200.724 110.973
1201.037 115.974
1201.350 109.974
1201.662 41.975
1201.975 51.975
1202.288 68.976
1202.601 14.976
