"Time (ps)"	"Counts per bin"
0	49077
100000000	51112
200000000	52638
300000000	53450
400000000	53258
500000000	53512
600000000	53107
700000000	52966
800000000	52739
900000000	53105
1000000000	53009
1100000000	52696
1200000000	53042
1300000000	53029
1400000000	52907
1500000000	52597
1600000000	53082
1700000000	52580
1800000000	52699
1900000000	52617
2000000000	52654
2100000000	52649
2200000000	52290
2300000000	52652
2400000000	52318
2500000000	52375
2600000000	52316
2700000000	52227
2800000000	52539
2900000000	52107
3000000000	51939
3100000000	52376
3200000000	52017
3300000000	52031
3400000000	51883
3500000000	52037
3600000000	51882
3700000000	51455
3800000000	51816
3900000000	52004
4000000000	51534
4100000000	51474
4200000000	52220
4300000000	51502
4400000000	52313
4500000000	51859
4600000000	52254
4700000000	52077
4800000000	52118
4900000000	52253
5000000000	51993
5100000000	51895
5200000000	51360
5300000000	52187
5400000000	51777
5500000000	51727
5600000000	51846
5700000000	51902
5800000000	51638
5900000000	52286
6000000000	51698
6100000000	51673
6200000000	51574
6300000000	51497
6400000000	51592
6500000000	51666
6600000000	51933
6700000000	51808
6800000000	51873
6900000000	52005
7000000000	51755
7100000000	52084
7200000000	51796
7300000000	51993
7400000000	51558
7500000000	51872
7600000000	51751
7700000000	51740
7800000000	52015
7900000000	51816
8000000000	52234
8100000000	52272
8200000000	52019
8300000000	51837
8400000000	51884
8500000000	52286
8600000000	52271
8700000000	52011
8800000000	51880
8900000000	52062
9000000000	51729
9100000000	52063
9200000000	52099
9300000000	51890
9400000000	51604
9500000000	51833
9600000000	51946
9700000000	52083
9800000000	51701
9900000000	51707
10000000000	51735
10100000000	51821
10200000000	51890
10300000000	51611
10400000000	51930
10500000000	51944
10600000000	52090
10700000000	51908
10800000000	51388
10900000000	51669
11000000000	51873
11100000000	51704
11200000000	51843
11300000000	52036
11400000000	52412
11500000000	52068
11600000000	51559
11700000000	51711
11800000000	52061
11900000000	52072
12000000000	51932
12100000000	52190
12200000000	51629
12300000000	52017
12400000000	51968
12500000000	51978
12600000000	51791
12700000000	52247
12800000000	51950
12900000000	52104
13000000000	52134
13100000000	51804
13200000000	51935
13300000000	51676
13400000000	51647
13500000000	51825
13600000000	52015
13700000000	52185
13800000000	51497
13900000000	51603
14000000000	52024
14100000000	51341
14200000000	52012
14300000000	51754
14400000000	51698
14500000000	51894
14600000000	51755
14700000000	51739
14800000000	52197
14900000000	51578
15000000000	52220
15100000000	51801
15200000000	51152
15300000000	52049
15400000000	52054
15500000000	51835
15600000000	52080
15700000000	52248
15800000000	52415
15900000000	51673
16000000000	52025
16100000000	51888
16200000000	52046
16300000000	51766
16400000000	51914
16500000000	52345
16600000000	52422
16700000000	51985
16800000000	52177
16900000000	51763
17000000000	52415
17100000000	51640
17200000000	51592
17300000000	52375
17400000000	52336
17500000000	52421
17600000000	51910
17700000000	52012
17800000000	51916
17900000000	51644
18000000000	52264
18100000000	51695
18200000000	51963
18300000000	51828
18400000000	52143
18500000000	52110
18600000000	51991
18700000000	52290
18800000000	52206
18900000000	51965
19000000000	51773
19100000000	51872
19200000000	51377
19300000000	52195
19400000000	51988
19500000000	51848
19600000000	52119
19700000000	51927
19800000000	52035
19900000000	51730
20000000000	52125
20100000000	51398
20200000000	52159
20300000000	51886
20400000000	51997
20500000000	52051
20600000000	51436
20700000000	51774
20800000000	51466
20900000000	51761
21000000000	52051
21100000000	51922
21200000000	51649
21300000000	51505
21400000000	51822
21500000000	51525
21600000000	51750
21700000000	51650
21800000000	52160
21900000000	52337
22000000000	51431
22100000000	52284
22200000000	51530
22300000000	52158
22400000000	51827
22500000000	51861
22600000000	51877
22700000000	51726
22800000000	51910
22900000000	51897
23000000000	51835
23100000000	52190
23200000000	52022
23300000000	51731
23400000000	52003
23500000000	51691
23600000000	51667
23700000000	51935
23800000000	51667
23900000000	51516
24000000000	52131
24100000000	51964
24200000000	51664
24300000000	51786
24400000000	51229
24500000000	52351
24600000000	51944
24700000000	52046
24800000000	51716
24900000000	52236
25000000000	51224
25100000000	49223
25200000000	48097
25300000000	47406
25400000000	47204
25500000000	47318
25600000000	47458
25700000000	47032
25800000000	47060
25900000000	47413
26000000000	47029
26100000000	47188
26200000000	47002
26300000000	47527
26400000000	47023
26500000000	47501
26600000000	46992
26700000000	47472
26800000000	47411
26900000000	47177
27000000000	47343
27100000000	47334
27200000000	47283
27300000000	47303
27400000000	47448
27500000000	47528
27600000000	47347
27700000000	47203
27800000000	47333
27900000000	47732
28000000000	47491
28100000000	47628
28200000000	47203
28300000000	47381
28400000000	47663
28500000000	47325
28600000000	47486
28700000000	47444
28800000000	47139
28900000000	47545
29000000000	47468
29100000000	47626
29200000000	47380
29300000000	47557
29400000000	47598
29500000000	47076
29600000000	47462
29700000000	47604
29800000000	47737
29900000000	47793
30000000000	47716
30100000000	47971
30200000000	47598
30300000000	47460
30400000000	47656
30500000000	47197
30600000000	47180
30700000000	47521
30800000000	47741
30900000000	47799
31000000000	47442
31100000000	47757
31200000000	47407
31300000000	47874
31400000000	47750
31500000000	47645
31600000000	47609
31700000000	47751
31800000000	47880
31900000000	47913
32000000000	47564
32100000000	47747
32200000000	47630
32300000000	48010
32400000000	47247
32500000000	47422
32600000000	48054
32700000000	47560
32800000000	48022
32900000000	47583
33000000000	47805
33100000000	47782
33200000000	48018
33300000000	48312
33400000000	48406
33500000000	47675
33600000000	47884
33700000000	47614
33800000000	47768
33900000000	47872
34000000000	48339
34100000000	48155
34200000000	48209
34300000000	47781
34400000000	47558
34500000000	48073
34600000000	48032
34700000000	47825
34800000000	48120
34900000000	47708
35000000000	48475
35100000000	48278
35200000000	48201
35300000000	48032
35400000000	47871
35500000000	48012
35600000000	47666
35700000000	47921
35800000000	47958
35900000000	48267
36000000000	48138
36100000000	48158
36200000000	48340
36300000000	48114
36400000000	47712
36500000000	47866
36600000000	47857
36700000000	48407
36800000000	47901
36900000000	48221
37000000000	48134
37100000000	48182
37200000000	48314
37300000000	48678
37400000000	47984
37500000000	48249
37600000000	48136
37700000000	48183
37800000000	48032
37900000000	48550
38000000000	47840
38100000000	48158
38200000000	47943
38300000000	47888
38400000000	47895
38500000000	47704
38600000000	48543
38700000000	48177
38800000000	48214
38900000000	48084
39000000000	47817
39100000000	48205
39200000000	47868
39300000000	47974
39400000000	47883
39500000000	47930
39600000000	47748
39700000000	47947
39800000000	48263
39900000000	47762
40000000000	48008
40100000000	47694
40200000000	47783
40300000000	47963
40400000000	48134
40500000000	48105
40600000000	47919
40700000000	47650
40800000000	47568
40900000000	48147
41000000000	47698
41100000000	47961
41200000000	47944
41300000000	47974
41400000000	47725
41500000000	47743
41600000000	48009
41700000000	47688
41800000000	47986
41900000000	47985
42000000000	47981
42100000000	47929
42200000000	48111
42300000000	47332
42400000000	47888
42500000000	47750
42600000000	47979
42700000000	47453
42800000000	47682
42900000000	47684
43000000000	48167
43100000000	47979
43200000000	47967
43300000000	47993
43400000000	48040
43500000000	47784
43600000000	47983
43700000000	47701
43800000000	48169
43900000000	48280
44000000000	48119
44100000000	48375
44200000000	47937
44300000000	47562
44400000000	48498
44500000000	48015
44600000000	47925
44700000000	48073
44800000000	48075
44900000000	48037
45000000000	47872
45100000000	48194
45200000000	48477
45300000000	48328
45400000000	48278
45500000000	48081
45600000000	47716
45700000000	48218
45800000000	47927
45900000000	47923
46000000000	48235
46100000000	48284
46200000000	48135
46300000000	47921
46400000000	48443
46500000000	47988
46600000000	48373
46700000000	48058
46800000000	48133
46900000000	48279
47000000000	48357
47100000000	47944
47200000000	48109
47300000000	48187
47400000000	48071
47500000000	47918
47600000000	48267
47700000000	48155
47800000000	48211
47900000000	48139
48000000000	48170
48100000000	48042
48200000000	48182
48300000000	48415
48400000000	47957
48500000000	47947
48600000000	47948
48700000000	48276
48800000000	48278
48900000000	48095
49000000000	47953
49100000000	48272
49200000000	47978
49300000000	47819
49400000000	48476
49500000000	47751
49600000000	47962
49700000000	48026
49800000000	47775
49900000000	47999
50000000000	49040
50100000000	51037
50200000000	52659
50300000000	53317
50400000000	53183
50500000000	53466
50600000000	53110
50700000000	52915
50800000000	52737
50900000000	53076
51000000000	52977
51100000000	52712
51200000000	52971
51300000000	53043
51400000000	52842
51500000000	52590
51600000000	52989
51700000000	52592
51800000000	52655
51900000000	52603
52000000000	52639
52100000000	52563
52200000000	52278
52300000000	52699
52400000000	52193
52500000000	52371
52600000000	52289
52700000000	52247
52800000000	52454
52900000000	52099
53000000000	51860
53100000000	52434
53200000000	51970
53300000000	51997
53400000000	51919
53500000000	51939
53600000000	51912
53700000000	51344
53800000000	51832
53900000000	51995
54000000000	51394
54100000000	51544
54200000000	52136
54300000000	51528
54400000000	52284
54500000000	51820
54600000000	52159
54700000000	52100
54800000000	52126
54900000000	52189
55000000000	51994
55100000000	51861
55200000000	51343
55300000000	52065
55400000000	51799
55500000000	51683
55600000000	51895
55700000000	51746
55800000000	51607
55900000000	52331
56000000000	51595
56100000000	51766
56200000000	51441
56300000000	51439
56400000000	51637
56500000000	51585
56600000000	51911
56700000000	51850
56800000000	51738
56900000000	52059
57000000000	51641
57100000000	52151
57200000000	51742
57300000000	51963
57400000000	51470
57500000000	51943
57600000000	51653
57700000000	51682
57800000000	52063
57900000000	51748
58000000000	52162
58100000000	52194
58200000000	52155
58300000000	51721
58400000000	51817
58500000000	52262
58600000000	52252
58700000000	51880
58800000000	51933
58900000000	52053
59000000000	51631
59100000000	52024
59200000000	52061
59300000000	51892
59400000000	51524
59500000000	51825
59600000000	51853
59700000000	52109
59800000000	51675
59900000000	51654
60000000000	51749
60100000000	51786
60200000000	51861
60300000000	51557
60400000000	51905
60500000000	51893
60600000000	52041
60700000000	51884
60800000000	51371
60900000000	51677
61000000000	51759
61100000000	51674
61200000000	51830
61300000000	51959
61400000000	52395
61500000000	52021
61600000000	51591
61700000000	51651
61800000000	52010
61900000000	52088
62000000000	51930
62100000000	52057
62200000000	51616
62300000000	51979
62400000000	51910
62500000000	51930
62600000000	51802
62700000000	52226
62800000000	51899
62900000000	52097
63000000000	52065
63100000000	51847
63200000000	51846
63300000000	51589
63400000000	51706
63500000000	51738
63600000000	51994
63700000000	52220
63800000000	51405
63900000000	51572
64000000000	52038
64100000000	51368
64200000000	51957
64300000000	51667
64400000000	51681
64500000000	51863
64600000000	51744
64700000000	51673
64800000000	52135
64900000000	51594
65000000000	52216
65100000000	51730
65200000000	51160
65300000000	51998
65400000000	52052
65500000000	51804
65600000000	51991
65700000000	52226
65800000000	52392
65900000000	51638
66000000000	52003
66100000000	51913
66200000000	52022
66300000000	51668
66400000000	51953
66500000000	52194
66600000000	52342
66700000000	52099
66800000000	52082
66900000000	51736
67000000000	52373
67100000000	51656
67200000000	51556
67300000000	52268
67400000000	52359
67500000000	52375
67600000000	51856
67700000000	52046
67800000000	51814
67900000000	51603
68000000000	52269
68100000000	51663
68200000000	51930
68300000000	51737
68400000000	52159
68500000000	52058
68600000000	51956
68700000000	52263
68800000000	52176
68900000000	51916
69000000000	51827
69100000000	51868
69200000000	51321
69300000000	52111
69400000000	51946
69500000000	51798
69600000000	52045
69700000000	51965
69800000000	52016
69900000000	51709
70000000000	52041
70100000000	51360
70200000000	52151
70300000000	51889
70400000000	51946
70500000000	52013
70600000000	51410
70700000000	51764
70800000000	51416
70900000000	51741
71000000000	51993
71100000000	51897
71200000000	51613
71300000000	51506
71400000000	51721
71500000000	51573
71600000000	51726
71700000000	51582
71800000000	52129
71900000000	52304
72000000000	51367
72100000000	52272
72200000000	51542
72300000000	52106
72400000000	51750
72500000000	51862
72600000000	51804
72700000000	51815
72800000000	51802
72900000000	51813
73000000000	51853
73100000000	52097
73200000000	52059
73300000000	51747
73400000000	51925
73500000000	51628
73600000000	51578
73700000000	51975
73800000000	51667
73900000000	51520
74000000000	52059
74100000000	51940
74200000000	51595
74300000000	51760
74400000000	51207
74500000000	52332
74600000000	51938
74700000000	52038
74800000000	51621
74900000000	52196
75000000000	51240
75100000000	49265
75200000000	48053
75300000000	47445
75400000000	47178
75500000000	47356
75600000000	47367
75700000000	46979
75800000000	47001
75900000000	47427
76000000000	46991
76100000000	47186
76200000000	46934
76300000000	47491
76400000000	47018
76500000000	47392
76600000000	47042
76700000000	47463
76800000000	47325
76900000000	47192
77000000000	47295
77100000000	47312
77200000000	47285
77300000000	47268
77400000000	47418
77500000000	47406
77600000000	47367
77700000000	47177
77800000000	47282
77900000000	47727
78000000000	47386
78100000000	47637
78200000000	47184
78300000000	47333
78400000000	47649
78500000000	47309
78600000000	47540
78700000000	47365
78800000000	47103
78900000000	47524
79000000000	47437
79100000000	47548
79200000000	47381
79300000000	47554
79400000000	47488
79500000000	47145
79600000000	47412
79700000000	47594
79800000000	47679
79900000000	47695
80000000000	47768
80100000000	47924
80200000000	47616
80300000000	47451
80400000000	47563
80500000000	47182
80600000000	47170
80700000000	47492
80800000000	47658
80900000000	47660
81000000000	47561
81100000000	47706
81200000000	47375
81300000000	47847
81400000000	47757
81500000000	47553
81600000000	47547
81700000000	47787
81800000000	47794
81900000000	47987
82000000000	47496
82100000000	47713
82200000000	47613
82300000000	47922
82400000000	47290
82500000000	47437
82600000000	47967
82700000000	47504
82800000000	47998
82900000000	47595
83000000000	47814
83100000000	47721
83200000000	47936
83300000000	48247
83400000000	48517
83500000000	47542
83600000000	47994
83700000000	47496
83800000000	47746
83900000000	47849
84000000000	48294
84100000000	48180
84200000000	48091
84300000000	47850
84400000000	47417
84500000000	48073
84600000000	47977
84700000000	47812
84800000000	48056
84900000000	47690
85000000000	48401
85100000000	48350
85200000000	48095
85300000000	48063
85400000000	47855
85500000000	47941
85600000000	47641
85700000000	47924
85800000000	47846
85900000000	48199
86000000000	48180
86100000000	48135
86200000000	48275
86300000000	48142
86400000000	47700
86500000000	47781
86600000000	47896
86700000000	48350
86800000000	47793
86900000000	48239
87000000000	48135
87100000000	48130
87200000000	48297
87300000000	48584
87400000000	47966
87500000000	48267
87600000000	48151
87700000000	48090
87800000000	48004
87900000000	48528
88000000000	47798
88100000000	48197
88200000000	47788
88300000000	47916
88400000000	47916
88500000000	47705
88600000000	48469
88700000000	48177
88800000000	48126
88900000000	48098
89000000000	47761
89100000000	48192
89200000000	47865
89300000000	47888
89400000000	47912
89500000000	47828
89600000000	47810
89700000000	47859
89800000000	48195
89900000000	47802
90000000000	47925
90100000000	47710
90200000000	47709
90300000000	47993
90400000000	48084
90500000000	48023
90600000000	47933
90700000000	47653
90800000000	47492
90900000000	48166
91000000000	47628
91100000000	47943
91200000000	47854
91300000000	48041
91400000000	47700
91500000000	47666
91600000000	48024
91700000000	47673
91800000000	47912
91900000000	47930
92000000000	47993
92100000000	47920
92200000000	48038
92300000000	47325
92400000000	47857
92500000000	47704
92600000000	48001
92700000000	47402
92800000000	47687
92900000000	47583
93000000000	48152
93100000000	48011
93200000000	47917
93300000000	48030
93400000000	47929
93500000000	47769
93600000000	47995
93700000000	47646
93800000000	48175
93900000000	48219
94000000000	48091
94100000000	48354
94200000000	47955
94300000000	47476
94400000000	48462
94500000000	48023
94600000000	47891
94700000000	48042
94800000000	47975
94900000000	48021
95000000000	47899
95100000000	48125
95200000000	48427
95300000000	48347
95400000000	48280
95500000000	48044
95600000000	47701
95700000000	48107
95800000000	47959
95900000000	47918
96000000000	48163
96100000000	48247
96200000000	48132
96300000000	47952
96400000000	48266
96500000000	48024
96600000000	48393
96700000000	47960
96800000000	48106
96900000000	48246
97000000000	48373
97100000000	47922
97200000000	48037
97300000000	48202
97400000000	47999
97500000000	47869
97600000000	48268
97700000000	48113
97800000000	48200
97900000000	48142
98000000000	48138
98100000000	47960
98200000000	48164
98300000000	48397
98400000000	47938
98500000000	47889
98600000000	47883
98700000000	48328
98800000000	48159
98900000000	48118
99000000000	47936
99100000000	48243
99200000000	47976
99300000000	47827
99400000000	48319
99500000000	47778
99600000000	47937
99700000000	47975
99800000000	47805
99900000000	47915
