"Time (ps)"	"Counts per bin"
0	30
1000000	33
2000000	30
3000000	29
4000000	24
5000000	29
6000000	31
7000000	28
8000000	26
9000000	21
10000000	22
11000000	26
12000000	22
13000000	40
14000000	25
15000000	27
16000000	23
17000000	30
18000000	27
19000000	29
20000000	27
21000000	18
22000000	30
23000000	19
24000000	36
25000000	33
26000000	43
27000000	19
28000000	30
29000000	23
30000000	30
31000000	26
32000000	30
33000000	29
34000000	29
35000000	31
36000000	30
37000000	20
38000000	22
39000000	21
40000000	23
41000000	30
42000000	23
43000000	30
44000000	18
45000000	20
46000000	33
47000000	24
48000000	28
49000000	20
50000000	19
51000000	18
52000000	23
53000000	32
54000000	36
55000000	25
56000000	26
57000000	29
58000000	19
59000000	20
60000000	26
61000000	22
62000000	27
63000000	29
64000000	19
65000000	18
66000000	33
67000000	25
68000000	30
69000000	31
70000000	19
71000000	20
72000000	23
73000000	20
74000000	25
75000000	22
76000000	23
77000000	29
78000000	21
79000000	22
80000000	25
81000000	18
82000000	31
83000000	30
84000000	24
85000000	22
86000000	31
87000000	21
88000000	19
89000000	37
90000000	19
91000000	22
92000000	19
93000000	27
94000000	23
95000000	20
96000000	23
97000000	27
98000000	17
99000000	25
100000000	19
101000000	17
102000000	26
103000000	25
104000000	33
105000000	19
106000000	23
107000000	28
108000000	20
109000000	19
110000000	24
111000000	20
112000000	23
113000000	14
114000000	23
115000000	34
116000000	16
117000000	22
118000000	15
119000000	19
120000000	15
121000000	17
122000000	30
123000000	19
124000000	25
125000000	22
126000000	30
127000000	24
128000000	20
129000000	20
130000000	23
131000000	27
132000000	26
133000000	24
134000000	19
135000000	14
136000000	21
137000000	23
138000000	24
139000000	12
140000000	21
141000000	20
142000000	20
143000000	20
144000000	15
145000000	23
146000000	26
147000000	18
148000000	19
149000000	22
150000000	9
151000000	17
152000000	12
153000000	23
154000000	22
155000000	26
156000000	17
157000000	22
158000000	30
159000000	16
160000000	24
161000000	16
162000000	20
163000000	23
164000000	16
165000000	19
166000000	25
167000000	17
168000000	30
169000000	22
170000000	12
171000000	19
172000000	24
173000000	20
174000000	13
175000000	19
176000000	23
177000000	11
178000000	22
179000000	33
180000000	13
181000000	27
182000000	20
183000000	14
184000000	17
185000000	29
186000000	28
187000000	14
188000000	21
189000000	16
190000000	16
191000000	15
192000000	17
193000000	23
194000000	14
195000000	18
196000000	22
197000000	21
198000000	21
199000000	23
200000000	18
201000000	22
202000000	15
203000000	19
204000000	21
205000000	14
206000000	20
207000000	20
208000000	15
209000000	23
210000000	20
211000000	25
212000000	16
213000000	19
214000000	17
215000000	17
216000000	21
217000000	17
218000000	16
219000000	16
220000000	21
221000000	20
222000000	13
223000000	19
224000000	18
225000000	16
226000000	15
227000000	15
228000000	17
229000000	12
230000000	10
231000000	15
232000000	18
233000000	10
234000000	12
235000000	21
236000000	11
237000000	11
238000000	14
239000000	17
240000000	23
241000000	19
242000000	13
243000000	15
244000000	24
245000000	20
246000000	12
247000000	25
248000000	16
249000000	22
250000000	9
251000000	10
252000000	18
253000000	17
254000000	18
255000000	11
256000000	22
257000000	17
258000000	23
259000000	22
260000000	17
261000000	17
262000000	20
263000000	19
264000000	17
265000000	9
266000000	15
267000000	17
268000000	22
269000000	15
270000000	17
271000000	17
272000000	22
273000000	22
274000000	14
275000000	19
276000000	24
277000000	17
278000000	19
279000000	12
280000000	14
281000000	20
282000000	13
283000000	17
284000000	21
285000000	23
286000000	18
287000000	11
288000000	13
289000000	19
290000000	15
291000000	14
292000000	18
293000000	17
294000000	16
295000000	15
296000000	17
297000000	22
298000000	16
299000000	12
300000000	11
301000000	14
302000000	14
303000000	13
304000000	15
305000000	11
306000000	11
307000000	16
308000000	15
309000000	13
310000000	18
311000000	11
312000000	13
313000000	11
314000000	21
315000000	17
316000000	11
317000000	13
318000000	11
319000000	23
320000000	14
321000000	17
322000000	11
323000000	22
324000000	11
325000000	8
326000000	18
327000000	13
328000000	23
329000000	21
330000000	17
331000000	13
332000000	14
333000000	17
334000000	20
335000000	15
336000000	12
337000000	14
338000000	17
339000000	14
340000000	11
341000000	11
342000000	11
343000000	13
344000000	16
345000000	11
346000000	20
347000000	9
348000000	13
349000000	12
350000000	24
351000000	15
352000000	13
353000000	20
354000000	19
355000000	11
356000000	17
357000000	13
358000000	13
359000000	9
360000000	21
361000000	16
362000000	12
363000000	9
364000000	17
365000000	19
366000000	23
367000000	13
368000000	14
369000000	15
370000000	20
371000000	14
372000000	21
373000000	11
374000000	11
375000000	10
376000000	13
377000000	18
378000000	10
379000000	10
380000000	11
381000000	9
382000000	15
383000000	13
384000000	16
385000000	20
386000000	19
387000000	9
388000000	12
389000000	11
390000000	14
391000000	16
392000000	19
393000000	17
394000000	19
395000000	15
396000000	15
397000000	13
398000000	8
399000000	19
400000000	20
401000000	19
402000000	14
403000000	10
404000000	13
405000000	15
406000000	13
407000000	16
408000000	15
409000000	21
410000000	10
411000000	14
412000000	7
413000000	9
414000000	18
415000000	19
416000000	18
417000000	15
418000000	13
419000000	19
420000000	13
421000000	7
422000000	16
423000000	16
424000000	7
425000000	12
426000000	21
427000000	7
428000000	18
429000000	15
430000000	7
431000000	9
432000000	11
433000000	16
434000000	6
435000000	16
436000000	14
437000000	17
438000000	15
439000000	12
440000000	6
441000000	13
442000000	11
443000000	9
444000000	13
445000000	10
446000000	19
447000000	5
448000000	12
449000000	20
450000000	18
451000000	14
452000000	14
453000000	9
454000000	19
455000000	7
456000000	8
457000000	10
458000000	15
459000000	15
460000000	20
461000000	10
462000000	14
463000000	13
464000000	10
465000000	15
466000000	16
467000000	6
468000000	13
469000000	18
470000000	21
471000000	14
472000000	11
473000000	12
474000000	14
475000000	9
476000000	10
477000000	11
478000000	16
479000000	9
480000000	15
481000000	15
482000000	15
483000000	13
484000000	16
485000000	20
486000000	13
487000000	16
488000000	10
489000000	13
490000000	13
491000000	10
492000000	14
493000000	16
494000000	15
495000000	9
496000000	22
497000000	12
498000000	12
499000000	9
500000000	9
501000000	11
502000000	15
503000000	9
504000000	6
505000000	15
506000000	9
507000000	8
508000000	11
509000000	22
510000000	10
511000000	8
512000000	11
513000000	11
514000000	22
515000000	8
516000000	18
517000000	14
518000000	12
519000000	8
520000000	16
521000000	12
522000000	13
523000000	12
524000000	14
525000000	22
526000000	6
527000000	9
528000000	14
529000000	6
530000000	16
531000000	12
532000000	11
533000000	9
534000000	19
535000000	21
536000000	11
537000000	13
538000000	16
539000000	10
540000000	15
541000000	11
542000000	17
543000000	5
544000000	10
545000000	11
546000000	14
547000000	9
548000000	18
549000000	15
550000000	5
551000000	8
552000000	10
553000000	14
554000000	7
555000000	8
556000000	17
557000000	10
558000000	14
559000000	13
560000000	8
561000000	12
562000000	12
563000000	16
564000000	17
565000000	3
566000000	7
567000000	10
568000000	10
569000000	13
570000000	16
571000000	13
572000000	10
573000000	8
574000000	8
575000000	5
576000000	7
577000000	4
578000000	13
579000000	10
580000000	18
581000000	5
582000000	18
583000000	13
584000000	12
585000000	22
586000000	9
587000000	17
588000000	12
589000000	8
590000000	14
591000000	12
592000000	11
593000000	13
594000000	15
595000000	12
596000000	11
597000000	10
598000000	6
599000000	13
600000000	10
601000000	14
602000000	8
603000000	11
604000000	12
605000000	6
606000000	17
607000000	9
608000000	13
609000000	13
610000000	9
611000000	14
612000000	14
613000000	23
614000000	18
615000000	11
616000000	13
617000000	17
618000000	11
619000000	10
620000000	20
621000000	18
622000000	18
623000000	17
624000000	11
625000000	9
626000000	10
627000000	11
628000000	7
629000000	9
630000000	6
631000000	12
632000000	14
633000000	17
634000000	11
635000000	10
636000000	11
637000000	12
638000000	10
639000000	8
640000000	13
641000000	13
642000000	12
643000000	18
644000000	10
645000000	11
646000000	12
647000000	10
648000000	15
649000000	20
650000000	11
651000000	13
652000000	16
653000000	12
654000000	8
655000000	13
656000000	13
657000000	7
658000000	12
659000000	14
660000000	8
661000000	10
662000000	13
663000000	11
664000000	20
665000000	12
666000000	8
667000000	10
668000000	15
669000000	9
670000000	7
671000000	8
672000000	8
673000000	8
674000000	11
675000000	12
676000000	5
677000000	12
678000000	17
679000000	12
680000000	8
681000000	10
682000000	10
683000000	5
684000000	11
685000000	13
686000000	12
687000000	5
688000000	8
689000000	12
690000000	14
691000000	11
692000000	7
693000000	16
694000000	16
695000000	10
696000000	10
697000000	18
698000000	8
699000000	10
700000000	10
701000000	10
702000000	6
703000000	11
704000000	5
705000000	16
706000000	13
707000000	6
708000000	8
709000000	15
710000000	13
711000000	13
712000000	14
713000000	11
714000000	12
715000000	10
716000000	15
717000000	12
718000000	12
719000000	9
720000000	9
721000000	20
722000000	14
723000000	13
724000000	9
725000000	14
726000000	12
727000000	10
728000000	19
729000000	7
730000000	8
731000000	18
732000000	9
733000000	13
734000000	10
735000000	17
736000000	10
737000000	11
738000000	13
739000000	8
740000000	7
741000000	8
742000000	8
743000000	15
744000000	14
745000000	13
746000000	13
747000000	11
748000000	6
749000000	14
750000000	16
751000000	14
752000000	12
753000000	10
754000000	10
755000000	16
756000000	15
757000000	10
758000000	10
759000000	12
760000000	18
761000000	7
762000000	8
763000000	9
764000000	13
765000000	7
766000000	17
767000000	15
768000000	18
769000000	9
770000000	8
771000000	13
772000000	8
773000000	11
774000000	11
775000000	11
776000000	15
777000000	17
778000000	11
779000000	9
780000000	8
781000000	11
782000000	10
783000000	19
784000000	8
785000000	19
786000000	8
787000000	12
788000000	8
789000000	7
790000000	8
791000000	16
792000000	16
793000000	7
794000000	12
795000000	20
796000000	10
797000000	13
798000000	10
799000000	11
800000000	9
801000000	14
802000000	9
803000000	15
804000000	11
805000000	10
806000000	11
807000000	12
808000000	18
809000000	9
810000000	8
811000000	10
812000000	8
813000000	15
814000000	8
815000000	8
816000000	11
817000000	13
818000000	8
819000000	11
820000000	7
821000000	14
822000000	7
823000000	12
824000000	12
825000000	11
826000000	17
827000000	13
828000000	16
829000000	15
830000000	9
831000000	13
832000000	12
833000000	13
834000000	13
835000000	7
836000000	11
837000000	11
838000000	17
839000000	9
840000000	10
841000000	12
842000000	11
843000000	11
844000000	10
845000000	12
846000000	7
847000000	9
848000000	10
849000000	12
850000000	11
851000000	14
852000000	10
853000000	8
854000000	14
855000000	7
856000000	7
857000000	12
858000000	12
859000000	6
860000000	6
861000000	11
862000000	15
863000000	10
864000000	13
865000000	10
866000000	10
867000000	13
868000000	11
869000000	6
870000000	13
871000000	11
872000000	6
873000000	10
874000000	10
875000000	17
876000000	8
877000000	12
878000000	12
879000000	14
880000000	9
881000000	7
882000000	18
883000000	10
884000000	7
885000000	15
886000000	21
887000000	8
888000000	12
889000000	14
890000000	4
891000000	15
892000000	9
893000000	12
894000000	10
895000000	13
896000000	11
897000000	9
898000000	4
899000000	12
900000000	8
901000000	9
902000000	17
903000000	3
904000000	7
905000000	17
906000000	8
907000000	9
908000000	10
909000000	8
910000000	13
911000000	6
912000000	13
913000000	11
914000000	10
915000000	13
916000000	13
917000000	14
918000000	9
919000000	9
920000000	5
921000000	12
922000000	18
923000000	7
924000000	8
925000000	10
926000000	10
927000000	8
928000000	9
929000000	10
930000000	15
931000000	11
932000000	8
933000000	7
934000000	10
935000000	10
936000000	9
937000000	9
938000000	8
939000000	14
940000000	14
941000000	5
942000000	6
943000000	15
944000000	9
945000000	13
946000000	14
947000000	9
948000000	14
949000000	19
950000000	14
951000000	13
952000000	7
953000000	6
954000000	10
955000000	7
956000000	11
957000000	16
958000000	11
959000000	12
960000000	8
961000000	10
962000000	7
963000000	7
964000000	12
965000000	16
966000000	15
967000000	19
968000000	14
969000000	17
970000000	3
971000000	7
972000000	11
973000000	7
974000000	10
975000000	9
976000000	11
977000000	16
978000000	10
979000000	8
980000000	6
981000000	8
982000000	9
983000000	9
984000000	10
985000000	10
986000000	11
987000000	13
988000000	6
989000000	13
990000000	7
991000000	11
992000000	10
993000000	17
994000000	5
995000000	14
996000000	10
997000000	6
998000000	7
999000000	15
