"Time (ps)"	"Counts per bin"
0	199
500000	193
1000000	191
1500000	188
2000000	195
2500000	187
3000000	173
3500000	187
4000000	177
4500000	182
5000000	190
5500000	186
6000000	205
6500000	167
7000000	163
7500000	220
8000000	193
8500000	154
9000000	167
9500000	194
10000000	200
10500000	181
11000000	183
11500000	186
12000000	208
12500000	180
13000000	194
13500000	167
14000000	184
14500000	188
15000000	161
15500000	176
16000000	185
16500000	215
17000000	195
17500000	178
18000000	204
18500000	185
19000000	181
19500000	204
20000000	178
20500000	185
21000000	184
21500000	158
22000000	173
22500000	184
23000000	187
23500000	177
24000000	181
24500000	184
25000000	179
25500000	162
26000000	208
26500000	191
27000000	174
27500000	183
28000000	173
28500000	192
29000000	168
29500000	163
30000000	168
30500000	178
31000000	157
31500000	181
32000000	156
32500000	197
33000000	182
33500000	179
34000000	173
34500000	186
35000000	168
35500000	190
36000000	167
36500000	185
37000000	199
37500000	168
38000000	176
38500000	161
39000000	176
39500000	168
40000000	189
40500000	173
41000000	173
41500000	154
42000000	203
42500000	150
43000000	174
43500000	187
44000000	162
44500000	179
45000000	175
45500000	191
46000000	155
46500000	167
47000000	180
47500000	176
48000000	168
48500000	151
49000000	142
49500000	175
50000000	163
50500000	161
51000000	197
51500000	148
52000000	161
52500000	161
53000000	151
53500000	185
54000000	165
54500000	186
55000000	166
55500000	162
56000000	157
56500000	175
57000000	155
57500000	167
58000000	153
58500000	178
59000000	167
59500000	168
60000000	157
60500000	180
61000000	174
61500000	174
62000000	172
62500000	147
63000000	152
63500000	172
64000000	171
64500000	142
65000000	151
65500000	193
66000000	174
66500000	176
67000000	157
67500000	162
68000000	168
68500000	143
69000000	200
69500000	158
70000000	161
70500000	140
71000000	156
71500000	154
72000000	166
72500000	173
73000000	159
73500000	178
74000000	177
74500000	148
75000000	145
75500000	147
76000000	147
76500000	150
77000000	134
77500000	149
78000000	153
78500000	155
79000000	151
79500000	169
80000000	158
80500000	178
81000000	154
81500000	164
82000000	174
82500000	154
83000000	181
83500000	135
84000000	133
84500000	162
85000000	156
85500000	166
86000000	136
86500000	126
87000000	155
87500000	167
88000000	133
88500000	160
89000000	154
89500000	179
90000000	156
90500000	147
91000000	156
91500000	148
92000000	149
92500000	174
93000000	150
93500000	168
94000000	136
94500000	149
95000000	133
95500000	139
96000000	155
96500000	129
97000000	138
97500000	141
98000000	151
98500000	138
99000000	166
99500000	168
100000000	150
100500000	165
101000000	134
101500000	135
102000000	142
102500000	152
103000000	142
103500000	142
104000000	131
104500000	170
105000000	132
105500000	166
106000000	149
106500000	147
107000000	148
107500000	166
108000000	162
108500000	147
109000000	141
109500000	142
110000000	137
110500000	136
111000000	143
111500000	124
112000000	150
112500000	128
113000000	127
113500000	149
114000000	154
114500000	145
115000000	163
115500000	131
116000000	141
116500000	136
117000000	147
117500000	131
118000000	122
118500000	131
119000000	150
119500000	138
120000000	154
120500000	135
121000000	148
121500000	142
122000000	146
122500000	155
123000000	143
123500000	136
124000000	137
124500000	143
125000000	135
125500000	145
126000000	130
126500000	136
127000000	159
127500000	153
128000000	136
128500000	156
129000000	133
129500000	157
130000000	149
130500000	137
131000000	139
131500000	140
132000000	131
132500000	122
133000000	131
133500000	122
134000000	138
134500000	119
135000000	143
135500000	142
136000000	132
136500000	129
137000000	146
137500000	124
138000000	148
138500000	123
139000000	140
139500000	134
140000000	132
140500000	128
141000000	136
141500000	127
142000000	120
142500000	131
143000000	126
143500000	128
144000000	118
144500000	125
145000000	134
145500000	132
146000000	125
146500000	130
147000000	135
147500000	157
148000000	131
148500000	129
149000000	126
149500000	124
150000000	117
150500000	117
151000000	130
151500000	148
152000000	121
152500000	122
153000000	117
153500000	137
154000000	130
154500000	118
155000000	102
155500000	123
156000000	129
156500000	127
157000000	151
157500000	122
158000000	103
158500000	121
159000000	121
159500000	116
160000000	140
160500000	145
161000000	128
161500000	117
162000000	136
162500000	109
163000000	135
163500000	112
164000000	137
164500000	146
165000000	139
165500000	132
166000000	102
166500000	109
167000000	128
167500000	134
168000000	121
168500000	139
169000000	139
169500000	119
170000000	117
170500000	142
171000000	126
171500000	143
172000000	136
172500000	163
173000000	132
173500000	124
174000000	126
174500000	126
175000000	121
175500000	117
176000000	119
176500000	105
177000000	121
177500000	137
178000000	115
178500000	136
179000000	125
179500000	126
180000000	136
180500000	130
181000000	129
181500000	131
182000000	118
182500000	133
183000000	114
183500000	130
184000000	121
184500000	116
185000000	121
185500000	111
186000000	130
186500000	118
187000000	119
187500000	125
188000000	136
188500000	128
189000000	112
189500000	105
190000000	127
190500000	95
191000000	126
191500000	107
192000000	122
192500000	136
193000000	114
193500000	100
194000000	129
194500000	124
195000000	104
195500000	124
196000000	128
196500000	102
197000000	134
197500000	118
198000000	120
198500000	128
199000000	103
199500000	114
200000000	106
200500000	118
201000000	121
201500000	116
202000000	96
202500000	105
203000000	110
203500000	98
204000000	112
204500000	109
205000000	100
205500000	115
206000000	115
206500000	120
207000000	91
207500000	115
208000000	105
208500000	117
209000000	113
209500000	105
210000000	107
210500000	107
211000000	85
211500000	104
212000000	129
212500000	109
213000000	95
213500000	123
214000000	120
214500000	110
215000000	118
215500000	104
216000000	121
216500000	115
217000000	110
217500000	104
218000000	101
218500000	105
219000000	96
219500000	90
220000000	111
220500000	154
221000000	103
221500000	125
222000000	118
222500000	118
223000000	99
223500000	108
224000000	91
224500000	129
225000000	99
225500000	98
226000000	103
226500000	112
227000000	112
227500000	92
228000000	107
228500000	109
229000000	114
229500000	102
230000000	122
230500000	98
231000000	127
231500000	113
232000000	105
232500000	103
233000000	100
233500000	104
234000000	98
234500000	105
235000000	109
235500000	112
236000000	98
236500000	117
237000000	101
237500000	114
238000000	102
238500000	114
239000000	108
239500000	124
240000000	115
240500000	99
241000000	105
241500000	95
242000000	106
242500000	111
243000000	101
243500000	101
244000000	107
244500000	72
245000000	118
245500000	103
246000000	115
246500000	103
247000000	104
247500000	103
248000000	96
248500000	106
249000000	93
249500000	103
250000000	103
250500000	122
251000000	92
251500000	110
252000000	113
252500000	117
253000000	96
253500000	88
254000000	100
254500000	98
255000000	93
255500000	120
256000000	92
256500000	95
257000000	89
257500000	95
258000000	103
258500000	109
259000000	86
259500000	104
260000000	74
260500000	83
261000000	104
261500000	95
262000000	120
262500000	100
263000000	104
263500000	102
264000000	112
264500000	104
265000000	104
265500000	91
266000000	95
266500000	84
267000000	92
267500000	97
268000000	108
268500000	102
269000000	97
269500000	118
270000000	102
270500000	95
271000000	110
271500000	105
272000000	105
272500000	100
273000000	83
273500000	92
274000000	103
274500000	97
275000000	88
275500000	93
276000000	105
276500000	119
277000000	88
277500000	117
278000000	104
278500000	113
279000000	100
279500000	77
280000000	110
280500000	92
281000000	89
281500000	107
282000000	96
282500000	112
283000000	90
283500000	94
284000000	104
284500000	85
285000000	83
285500000	91
286000000	80
286500000	103
287000000	100
287500000	87
288000000	93
288500000	77
289000000	104
289500000	111
290000000	94
290500000	107
291000000	99
291500000	94
292000000	90
292500000	100
293000000	93
293500000	117
294000000	112
294500000	86
295000000	98
295500000	101
296000000	84
296500000	106
297000000	84
297500000	91
298000000	76
298500000	94
299000000	82
299500000	107
300000000	101
300500000	95
301000000	96
301500000	91
302000000	83
302500000	82
303000000	80
303500000	86
304000000	117
304500000	88
305000000	112
305500000	86
306000000	92
306500000	104
307000000	70
307500000	88
308000000	88
308500000	90
309000000	86
309500000	72
310000000	82
310500000	98
311000000	89
311500000	121
312000000	106
312500000	102
313000000	85
313500000	90
314000000	112
314500000	90
315000000	77
315500000	102
316000000	88
316500000	85
317000000	87
317500000	91
318000000	89
318500000	77
319000000	88
319500000	92
320000000	83
320500000	90
321000000	85
321500000	99
322000000	83
322500000	98
323000000	87
323500000	89
324000000	100
324500000	82
325000000	102
325500000	75
326000000	96
326500000	82
327000000	89
327500000	113
328000000	82
328500000	86
329000000	87
329500000	100
330000000	100
330500000	87
331000000	86
331500000	79
332000000	84
332500000	93
333000000	75
333500000	91
334000000	100
334500000	87
335000000	119
335500000	82
336000000	78
336500000	89
337000000	92
337500000	86
338000000	77
338500000	90
339000000	68
339500000	99
340000000	89
340500000	90
341000000	90
341500000	80
342000000	73
342500000	90
343000000	86
343500000	100
344000000	82
344500000	89
345000000	81
345500000	123
346000000	103
346500000	75
347000000	81
347500000	82
348000000	89
348500000	73
349000000	90
349500000	78
350000000	63
350500000	87
351000000	78
351500000	89
352000000	101
352500000	72
353000000	99
353500000	75
354000000	107
354500000	92
355000000	79
355500000	72
356000000	64
356500000	92
357000000	84
357500000	88
358000000	87
358500000	69
359000000	87
359500000	90
360000000	98
360500000	93
361000000	95
361500000	89
362000000	99
362500000	98
363000000	74
363500000	89
364000000	71
364500000	76
365000000	92
365500000	86
366000000	85
366500000	86
367000000	78
367500000	100
368000000	86
368500000	78
369000000	84
369500000	92
370000000	68
370500000	89
371000000	82
371500000	67
372000000	94
372500000	63
373000000	76
373500000	75
374000000	72
374500000	90
375000000	78
375500000	77
376000000	76
376500000	88
377000000	78
377500000	97
378000000	87
378500000	74
379000000	71
379500000	74
380000000	78
380500000	72
381000000	86
381500000	87
382000000	82
382500000	80
383000000	71
383500000	79
384000000	86
384500000	73
385000000	74
385500000	75
386000000	89
386500000	83
387000000	75
387500000	73
388000000	79
388500000	78
389000000	80
389500000	71
390000000	85
390500000	93
391000000	63
391500000	81
392000000	86
392500000	72
393000000	95
393500000	70
394000000	79
394500000	68
395000000	83
395500000	75
396000000	87
396500000	86
397000000	92
397500000	85
398000000	74
398500000	64
399000000	77
399500000	68
400000000	95
400500000	87
401000000	70
401500000	84
402000000	57
402500000	83
403000000	69
403500000	80
404000000	64
404500000	77
405000000	90
405500000	80
406000000	79
406500000	84
407000000	56
407500000	94
408000000	66
408500000	87
409000000	94
409500000	77
410000000	75
410500000	72
411000000	63
411500000	74
412000000	81
412500000	88
413000000	86
413500000	76
414000000	72
414500000	74
415000000	85
415500000	67
416000000	53
416500000	94
417000000	80
417500000	71
418000000	75
418500000	64
419000000	70
419500000	91
420000000	86
420500000	66
421000000	67
421500000	64
422000000	65
422500000	76
423000000	74
423500000	76
424000000	77
424500000	68
425000000	90
425500000	84
426000000	77
426500000	64
427000000	75
427500000	86
428000000	71
428500000	68
429000000	69
429500000	78
430000000	72
430500000	72
431000000	71
431500000	83
432000000	79
432500000	86
433000000	75
433500000	69
434000000	71
434500000	79
435000000	66
435500000	68
436000000	68
436500000	56
437000000	80
437500000	71
438000000	78
438500000	77
439000000	76
439500000	66
440000000	81
440500000	89
441000000	76
441500000	82
442000000	59
442500000	80
443000000	77
443500000	81
444000000	84
444500000	85
445000000	71
445500000	78
446000000	79
446500000	80
447000000	73
447500000	74
448000000	73
448500000	73
449000000	83
449500000	81
450000000	64
450500000	75
451000000	71
451500000	61
452000000	68
452500000	85
453000000	88
453500000	61
454000000	74
454500000	85
455000000	66
455500000	76
456000000	65
456500000	79
457000000	69
457500000	90
458000000	71
458500000	64
459000000	64
459500000	68
460000000	71
460500000	69
461000000	96
461500000	70
462000000	69
462500000	63
463000000	55
463500000	65
464000000	72
464500000	66
465000000	74
465500000	73
466000000	77
466500000	80
467000000	81
467500000	75
468000000	86
468500000	87
469000000	60
469500000	72
470000000	86
470500000	72
471000000	81
471500000	77
472000000	65
472500000	67
473000000	83
473500000	79
474000000	70
474500000	76
475000000	70
475500000	79
476000000	64
476500000	73
477000000	73
477500000	73
478000000	66
478500000	77
479000000	80
479500000	63
480000000	92
480500000	61
481000000	89
481500000	62
482000000	64
482500000	72
483000000	70
483500000	60
484000000	51
484500000	76
485000000	53
485500000	66
486000000	80
486500000	71
487000000	79
487500000	70
488000000	70
488500000	53
489000000	83
489500000	72
490000000	55
490500000	60
491000000	74
491500000	58
492000000	76
492500000	67
493000000	63
493500000	71
494000000	67
494500000	81
495000000	52
495500000	69
496000000	74
496500000	62
497000000	65
497500000	81
498000000	77
498500000	64
499000000	93
499500000	64
