"Time (ps)"	"Counts per bin"
0	6510
100000	6652
200000	6478
300000	6456
400000	6578
500000	6468
600000	6491
700000	6574
800000	6447
900000	6445
1000000	6587
1100000	6551
1200000	6506
1300000	6542
1400000	6454
1500000	6309
1600000	6467
1700000	6279
1800000	6542
1900000	6505
2000000	6489
2100000	6479
2200000	6289
2300000	6456
2400000	6425
2500000	6541
2600000	6275
2700000	6399
2800000	6327
2900000	6395
3000000	6406
3100000	6321
3200000	6344
3300000	6365
3400000	6426
3500000	6351
3600000	6351
3700000	6372
3800000	6351
3900000	6204
4000000	6207
4100000	6156
4200000	6143
4300000	6244
4400000	6310
4500000	6371
4600000	6150
4700000	6281
4800000	6356
4900000	6079
5000000	6169
5100000	6233
5200000	6264
5300000	6117
5400000	6222
5500000	6139
5600000	6072
5700000	6177
5800000	6279
5900000	6083
6000000	6160
6100000	6078
6200000	6163
6300000	6219
6400000	6132
6500000	6065
6600000	6325
6700000	6018
6800000	6112
6900000	6083
7000000	6179
7100000	6160
7200000	5970
7300000	6087
7400000	6080
7500000	6113
7600000	5999
7700000	5992
7800000	5964
7900000	6008
8000000	5948
8100000	6080
8200000	5995
8300000	5931
8400000	6024
8500000	5813
8600000	5880
8700000	5847
8800000	5856
8900000	5970
9000000	5897
9100000	5779
9200000	5930
9300000	5884
9400000	5847
9500000	5734
9600000	5797
9700000	5814
9800000	5801
9900000	5741
10000000	5863
10100000	5686
10200000	5762
10300000	5721
10400000	5750
10500000	5760
10600000	5753
10700000	5668
10800000	5653
10900000	5700
11000000	5808
11100000	5687
11200000	5607
11300000	5846
11400000	5685
11500000	5558
11600000	5557
11700000	5773
11800000	5674
11900000	5736
12000000	5766
12100000	5596
12200000	5661
12300000	5600
12400000	5561
12500000	5508
12600000	5584
12700000	5601
12800000	5716
12900000	5613
13000000	5406
13100000	5365
13200000	5681
13300000	5543
13400000	5548
13500000	5550
13600000	5502
13700000	5396
13800000	5564
13900000	5508
14000000	5550
14100000	5504
14200000	5492
14300000	5410
14400000	5270
14500000	5296
14600000	5477
14700000	5358
14800000	5349
14900000	5296
15000000	5520
15100000	5308
15200000	5308
15300000	5298
15400000	5451
15500000	5332
15600000	5411
15700000	5398
15800000	5403
15900000	5245
16000000	5324
16100000	5348
16200000	5353
16300000	5239
16400000	5299
16500000	5213
16600000	5160
16700000	5266
16800000	5200
16900000	5311
17000000	5303
17100000	5284
17200000	5372
17300000	5150
17400000	5234
17500000	5228
17600000	5131
17700000	5250
17800000	5148
17900000	5056
18000000	5077
18100000	5197
18200000	5187
18300000	5273
18400000	5146
18500000	5113
18600000	5015
18700000	5132
18800000	5071
18900000	5135
19000000	5127
19100000	5104
19200000	5118
19300000	5109
19400000	5031
19500000	5114
19600000	5088
19700000	5183
19800000	5144
19900000	5116
20000000	5059
20100000	5136
20200000	5108
20300000	4912
20400000	5027
20500000	4977
20600000	4985
20700000	4911
20800000	4909
20900000	4901
21000000	5007
21100000	4909
21200000	4957
21300000	4950
21400000	4943
21500000	4920
21600000	4966
21700000	4948
21800000	4908
21900000	4932
22000000	4726
22100000	4891
22200000	4786
22300000	4900
22400000	4847
22500000	4799
22600000	4807
22700000	4919
22800000	4688
22900000	4943
23000000	4771
23100000	4888
23200000	4895
23300000	4855
23400000	4720
23500000	4884
23600000	4816
23700000	4726
23800000	4871
23900000	4842
24000000	4805
24100000	4780
24200000	4758
24300000	4800
24400000	4787
24500000	4706
24600000	4840
24700000	4791
24800000	4688
24900000	4773
25000000	4762
25100000	4840
25200000	4796
25300000	4790
25400000	4677
25500000	4645
25600000	4709
25700000	4710
25800000	4590
25900000	4825
26000000	4752
26100000	4469
26200000	4617
26300000	4595
26400000	4644
26500000	4591
26600000	4799
26700000	4716
26800000	4691
26900000	4686
27000000	4518
27100000	4537
27200000	4541
27300000	4668
27400000	4587
27500000	4578
27600000	4548
27700000	4497
27800000	4618
27900000	4646
28000000	4544
28100000	4503
28200000	4591
28300000	4546
28400000	4540
28500000	4456
28600000	4569
28700000	4395
28800000	4374
28900000	4440
29000000	4566
29100000	4494
29200000	4353
29300000	4454
29400000	4405
29500000	4405
29600000	4459
29700000	4449
29800000	4535
29900000	4491
30000000	4465
30100000	4309
30200000	4464
30300000	4404
30400000	4546
30500000	4371
30600000	4371
30700000	4456
30800000	4379
30900000	4264
31000000	4323
31100000	4434
31200000	4321
31300000	4382
31400000	4445
31500000	4409
31600000	4335
31700000	4343
31800000	4319
31900000	4326
32000000	4403
32100000	4375
32200000	4353
32300000	4408
32400000	4345
32500000	4436
32600000	4396
32700000	4237
32800000	4185
32900000	4301
33000000	4222
33100000	4309
33200000	4219
33300000	4299
33400000	4272
33500000	4223
33600000	4353
33700000	4241
33800000	4223
33900000	4179
34000000	4251
34100000	4306
34200000	4205
34300000	4244
34400000	4255
34500000	4215
34600000	4186
34700000	4211
34800000	4228
34900000	4169
35000000	4287
35100000	4176
35200000	4264
35300000	4219
35400000	4184
35500000	4162
35600000	4050
35700000	4200
35800000	4100
35900000	4079
36000000	4068
36100000	4105
36200000	4119
36300000	3977
36400000	4140
36500000	4215
36600000	4215
36700000	3997
36800000	4120
36900000	4198
37000000	4149
37100000	3984
37200000	4051
37300000	4146
37400000	4047
37500000	3934
37600000	4130
37700000	4078
37800000	4009
37900000	4091
38000000	4045
38100000	4095
38200000	4071
38300000	4120
38400000	4018
38500000	4026
38600000	3963
38700000	4005
38800000	3989
38900000	3966
39000000	3973
39100000	3959
39200000	3986
39300000	4023
39400000	4049
39500000	3922
39600000	4108
39700000	3957
39800000	3994
39900000	3918
40000000	3897
40100000	3975
40200000	3875
40300000	3936
40400000	3855
40500000	3895
40600000	3968
40700000	3830
40800000	3922
40900000	3825
41000000	3916
41100000	3832
41200000	3976
41300000	3872
41400000	3892
41500000	3879
41600000	3818
41700000	3893
41800000	3859
41900000	3864
42000000	3827
42100000	3772
42200000	3854
42300000	3836
42400000	3672
42500000	3773
42600000	3865
42700000	3864
42800000	3748
42900000	3774
43000000	3919
43100000	3949
43200000	3741
43300000	3768
43400000	3860
43500000	3874
43600000	3698
43700000	3814
43800000	3885
43900000	3839
44000000	3794
44100000	3775
44200000	3772
44300000	3677
44400000	3867
44500000	3787
44600000	3805
44700000	3708
44800000	3793
44900000	3662
45000000	3722
45100000	3746
45200000	3614
45300000	3794
45400000	3700
45500000	3698
45600000	3793
45700000	3717
45800000	3678
45900000	3696
46000000	3648
46100000	3733
46200000	3678
46300000	3646
46400000	3673
46500000	3612
46600000	3567
46700000	3724
46800000	3723
46900000	3556
47000000	3677
47100000	3707
47200000	3616
47300000	3625
47400000	3711
47500000	3539
47600000	3690
47700000	3689
47800000	3603
47900000	3594
48000000	3647
48100000	3688
48200000	3566
48300000	3596
48400000	3560
48500000	3560
48600000	3582
48700000	3498
48800000	3544
48900000	3527
49000000	3607
49100000	3600
49200000	3561
49300000	3565
49400000	3697
49500000	3512
49600000	3606
49700000	3538
49800000	3473
49900000	3604
50000000	3554
50100000	3558
50200000	3654
50300000	3435
50400000	3651
50500000	3603
50600000	3674
50700000	3602
50800000	3604
50900000	3456
51000000	3346
51100000	3585
51200000	3583
51300000	3443
51400000	3450
51500000	3462
51600000	3536
51700000	3490
51800000	3402
51900000	3445
52000000	3399
52100000	3447
52200000	3349
52300000	3451
52400000	3489
52500000	3511
52600000	3431
52700000	3535
52800000	3446
52900000	3428
53000000	3394
53100000	3320
53200000	3313
53300000	3278
53400000	3433
53500000	3469
53600000	3480
53700000	3465
53800000	3493
53900000	3410
54000000	3388
54100000	3342
54200000	3345
54300000	3289
54400000	3392
54500000	3361
54600000	3419
54700000	3337
54800000	3351
54900000	3384
55000000	3287
55100000	3388
55200000	3369
55300000	3370
55400000	3280
55500000	3343
55600000	3270
55700000	3271
55800000	3302
55900000	3425
56000000	3317
56100000	3423
56200000	3310
56300000	3217
56400000	3252
56500000	3258
56600000	3331
56700000	3269
56800000	3246
56900000	3238
57000000	3286
57100000	3244
57200000	3248
57300000	3362
57400000	3259
57500000	3204
57600000	3310
57700000	3329
57800000	3266
57900000	3236
58000000	3246
58100000	3261
58200000	3271
58300000	3212
58400000	3296
58500000	3152
58600000	3243
58700000	3250
58800000	3319
58900000	3179
59000000	3156
59100000	3280
59200000	3195
59300000	3164
59400000	3224
59500000	3268
59600000	3137
59700000	3201
59800000	3232
59900000	3175
60000000	3109
60100000	3134
60200000	3153
60300000	3175
60400000	3069
60500000	3091
60600000	3163
60700000	3141
60800000	3162
60900000	3110
61000000	3226
61100000	3171
61200000	3098
61300000	3194
61400000	3121
61500000	3094
61600000	3159
61700000	3008
61800000	2994
61900000	2981
62000000	3046
62100000	3182
62200000	3086
62300000	3079
62400000	3135
62500000	3043
62600000	3053
62700000	3093
62800000	3068
62900000	3111
63000000	3166
63100000	3065
63200000	3085
63300000	3144
63400000	3098
63500000	3027
63600000	3025
63700000	3164
63800000	3025
63900000	3086
64000000	2956
64100000	3081
64200000	2942
64300000	2987
64400000	3022
64500000	3058
64600000	3017
64700000	3011
64800000	3037
64900000	3105
65000000	3034
65100000	3109
65200000	3027
65300000	2962
65400000	3010
65500000	2967
65600000	2982
65700000	2960
65800000	2989
65900000	2949
66000000	3005
66100000	2975
66200000	2946
66300000	3002
66400000	2991
66500000	2984
66600000	2975
66700000	2974
66800000	2913
66900000	2992
67000000	3152
67100000	3013
67200000	2900
67300000	3031
67400000	2942
67500000	2944
67600000	3012
67700000	2914
67800000	2989
67900000	2922
68000000	2774
68100000	2886
68200000	2857
68300000	2920
68400000	2886
68500000	2877
68600000	2916
68700000	2934
68800000	2870
68900000	2900
69000000	2834
69100000	2958
69200000	2874
69300000	2959
69400000	2857
69500000	2987
69600000	2848
69700000	2884
69800000	2964
69900000	2790
70000000	2798
70100000	2921
70200000	2808
70300000	2775
70400000	3000
70500000	2869
70600000	2970
70700000	2772
70800000	2783
70900000	2798
71000000	2859
71100000	2888
71200000	2832
71300000	2804
71400000	2789
71500000	2732
71600000	2677
71700000	2766
71800000	2820
71900000	2925
72000000	2724
72100000	2841
72200000	2827
72300000	2883
72400000	2853
72500000	2843
72600000	2837
72700000	2808
72800000	2770
72900000	2849
73000000	2875
73100000	2809
73200000	2785
73300000	2772
73400000	2926
73500000	2835
73600000	2887
73700000	2708
73800000	2855
73900000	2782
74000000	2734
74100000	2723
74200000	2746
74300000	2695
74400000	2774
74500000	2715
74600000	2743
74700000	2733
74800000	2683
74900000	2704
75000000	2711
75100000	2759
75200000	2715
75300000	2733
75400000	2708
75500000	2624
75600000	2658
75700000	2735
75800000	2705
75900000	2732
76000000	2721
76100000	2753
76200000	2707
76300000	2641
76400000	2694
76500000	2777
76600000	2762
76700000	2554
76800000	2773
76900000	2715
77000000	2722
77100000	2645
77200000	2616
77300000	2652
77400000	2644
77500000	2679
77600000	2663
77700000	2677
77800000	2623
77900000	2666
78000000	2686
78100000	2648
78200000	2637
78300000	2596
78400000	2663
78500000	2694
78600000	2639
78700000	2690
78800000	2657
78900000	2598
79000000	2671
79100000	2704
79200000	2655
79300000	2587
79400000	2761
79500000	2603
79600000	2586
79700000	2640
79800000	2688
79900000	2721
80000000	2583
80100000	2642
80200000	2660
80300000	2454
80400000	2651
80500000	2603
80600000	2563
80700000	2521
80800000	2542
80900000	2568
81000000	2543
81100000	2593
81200000	2579
81300000	2654
81400000	2621
81500000	2627
81600000	2600
81700000	2536
81800000	2547
81900000	2486
82000000	2530
82100000	2552
82200000	2521
82300000	2513
82400000	2591
82500000	2489
82600000	2560
82700000	2547
82800000	2482
82900000	2619
83000000	2577
83100000	2650
83200000	2523
83300000	2511
83400000	2575
83500000	2648
83600000	2511
83700000	2506
83800000	2574
83900000	2460
84000000	2571
84100000	2435
84200000	2457
84300000	2563
84400000	2464
84500000	2474
84600000	2449
84700000	2503
84800000	2602
84900000	2637
85000000	2494
85100000	2356
85200000	2591
85300000	2393
85400000	2490
85500000	2514
85600000	2483
85700000	2446
85800000	2503
85900000	2500
86000000	2478
86100000	2504
86200000	2515
86300000	2435
86400000	2498
86500000	2563
86600000	2493
86700000	2510
86800000	2570
86900000	2454
87000000	2499
87100000	2485
87200000	2377
87300000	2458
87400000	2456
87500000	2468
87600000	2404
87700000	2418
87800000	2450
87900000	2459
88000000	2482
88100000	2447
88200000	2357
88300000	2401
88400000	2430
88500000	2371
88600000	2324
88700000	2385
88800000	2377
88900000	2422
89000000	2357
89100000	2348
89200000	2445
89300000	2364
89400000	2377
89500000	2333
89600000	2371
89700000	2443
89800000	2423
89900000	2355
90000000	2444
90100000	2211
90200000	2408
90300000	2387
90400000	2322
90500000	2406
90600000	2287
90700000	2348
90800000	2357
90900000	2361
91000000	2436
91100000	2398
91200000	2311
91300000	2426
91400000	2310
91500000	2351
91600000	2358
91700000	2304
91800000	2301
91900000	2404
92000000	2432
92100000	2358
92200000	2274
92300000	2421
92400000	2309
92500000	2405
92600000	2288
92700000	2317
92800000	2347
92900000	2323
93000000	2257
93100000	2257
93200000	2302
93300000	2253
93400000	2314
93500000	2360
93600000	2226
93700000	2334
93800000	2359
93900000	2288
94000000	2173
94100000	2198
94200000	2305
94300000	2296
94400000	2208
94500000	2341
94600000	2253
94700000	2331
94800000	2194
94900000	2206
95000000	2257
95100000	2170
95200000	2333
95300000	2316
95400000	2340
95500000	2225
95600000	2217
95700000	2368
95800000	2245
95900000	2231
96000000	2211
96100000	2228
96200000	2188
96300000	2193
96400000	2212
96500000	2241
96600000	2127
96700000	2241
96800000	2231
96900000	2163
97000000	2258
97100000	2200
97200000	2238
97300000	2215
97400000	2182
97500000	2159
97600000	2166
97700000	2191
97800000	2211
97900000	2212
98000000	2220
98100000	2198
98200000	2220
98300000	2151
98400000	2236
98500000	2181
98600000	2258
98700000	2197
98800000	2189
98900000	2211
99000000	2198
99100000	2232
99200000	2189
99300000	2194
99400000	2139
99500000	2209
99600000	2161
99700000	2207
99800000	2124
99900000	2214
