"Time (ps)"	"Counts per bin"
0	6305
100000	6383
200000	6414
300000	6386
400000	6306
500000	6435
600000	6442
700000	6351
800000	6440
900000	6387
1000000	6445
1100000	6224
1200000	6407
1300000	6516
1400000	6373
1500000	6266
1600000	6433
1700000	6470
1800000	6487
1900000	6358
2000000	6450
2100000	6418
2200000	6274
2300000	6396
2400000	6347
2500000	6475
2600000	6501
2700000	6346
2800000	6311
2900000	6361
3000000	6251
3100000	6397
3200000	6260
3300000	6348
3400000	6378
3500000	6408
3600000	6263
3700000	6268
3800000	6237
3900000	6223
4000000	6227
4100000	6348
4200000	6199
4300000	6265
4400000	6231
4500000	6264
4600000	6343
4700000	6315
4800000	6258
4900000	6187
5000000	6172
5100000	6341
5200000	6201
5300000	6259
5400000	6188
5500000	5966
5600000	6131
5700000	6244
5800000	6169
5900000	6221
6000000	6305
6100000	6262
6200000	6189
6300000	5989
6400000	6096
6500000	6007
6600000	5934
6700000	6010
6800000	6082
6900000	6202
7000000	5953
7100000	5925
7200000	6104
7300000	5957
7400000	6017
7500000	5891
7600000	6057
7700000	5961
7800000	5877
7900000	5985
8000000	5920
8100000	5938
8200000	5970
8300000	5879
8400000	5962
8500000	5942
8600000	5982
8700000	5818
8800000	5796
8900000	5902
9000000	5820
9100000	5817
9200000	5772
9300000	5794
9400000	5812
9500000	5798
9600000	5865
9700000	5723
9800000	5707
9900000	5784
10000000	5789
10100000	5768
10200000	5779
10300000	5687
10400000	5702
10500000	5803
10600000	5691
10700000	5774
10800000	5779
10900000	5721
11000000	5585
11100000	5760
11200000	5681
11300000	5678
11400000	5620
11500000	5735
11600000	5590
11700000	5630
11800000	5614
11900000	5635
12000000	5397
12100000	5660
12200000	5566
12300000	5607
12400000	5668
12500000	5601
12600000	5582
12700000	5490
12800000	5573
12900000	5529
13000000	5557
13100000	5614
13200000	5595
13300000	5324
13400000	5600
13500000	5571
13600000	5482
13700000	5445
13800000	5364
13900000	5493
14000000	5333
14100000	5448
14200000	5298
14300000	5465
14400000	5473
14500000	5392
14600000	5374
14700000	5472
14800000	5316
14900000	5294
15000000	5301
15100000	5322
15200000	5405
15300000	5404
15400000	5417
15500000	5355
15600000	5235
15700000	5502
15800000	5288
15900000	5417
16000000	5238
16100000	5290
16200000	5323
16300000	5189
16400000	5267
16500000	5283
16600000	5212
16700000	5298
16800000	5169
16900000	5222
17000000	5239
17100000	5150
17200000	5293
17300000	5188
17400000	5276
17500000	5100
17600000	5073
17700000	5112
17800000	5121
17900000	5151
18000000	5059
18100000	5081
18200000	5157
18300000	5145
18400000	5222
18500000	5129
18600000	5040
18700000	5097
18800000	5207
18900000	5136
19000000	5130
19100000	5039
19200000	5080
19300000	5018
19400000	5044
19500000	5340
19600000	5043
19700000	5068
19800000	5041
19900000	5066
20000000	5131
20100000	5013
20200000	4985
20300000	5032
20400000	4951
20500000	4960
20600000	5113
20700000	4886
20800000	4908
20900000	4885
21000000	5010
21100000	4898
21200000	4945
21300000	5024
21400000	4950
21500000	4933
21600000	5030
21700000	4935
21800000	4908
21900000	4936
22000000	4973
22100000	4938
22200000	4792
22300000	4965
22400000	4880
22500000	4736
22600000	4855
22700000	4872
22800000	4921
22900000	4878
23000000	4918
23100000	4791
23200000	4795
23300000	4980
23400000	4852
23500000	4853
23600000	4743
23700000	4821
23800000	4737
23900000	4814
24000000	4848
24100000	4850
24200000	4722
24300000	4812
24400000	4730
24500000	4811
24600000	4764
24700000	4717
24800000	4687
24900000	4770
25000000	4649
25100000	4673
25200000	4734
25300000	4773
25400000	4629
25500000	4763
25600000	4637
25700000	4601
25800000	4643
25900000	4745
26000000	4739
26100000	4660
26200000	4726
26300000	4573
26400000	4647
26500000	4737
26600000	4594
26700000	4555
26800000	4637
26900000	4687
27000000	4664
27100000	4613
27200000	4549
27300000	4663
27400000	4511
27500000	4777
27600000	4618
27700000	4535
27800000	4575
27900000	4536
28000000	4641
28100000	4634
28200000	4627
28300000	4456
28400000	4629
28500000	4573
28600000	4510
28700000	4496
28800000	4566
28900000	4516
29000000	4516
29100000	4588
29200000	4455
29300000	4566
29400000	4541
29500000	4431
29600000	4539
29700000	4508
29800000	4427
29900000	4472
30000000	4467
30100000	4437
30200000	4468
30300000	4484
30400000	4525
30500000	4412
30600000	4298
30700000	4418
30800000	4323
30900000	4395
31000000	4441
31100000	4246
31200000	4482
31300000	4403
31400000	4322
31500000	4360
31600000	4307
31700000	4264
31800000	4322
31900000	4318
32000000	4334
32100000	4297
32200000	4340
32300000	4405
32400000	4304
32500000	4369
32600000	4289
32700000	4334
32800000	4344
32900000	4446
33000000	4418
33100000	4327
33200000	4255
33300000	4279
33400000	4463
33500000	4229
33600000	4270
33700000	4185
33800000	4218
33900000	4307
34000000	4210
34100000	4121
34200000	4262
34300000	4203
34400000	4274
34500000	4212
34600000	4159
34700000	4166
34800000	4272
34900000	4151
35000000	4244
35100000	4209
35200000	4136
35300000	4172
35400000	4273
35500000	4219
35600000	4217
35700000	4340
35800000	4118
35900000	4183
36000000	4249
36100000	4129
36200000	4176
36300000	4125
36400000	4148
36500000	4107
36600000	4013
36700000	4033
36800000	4125
36900000	4023
37000000	4058
37100000	4073
37200000	4100
37300000	4052
37400000	4132
37500000	4190
37600000	4033
37700000	4167
37800000	4134
37900000	3887
38000000	3945
38100000	4018
38200000	3989
38300000	4088
38400000	4152
38500000	4043
38600000	3967
38700000	4011
38800000	3977
38900000	3984
39000000	3969
39100000	4071
39200000	4089
39300000	4103
39400000	3920
39500000	3984
39600000	3967
39700000	3978
39800000	4086
39900000	3882
40000000	3948
40100000	3904
40200000	3974
40300000	3948
40400000	3905
40500000	3889
40600000	3876
40700000	3908
40800000	3999
40900000	3951
41000000	4042
41100000	3925
41200000	3931
41300000	3779
41400000	3868
41500000	3844
41600000	3952
41700000	3883
41800000	3927
41900000	4057
42000000	3959
42100000	3887
42200000	3947
42300000	3867
42400000	3902
42500000	3826
42600000	3942
42700000	3691
42800000	3882
42900000	3737
43000000	3902
43100000	3750
43200000	3709
43300000	3693
43400000	3843
43500000	3860
43600000	3840
43700000	3859
43800000	3830
43900000	3782
44000000	3794
44100000	3651
44200000	3690
44300000	3694
44400000	3784
44500000	3765
44600000	3838
44700000	3802
44800000	3888
44900000	3716
45000000	3691
45100000	3792
45200000	3625
45300000	3825
45400000	3686
45500000	3653
45600000	3662
45700000	3770
45800000	3735
45900000	3780
46000000	3726
46100000	3666
46200000	3716
46300000	3735
46400000	3660
46500000	3695
46600000	3610
46700000	3633
46800000	3706
46900000	3523
47000000	3691
47100000	3639
47200000	3567
47300000	3724
47400000	3715
47500000	3632
47600000	3712
47700000	3609
47800000	3639
47900000	3644
48000000	3593
48100000	3601
48200000	3655
48300000	3579
48400000	3612
48500000	3592
48600000	3635
48700000	3636
48800000	3602
48900000	3480
49000000	3502
49100000	3666
49200000	3555
49300000	3598
49400000	3565
49500000	3546
49600000	3665
49700000	3525
49800000	3496
49900000	3630
50000000	3613
50100000	3426
50200000	3556
50300000	3365
50400000	3554
50500000	3528
50600000	3476
50700000	3654
50800000	3474
50900000	3588
51000000	3638
51100000	3499
51200000	3444
51300000	3544
51400000	3390
51500000	3552
51600000	3457
51700000	3495
51800000	3517
51900000	3440
52000000	3463
52100000	3392
52200000	3508
52300000	3532
52400000	3492
52500000	3519
52600000	3522
52700000	3492
52800000	3509
52900000	3436
53000000	3485
53100000	3367
53200000	3551
53300000	3483
53400000	3417
53500000	3424
53600000	3417
53700000	3432
53800000	3502
53900000	3416
54000000	3350
54100000	3348
54200000	3390
54300000	3451
54400000	3408
54500000	3461
54600000	3409
54700000	3407
54800000	3363
54900000	3389
55000000	3387
55100000	3421
55200000	3373
55300000	3363
55400000	3405
55500000	3363
55600000	3386
55700000	3332
55800000	3282
55900000	3271
56000000	3326
56100000	3346
56200000	3418
56300000	3324
56400000	3409
56500000	3429
56600000	3264
56700000	3313
56800000	3240
56900000	3246
57000000	3315
57100000	3260
57200000	3321
57300000	3279
57400000	3309
57500000	3249
57600000	3224
57700000	3241
57800000	3262
57900000	3259
58000000	3131
58100000	3208
58200000	3230
58300000	3223
58400000	3341
58500000	3146
58600000	3237
58700000	3226
58800000	3251
58900000	3208
59000000	3254
59100000	3316
59200000	3274
59300000	3256
59400000	3265
59500000	3205
59600000	3211
59700000	3270
59800000	3170
59900000	3183
60000000	3164
60100000	3232
60200000	3262
60300000	3317
60400000	3101
60500000	3167
60600000	3264
60700000	3205
60800000	3149
60900000	3131
61000000	3208
61100000	3121
61200000	3153
61300000	3203
61400000	3208
61500000	3055
61600000	3160
61700000	3143
61800000	3135
61900000	3182
62000000	3155
62100000	3052
62200000	2984
62300000	3122
62400000	3158
62500000	3102
62600000	3028
62700000	3064
62800000	3061
62900000	3078
63000000	3106
63100000	3114
63200000	3090
63300000	3026
63400000	3119
63500000	3103
63600000	2997
63700000	3122
63800000	3136
63900000	3117
64000000	3067
64100000	3122
64200000	3126
64300000	3074
64400000	3124
64500000	3001
64600000	3102
64700000	3089
64800000	3104
64900000	3021
65000000	3002
65100000	3027
65200000	2896
65300000	3041
65400000	2998
65500000	2997
65600000	3012
65700000	3030
65800000	2907
65900000	2889
66000000	2986
66100000	3018
66200000	2970
66300000	2966
66400000	3020
66500000	2925
66600000	2984
66700000	3010
66800000	2985
66900000	2970
67000000	2972
67100000	3018
67200000	3003
67300000	3000
67400000	2981
67500000	2972
67600000	2992
67700000	2999
67800000	3015
67900000	2899
68000000	2932
68100000	2975
68200000	2851
68300000	2879
68400000	2838
68500000	2940
68600000	2916
68700000	2978
68800000	2987
68900000	2931
69000000	2883
69100000	2902
69200000	2956
69300000	2863
69400000	2953
69500000	2959
69600000	2855
69700000	2910
69800000	2892
69900000	2958
70000000	2853
70100000	2854
70200000	2905
70300000	2863
70400000	2864
70500000	2892
70600000	2845
70700000	2876
70800000	2947
70900000	2828
71000000	2954
71100000	2923
71200000	2851
71300000	2899
71400000	2833
71500000	2819
71600000	2926
71700000	2830
71800000	2832
71900000	2900
72000000	2779
72100000	2930
72200000	2840
72300000	2871
72400000	2810
72500000	2886
72600000	2820
72700000	2719
72800000	2780
72900000	2838
73000000	2796
73100000	2783
73200000	2741
73300000	2792
73400000	2855
73500000	2791
73600000	2792
73700000	2776
73800000	2901
73900000	2726
74000000	2761
74100000	2825
74200000	2756
74300000	2763
74400000	2769
74500000	2734
74600000	2728
74700000	2808
74800000	2763
74900000	2731
75000000	2728
75100000	2717
75200000	2650
75300000	2715
75400000	2728
75500000	2756
75600000	2787
75700000	2708
75800000	2807
75900000	2752
76000000	2720
76100000	2746
76200000	2689
76300000	2697
76400000	2729
76500000	2784
76600000	2697
76700000	2673
76800000	2712
76900000	2721
77000000	2815
77100000	2706
77200000	2641
77300000	2676
77400000	2701
77500000	2590
77600000	2699
77700000	2622
77800000	2752
77900000	2644
78000000	2691
78100000	2630
78200000	2638
78300000	2615
78400000	2658
78500000	2639
78600000	2579
78700000	2625
78800000	2599
78900000	2662
79000000	2687
79100000	2683
79200000	2729
79300000	2547
79400000	2538
79500000	2640
79600000	2579
79700000	2622
79800000	2622
79900000	2567
80000000	2651
80100000	2679
80200000	2622
80300000	2596
80400000	2580
80500000	2542
80600000	2690
80700000	2687
80800000	2625
80900000	2610
81000000	2579
81100000	2574
81200000	2592
81300000	2656
81400000	2661
81500000	2529
81600000	2602
81700000	2495
81800000	2611
81900000	2669
82000000	2526
82100000	2488
82200000	2535
82300000	2530
82400000	2570
82500000	2626
82600000	2640
82700000	2614
82800000	2576
82900000	2570
83000000	2567
83100000	2547
83200000	2462
83300000	2534
83400000	2517
83500000	2524
83600000	2661
83700000	2521
83800000	2506
83900000	2561
84000000	2574
84100000	2456
84200000	2506
84300000	2579
84400000	2551
84500000	2475
84600000	2529
84700000	2611
84800000	2466
84900000	2479
85000000	2453
85100000	2560
85200000	2518
85300000	2559
85400000	2474
85500000	2561
85600000	2526
85700000	2467
85800000	2485
85900000	2437
86000000	2427
86100000	2429
86200000	2453
86300000	2408
86400000	2452
86500000	2452
86600000	2527
86700000	2563
86800000	2462
86900000	2445
87000000	2314
87100000	2407
87200000	2428
87300000	2422
87400000	2480
87500000	2419
87600000	2501
87700000	2377
87800000	2385
87900000	2481
88000000	2380
88100000	2466
88200000	2514
88300000	2417
88400000	2399
88500000	2326
88600000	2445
88700000	2472
88800000	2428
88900000	2350
89000000	2472
89100000	2479
89200000	2421
89300000	2445
89400000	2436
89500000	2398
89600000	2390
89700000	2495
89800000	2432
89900000	2441
90000000	2446
90100000	2443
90200000	2367
90300000	2395
90400000	2361
90500000	2413
90600000	2485
90700000	2416
90800000	2267
90900000	2470
91000000	2399
91100000	2354
91200000	2381
91300000	2369
91400000	2419
91500000	2388
91600000	2386
91700000	2370
91800000	2391
91900000	2368
92000000	2335
92100000	2420
92200000	2346
92300000	2357
92400000	2320
92500000	2425
92600000	2378
92700000	2275
92800000	2377
92900000	2396
93000000	2386
93100000	2416
93200000	2310
93300000	2303
93400000	2430
93500000	2311
93600000	2282
93700000	2295
93800000	2277
93900000	2352
94000000	2323
94100000	2355
94200000	2272
94300000	2333
94400000	2239
94500000	2354
94600000	2375
94700000	2277
94800000	2217
94900000	2340
95000000	2260
95100000	2200
95200000	2299
95300000	2317
95400000	2339
95500000	2301
95600000	2233
95700000	2303
95800000	2280
95900000	2211
96000000	2177
96100000	2285
96200000	2245
96300000	2285
96400000	2233
96500000	2274
96600000	2236
96700000	2283
96800000	2324
96900000	2086
97000000	2282
97100000	2276
97200000	2258
97300000	2294
97400000	2241
97500000	2218
97600000	2191
97700000	2185
97800000	2271
97900000	2264
98000000	2256
98100000	2257
98200000	2233
98300000	2178
98400000	2235
98500000	2214
98600000	2212
98700000	2187
98800000	2269
98900000	2148
99000000	2175
99100000	2186
99200000	2258
99300000	2294
99400000	2268
99500000	2308
99600000	2184
99700000	2224
99800000	2170
99900000	2147
