"Time (ps)"	"Counts per bin"
0	501084
100000000	503251
200000000	502617
300000000	503257
400000000	503775
500000000	502998
600000000	502462
700000000	501941
800000000	503693
900000000	502473
1000000000	503534
1100000000	502339
1200000000	503970
1300000000	503635
1400000000	503695
1500000000	503814
1600000000	503580
1700000000	503531
1800000000	503496
1900000000	503462
2000000000	504141
2100000000	504289
2200000000	503989
2300000000	503029
2400000000	503234
2500000000	503002
2600000000	504257
2700000000	504214
2800000000	504169
2900000000	502695
3000000000	504088
3100000000	504703
3200000000	504687
3300000000	503341
3400000000	504043
3500000000	503380
3600000000	503841
3700000000	504441
3800000000	504101
3900000000	505329
4000000000	505030
4100000000	503614
4200000000	505345
4300000000	503478
4400000000	503862
4500000000	504709
4600000000	504562
4700000000	505292
4800000000	505914
4900000000	504961
5000000000	504897
5100000000	504439
5200000000	504402
5300000000	504056
5400000000	504409
5500000000	503678
5600000000	503968
5700000000	504429
5800000000	504369
5900000000	504255
6000000000	505008
6100000000	503508
6200000000	502896
6300000000	504058
6400000000	503949
6500000000	503857
6600000000	503626
6700000000	504878
6800000000	503301
6900000000	504369
7000000000	504679
7100000000	503829
7200000000	504216
7300000000	505329
7400000000	505302
7500000000	504850
7600000000	504246
7700000000	504449
7800000000	504103
7900000000	504668
8000000000	503730
8100000000	503643
8200000000	504680
8300000000	504582
8400000000	504443
8500000000	504258
8600000000	505160
8700000000	503252
8800000000	504191
8900000000	505251
9000000000	503903
9100000000	505743
9200000000	503139
9300000000	504171
9400000000	504085
9500000000	505721
9600000000	504650
9700000000	504591
9800000000	504889
9900000000	503661
10000000000	504535
10100000000	506211
10200000000	504387
10300000000	503719
10400000000	503086
10500000000	503123
10600000000	504233
10700000000	504285
10800000000	504575
10900000000	504636
11000000000	504220
11100000000	503820
11200000000	505129
11300000000	504162
11400000000	504010
11500000000	505550
11600000000	505747
11700000000	504371
11800000000	504146
11900000000	503983
12000000000	503783
12100000000	503117
12200000000	504156
12300000000	505209
12400000000	504135
12500000000	505066
12600000000	505652
12700000000	504777
12800000000	504837
12900000000	504078
13000000000	503994
13100000000	504357
13200000000	505094
13300000000	504465
13400000000	505194
13500000000	504142
13600000000	505495
13700000000	503541
13800000000	504760
13900000000	505836
14000000000	503621
14100000000	504971
14200000000	504142
14300000000	504973
14400000000	505071
14500000000	504037
14600000000	504331
14700000000	503518
14800000000	504571
14900000000	505041
15000000000	505484
15100000000	504796
15200000000	505056
15300000000	503703
15400000000	505329
15500000000	504851
15600000000	506771
15700000000	505145
15800000000	503931
15900000000	504452
16000000000	505561
16100000000	505030
16200000000	504481
16300000000	504532
16400000000	504415
16500000000	505280
16600000000	504163
16700000000	503606
16800000000	505316
16900000000	505185
17000000000	504966
17100000000	504289
17200000000	504213
17300000000	504594
17400000000	505235
17500000000	504073
17600000000	504784
17700000000	504260
17800000000	505205
17900000000	503629
18000000000	504848
18100000000	504754
18200000000	505068
18300000000	505096
18400000000	504210
18500000000	504161
18600000000	504417
18700000000	504657
18800000000	505742
18900000000	505500
19000000000	505213
19100000000	506026
19200000000	505085
19300000000	505159
19400000000	504457
19500000000	503716
19600000000	504670
19700000000	506015
19800000000	504515
19900000000	505060
20000000000	505115
20100000000	505443
20200000000	504482
20300000000	504323
20400000000	504347
20500000000	504273
20600000000	505042
20700000000	504373
20800000000	504226
20900000000	505108
21000000000	505170
21100000000	504261
21200000000	505654
21300000000	504922
21400000000	504989
21500000000	505519
21600000000	504662
21700000000	503914
21800000000	504677
21900000000	504848
22000000000	504283
22100000000	505235
22200000000	504309
22300000000	506054
22400000000	505055
22500000000	505220
22600000000	504207
22700000000	504467
22800000000	505941
22900000000	504514
23000000000	503986
23100000000	505068
23200000000	504434
23300000000	503850
23400000000	506006
23500000000	504170
23600000000	505159
23700000000	503961
23800000000	504026
23900000000	503963
24000000000	505316
24100000000	504554
24200000000	503032
24300000000	504824
24400000000	504767
24500000000	504018
24600000000	504129
24700000000	504588
24800000000	504389
24900000000	504688
25000000000	504657
25100000000	504274
25200000000	503332
25300000000	503855
25400000000	502471
25500000000	503580
25600000000	502963
25700000000	502528
25800000000	501985
25900000000	502486
26000000000	502304
26100000000	502251
26200000000	502056
26300000000	502040
26400000000	502928
26500000000	502113
26600000000	502131
26700000000	501007
26800000000	502004
26900000000	502181
27000000000	501372
27100000000	501826
27200000000	500798
27300000000	500473
27400000000	502518
27500000000	502124
27600000000	501732
27700000000	500170
27800000000	501134
27900000000	501290
28000000000	500584
28100000000	501017
28200000000	501608
28300000000	501974
28400000000	499978
28500000000	501518
28600000000	500109
28700000000	500124
28800000000	501120
28900000000	501457
29000000000	500745
29100000000	500017
29200000000	500957
29300000000	499891
29400000000	500603
29500000000	502893
29600000000	499806
29700000000	500930
29800000000	500628
29900000000	500593
30000000000	499018
30100000000	501249
30200000000	501678
30300000000	499909
30400000000	500603
30500000000	500472
30600000000	501111
30700000000	500729
30800000000	499023
30900000000	501385
31000000000	500917
31100000000	501173
31200000000	500387
31300000000	500088
31400000000	499593
31500000000	500074
31600000000	499483
31700000000	500426
31800000000	500967
31900000000	501035
32000000000	500850
32100000000	500539
32200000000	498559
32300000000	500337
32400000000	500359
32500000000	500044
32600000000	500388
32700000000	499505
32800000000	499978
32900000000	498657
33000000000	499485
33100000000	499446
33200000000	499873
33300000000	499459
33400000000	499837
33500000000	499970
33600000000	499839
33700000000	500156
33800000000	499069
33900000000	499416
34000000000	500917
34100000000	499999
34200000000	500812
34300000000	500321
34400000000	499654
34500000000	500582
34600000000	500103
34700000000	499288
34800000000	499973
34900000000	501033
35000000000	499954
35100000000	499722
35200000000	499651
35300000000	500443
35400000000	498725
35500000000	499446
35600000000	500079
35700000000	499038
35800000000	499632
35900000000	500189
36000000000	500270
36100000000	499648
36200000000	499424
36300000000	500046
36400000000	499899
36500000000	499574
36600000000	500478
36700000000	500247
36800000000	501511
36900000000	498805
37000000000	499216
37100000000	499362
37200000000	499858
37300000000	499049
37400000000	499948
37500000000	499489
37600000000	499467
37700000000	498962
37800000000	499128
37900000000	497957
38000000000	498636
38100000000	499582
38200000000	500170
38300000000	499107
38400000000	499170
38500000000	499352
38600000000	499923
38700000000	499086
38800000000	498423
38900000000	500827
39000000000	499017
39100000000	500089
39200000000	500586
39300000000	499950
39400000000	499576
39500000000	499344
39600000000	499769
39700000000	497503
39800000000	498643
39900000000	498989
40000000000	498322
40100000000	499192
40200000000	499564
40300000000	498709
40400000000	497691
40500000000	499820
40600000000	499717
40700000000	499602
40800000000	499950
40900000000	499202
41000000000	499923
41100000000	499673
41200000000	498121
41300000000	498116
41400000000	500015
41500000000	499481
41600000000	499656
41700000000	498963
41800000000	499924
41900000000	499134
42000000000	499641
42100000000	497965
42200000000	499376
42300000000	499568
42400000000	499960
42500000000	499059
42600000000	498854
42700000000	498739
42800000000	498602
42900000000	499437
43000000000	498615
43100000000	500548
43200000000	500339
43300000000	499649
43400000000	498629
43500000000	499063
43600000000	499556
43700000000	498181
43800000000	498482
43900000000	498683
44000000000	498591
44100000000	498763
44200000000	499550
44300000000	498453
44400000000	498332
44500000000	499791
44600000000	498064
44700000000	499329
44800000000	499817
44900000000	499068
45000000000	499283
45100000000	498906
45200000000	499298
45300000000	499608
45400000000	498227
45500000000	499324
45600000000	498892
45700000000	498817
45800000000	498259
45900000000	498328
46000000000	498416
46100000000	499256
46200000000	498770
46300000000	498910
46400000000	499749
46500000000	498476
46600000000	499883
46700000000	498745
46800000000	498416
46900000000	498465
47000000000	498328
47100000000	497761
47200000000	499365
47300000000	499654
47400000000	498462
47500000000	498634
47600000000	498745
47700000000	499512
47800000000	499214
47900000000	498217
48000000000	498667
48100000000	499332
48200000000	498143
48300000000	499602
48400000000	498383
48500000000	498498
48600000000	497968
48700000000	499776
48800000000	499771
48900000000	498810
49000000000	498495
49100000000	499474
49200000000	499806
49300000000	498779
49400000000	499769
49500000000	499663
49600000000	497850
49700000000	498769
49800000000	499383
49900000000	499310
50000000000	500755
50100000000	502942
50200000000	502168
50300000000	502947
50400000000	503346
50500000000	502919
50600000000	501948
50700000000	501702
50800000000	503261
50900000000	501936
51000000000	503271
51100000000	502197
51200000000	503632
51300000000	503286
51400000000	503252
51500000000	503379
51600000000	503271
51700000000	503317
51800000000	503149
51900000000	503142
52000000000	503719
52100000000	503961
52200000000	503684
52300000000	502627
52400000000	503116
52500000000	502568
52600000000	503812
52700000000	504152
52800000000	503732
52900000000	502475
53000000000	503635
53100000000	504337
53200000000	504384
53300000000	502869
53400000000	503481
53500000000	503285
53600000000	503498
53700000000	504109
53800000000	503763
53900000000	504906
54000000000	504865
54100000000	503167
54200000000	504899
54300000000	503320
54400000000	503545
54500000000	504320
54600000000	504120
54700000000	505116
54800000000	505470
54900000000	504759
55000000000	504348
55100000000	504183
55200000000	503855
55300000000	503854
55400000000	504097
55500000000	503450
55600000000	503446
55700000000	504331
55800000000	504004
55900000000	503830
56000000000	504844
56100000000	503271
56200000000	502448
56300000000	503599
56400000000	503575
56500000000	503596
56600000000	503305
56700000000	504534
56800000000	503000
56900000000	503855
57000000000	504475
57100000000	503540
57200000000	504057
57300000000	504692
57400000000	505038
57500000000	504334
57600000000	504093
57700000000	504384
57800000000	503518
57900000000	504436
58000000000	503412
58100000000	503288
58200000000	504277
58300000000	504364
58400000000	504160
58500000000	503874
58600000000	504704
58700000000	503101
58800000000	503595
58900000000	505072
59000000000	503241
59100000000	505694
59200000000	502739
59300000000	503727
59400000000	503678
59500000000	505483
59600000000	504286
59700000000	504442
59800000000	504485
59900000000	503483
60000000000	503889
60100000000	505856
60200000000	504165
60300000000	503518
60400000000	502752
60500000000	502690
60600000000	503851
60700000000	504010
60800000000	504331
60900000000	504103
61000000000	504157
61100000000	503492
61200000000	504559
61300000000	503934
61400000000	503746
61500000000	505262
61600000000	505309
61700000000	503948
61800000000	503864
61900000000	503863
62000000000	503307
62100000000	502698
62200000000	503709
62300000000	504887
62400000000	503815
62500000000	504760
62600000000	505165
62700000000	504640
62800000000	504547
62900000000	503928
63000000000	503764
63100000000	503985
63200000000	504356
63300000000	504203
63400000000	504987
63500000000	503697
63600000000	505085
63700000000	503444
63800000000	504173
63900000000	505620
64000000000	503509
64100000000	504522
64200000000	503400
64300000000	505024
64400000000	504495
64500000000	503817
64600000000	503994
64700000000	503068
64800000000	504423
64900000000	504260
65000000000	505416
65100000000	504339
65200000000	504980
65300000000	503324
65400000000	504841
65500000000	504522
65600000000	506441
65700000000	504796
65800000000	503627
65900000000	504179
66000000000	505187
66100000000	504737
66200000000	504191
66300000000	504131
66400000000	504178
66500000000	504757
66600000000	503722
66700000000	503469
66800000000	504889
66900000000	505012
67000000000	504458
67100000000	504030
67200000000	503758
67300000000	504382
67400000000	504811
67500000000	503929
67600000000	504618
67700000000	503614
67800000000	504881
67900000000	503299
68000000000	504700
68100000000	504336
68200000000	504608
68300000000	504696
68400000000	503837
68500000000	503894
68600000000	504137
68700000000	504212
68800000000	505679
68900000000	505056
69000000000	504985
69100000000	505658
69200000000	504686
69300000000	504711
69400000000	504026
69500000000	503677
69600000000	504227
69700000000	505552
69800000000	504306
69900000000	504807
70000000000	504551
70100000000	505118
70200000000	504432
70300000000	503868
70400000000	504055
70500000000	503741
70600000000	504663
70700000000	504137
70800000000	504011
70900000000	504800
71000000000	504688
71100000000	503897
71200000000	505348
71300000000	504581
71400000000	504637
71500000000	504938
71600000000	504349
71700000000	503754
71800000000	504241
71900000000	504613
72000000000	504036
72100000000	504864
72200000000	503838
72300000000	505857
72400000000	504610
72500000000	504764
72600000000	503961
72700000000	504345
72800000000	505293
72900000000	504234
73000000000	503663
73100000000	504732
73200000000	504109
73300000000	503475
73400000000	505566
73500000000	504004
73600000000	504819
73700000000	503440
73800000000	504066
73900000000	503426
74000000000	504832
74100000000	504208
74200000000	502800
74300000000	504592
74400000000	504403
74500000000	503628
74600000000	503805
74700000000	504511
74800000000	503671
74900000000	504482
75000000000	504432
75100000000	504014
75200000000	502966
75300000000	503348
75400000000	502431
75500000000	503160
75600000000	502484
75700000000	502116
75800000000	502004
75900000000	501820
76000000000	502094
76100000000	501923
76200000000	501720
76300000000	501622
76400000000	502877
76500000000	501573
76600000000	501922
76700000000	500721
76800000000	501627
76900000000	501723
77000000000	501048
77100000000	501404
77200000000	500603
77300000000	500015
77400000000	502237
77500000000	501864
77600000000	501324
77700000000	499915
77800000000	500902
77900000000	500890
78000000000	500234
78100000000	500788
78200000000	501216
78300000000	501584
78400000000	499627
78500000000	501229
78600000000	499856
78700000000	499740
78800000000	500661
78900000000	501331
79000000000	500407
79100000000	499858
79200000000	500567
79300000000	499589
79400000000	500177
79500000000	502482
79600000000	499547
79700000000	500451
79800000000	500373
79900000000	500160
80000000000	498808
80100000000	501055
80200000000	501118
80300000000	499813
80400000000	500246
80500000000	500148
80600000000	500770
80700000000	500169
80800000000	498832
80900000000	501222
81000000000	500660
81100000000	500644
81200000000	499940
81300000000	499945
81400000000	499212
81500000000	499762
81600000000	498994
81700000000	500218
81800000000	500650
81900000000	500464
82000000000	500649
82100000000	500151
82200000000	498149
82300000000	500267
82400000000	500115
82500000000	499497
82600000000	499954
82700000000	499259
82800000000	499583
82900000000	498275
83000000000	499182
83100000000	499048
83200000000	499552
83300000000	499328
83400000000	499427
83500000000	499495
83600000000	499756
83700000000	499601
83800000000	498828
83900000000	499037
84000000000	500538
84100000000	499683
84200000000	500219
84300000000	500272
84400000000	499340
84500000000	500246
84600000000	499643
84700000000	499100
84800000000	499676
84900000000	500483
85000000000	499598
85100000000	499425
85200000000	499329
85300000000	499924
85400000000	498627
85500000000	498935
85600000000	499732
85700000000	498814
85800000000	499370
85900000000	499914
86000000000	499685
86100000000	499570
86200000000	498918
86300000000	499834
86400000000	499434
86500000000	499264
86600000000	500037
86700000000	500119
86800000000	501023
86900000000	498455
87000000000	498990
87100000000	499187
87200000000	499298
87300000000	498784
87400000000	499768
87500000000	499132
87600000000	498937
87700000000	498864
87800000000	498751
87900000000	497466
88000000000	498303
88100000000	499291
88200000000	499846
88300000000	498784
88400000000	498907
88500000000	498923
88600000000	499565
88700000000	498721
88800000000	498144
88900000000	500310
89000000000	498936
89100000000	499430
89200000000	500690
89300000000	499616
89400000000	499052
89500000000	499042
89600000000	499298
89700000000	497385
89800000000	498404
89900000000	498410
90000000000	498200
90100000000	498734
90200000000	499308
90300000000	498419
90400000000	497111
90500000000	499672
90600000000	499314
90700000000	499112
90800000000	499854
90900000000	498700
91000000000	499742
91100000000	499250
91200000000	497828
91300000000	497748
91400000000	499723
91500000000	499140
91600000000	499111
91700000000	498755
91800000000	499318
91900000000	499007
92000000000	499501
92100000000	497431
92200000000	499208
92300000000	499156
92400000000	499504
92500000000	498919
92600000000	498341
92700000000	498388
92800000000	498101
92900000000	499293
93000000000	498435
93100000000	500132
93200000000	499927
93300000000	499241
93400000000	498434
93500000000	498781
93600000000	499051
93700000000	497977
93800000000	497974
93900000000	498601
94000000000	498188
94100000000	498551
94200000000	499092
94300000000	498119
94400000000	497968
94500000000	499682
94600000000	497525
94700000000	499013
94800000000	499373
94900000000	498816
95000000000	498998
95100000000	498698
95200000000	499072
95300000000	498996
95400000000	497888
95500000000	499048
95600000000	498512
95700000000	498466
95800000000	497906
95900000000	498100
96000000000	498189
96100000000	498707
96200000000	498517
96300000000	498483
96400000000	499481
96500000000	498257
96600000000	499521
96700000000	498584
96800000000	497866
96900000000	498139
97000000000	498044
97100000000	497472
97200000000	499075
97300000000	499286
97400000000	498042
97500000000	498281
97600000000	498383
97700000000	499095
97800000000	499107
97900000000	497930
98000000000	498297
98100000000	498925
98200000000	497764
98300000000	499136
98400000000	498249
98500000000	498146
98600000000	497828
98700000000	499415
98800000000	499336
98900000000	498516
99000000000	498237
99100000000	498947
99200000000	499635
99300000000	498342
99400000000	499722
99500000000	499283
99600000000	497199
99700000000	498666
99800000000	498976
99900000000	498894
