"Time (ps)"	"Counts per bin"
0	502326
100000000	503459
200000000	503071
300000000	503302
400000000	503566
500000000	504289
600000000	504116
700000000	503521
800000000	503999
900000000	503922
1000000000	503846
1100000000	504003
1200000000	504627
1300000000	502252
1400000000	503829
1500000000	503448
1600000000	503847
1700000000	503685
1800000000	504289
1900000000	503967
2000000000	503699
2100000000	504454
2200000000	503540
2300000000	502547
2400000000	505090
2500000000	503176
2600000000	504976
2700000000	504000
2800000000	503925
2900000000	502487
3000000000	503713
3100000000	503131
3200000000	503511
3300000000	503993
3400000000	503073
3500000000	504034
3600000000	504440
3700000000	502525
3800000000	503618
3900000000	504122
4000000000	503997
4100000000	503885
4200000000	503431
4300000000	503606
4400000000	502625
4500000000	504571
4600000000	503552
4700000000	503077
4800000000	504278
4900000000	503136
5000000000	503727
5100000000	504340
5200000000	502610
5300000000	504241
5400000000	503840
5500000000	503363
5600000000	505013
5700000000	503332
5800000000	504018
5900000000	503940
6000000000	504863
6100000000	504430
6200000000	502459
6300000000	502491
6400000000	503807
6500000000	503641
6600000000	504730
6700000000	503694
6800000000	504098
6900000000	504456
7000000000	505687
7100000000	503390
7200000000	503537
7300000000	504405
7400000000	503762
7500000000	503103
7600000000	502989
7700000000	504419
7800000000	505489
7900000000	503378
8000000000	503315
8100000000	503170
8200000000	503857
8300000000	503333
8400000000	504349
8500000000	502989
8600000000	504353
8700000000	502906
8800000000	503368
8900000000	504732
9000000000	503705
9100000000	504904
9200000000	504126
9300000000	502633
9400000000	503495
9500000000	503608
9600000000	505115
9700000000	502384
9800000000	504691
9900000000	503826
10000000000	504158
10100000000	503917
10200000000	504131
10300000000	503486
10400000000	503993
10500000000	503550
10600000000	503543
10700000000	504440
10800000000	503443
10900000000	503241
11000000000	504218
11100000000	503743
11200000000	503971
11300000000	503301
11400000000	503854
11500000000	503091
11600000000	503854
11700000000	503221
11800000000	503573
11900000000	503987
12000000000	503733
12100000000	502546
12200000000	504824
12300000000	503608
12400000000	504085
12500000000	503945
12600000000	503233
12700000000	502874
12800000000	504419
12900000000	503149
13000000000	503380
13100000000	504206
13200000000	504044
13300000000	503508
13400000000	503483
13500000000	503754
13600000000	504247
13700000000	504077
13800000000	503534
13900000000	503261
14000000000	503814
14100000000	504517
14200000000	503639
14300000000	504409
14400000000	503437
14500000000	503529
14600000000	504646
14700000000	504036
14800000000	503827
14900000000	503555
15000000000	503495
15100000000	503593
15200000000	503702
15300000000	503893
15400000000	503065
15500000000	503704
15600000000	504177
15700000000	503492
15800000000	504102
15900000000	504753
16000000000	503228
16100000000	503214
16200000000	504123
16300000000	502473
16400000000	503749
16500000000	503669
16600000000	503689
16700000000	504443
16800000000	503798
16900000000	502793
17000000000	503111
17100000000	504465
17200000000	503698
17300000000	503359
17400000000	503353
17500000000	503323
17600000000	503020
17700000000	504869
17800000000	503162
17900000000	504162
18000000000	503613
18100000000	503015
18200000000	503010
18300000000	502963
18400000000	504170
18500000000	503551
18600000000	503796
18700000000	504351
18800000000	504624
18900000000	502838
19000000000	502959
19100000000	503106
19200000000	504240
19300000000	503256
19400000000	503373
19500000000	503269
19600000000	503749
19700000000	502679
19800000000	503408
19900000000	503393
20000000000	502869
20100000000	502873
20200000000	502945
20300000000	502862
20400000000	503190
20500000000	504140
20600000000	502728
20700000000	503494
20800000000	503716
20900000000	503369
21000000000	502937
21100000000	502962
21200000000	503321
21300000000	504741
21400000000	502713
21500000000	503830
21600000000	501809
21700000000	503664
21800000000	503401
21900000000	503193
22000000000	503036
22100000000	504031
22200000000	503091
22300000000	503667
22400000000	503674
22500000000	502443
22600000000	503079
22700000000	504006
22800000000	503546
22900000000	503296
23000000000	503528
23100000000	503222
23200000000	502583
23300000000	503723
23400000000	503399
23500000000	504558
23600000000	503868
23700000000	505136
23800000000	503511
23900000000	503064
24000000000	503516
24100000000	503401
24200000000	502297
24300000000	503117
24400000000	504268
24500000000	503244
24600000000	503565
24700000000	502590
24800000000	502645
24900000000	502791
25000000000	503256
25100000000	502507
25200000000	503369
25300000000	503155
25400000000	502979
25500000000	501815
25600000000	501159
25700000000	501755
25800000000	502191
25900000000	502150
26000000000	502070
26100000000	501796
26200000000	501397
26300000000	503953
26400000000	501718
26500000000	501606
26600000000	501517
26700000000	502940
26800000000	502037
26900000000	502078
27000000000	501749
27100000000	501608
27200000000	501362
27300000000	501908
27400000000	502106
27500000000	501257
27600000000	502836
27700000000	500614
27800000000	501306
27900000000	502294
28000000000	502246
28100000000	501771
28200000000	502731
28300000000	501143
28400000000	501866
28500000000	502238
28600000000	502092
28700000000	502591
28800000000	502414
28900000000	501632
29000000000	502767
29100000000	502946
29200000000	501424
29300000000	501909
29400000000	502583
29500000000	501828
29600000000	501759
29700000000	501171
29800000000	502055
29900000000	501405
30000000000	502547
30100000000	500884
30200000000	501287
30300000000	502576
30400000000	501925
30500000000	502630
30600000000	501748
30700000000	502088
30800000000	502196
30900000000	501673
31000000000	501742
31100000000	502452
31200000000	501373
31300000000	502116
31400000000	501997
31500000000	502130
31600000000	502652
31700000000	501567
31800000000	502967
31900000000	502379
32000000000	502725
32100000000	502055
32200000000	501069
32300000000	500926
32400000000	501155
32500000000	502706
32600000000	502433
32700000000	503065
32800000000	502278
32900000000	501652
33000000000	501858
33100000000	501834
33200000000	502975
33300000000	502151
33400000000	501234
33500000000	501138
33600000000	501982
33700000000	502650
33800000000	501830
33900000000	502289
34000000000	500593
34100000000	501850
34200000000	501723
34300000000	501293
34400000000	501768
34500000000	501644
34600000000	501791
34700000000	501304
34800000000	501581
34900000000	500779
35000000000	501937
35100000000	502215
35200000000	501376
35300000000	501947
35400000000	501197
35500000000	500738
35600000000	503375
35700000000	501985
35800000000	501918
35900000000	501011
36000000000	501737
36100000000	502047
36200000000	501654
36300000000	501892
36400000000	503287
36500000000	502825
36600000000	503632
36700000000	500781
36800000000	503159
36900000000	501044
37000000000	501955
37100000000	501417
37200000000	501826
37300000000	501703
37400000000	502170
37500000000	501685
37600000000	502317
37700000000	501606
37800000000	500980
37900000000	501468
38000000000	502151
38100000000	501255
38200000000	502451
38300000000	502386
38400000000	501141
38500000000	501638
38600000000	501476
38700000000	501005
38800000000	500892
38900000000	501463
39000000000	501210
39100000000	502596
39200000000	501242
39300000000	501621
39400000000	501681
39500000000	501211
39600000000	502143
39700000000	501889
39800000000	501539
39900000000	501203
40000000000	500959
40100000000	499693
40200000000	501732
40300000000	501311
40400000000	502316
40500000000	500966
40600000000	502521
40700000000	501540
40800000000	501410
40900000000	501130
41000000000	502014
41100000000	502393
41200000000	502545
41300000000	502632
41400000000	500723
41500000000	501730
41600000000	501525
41700000000	501528
41800000000	502817
41900000000	502431
42000000000	500968
42100000000	501834
42200000000	502745
42300000000	502210
42400000000	501430
42500000000	502028
42600000000	500963
42700000000	501076
42800000000	500154
42900000000	502722
43000000000	501809
43100000000	502028
43200000000	501608
43300000000	501713
43400000000	501265
43500000000	501618
43600000000	501318
43700000000	502262
43800000000	502479
43900000000	502590
44000000000	501210
44100000000	501661
44200000000	502808
44300000000	502863
44400000000	501794
44500000000	502001
44600000000	502207
44700000000	501200
44800000000	501774
44900000000	503074
45000000000	500832
45100000000	502297
45200000000	501803
45300000000	501336
45400000000	501185
45500000000	500574
45600000000	500795
45700000000	501138
45800000000	501348
45900000000	501988
46000000000	500748
46100000000	501999
46200000000	502598
46300000000	502221
46400000000	502134
46500000000	500925
46600000000	501905
46700000000	502495
46800000000	501315
46900000000	501781
47000000000	501205
47100000000	502121
47200000000	502036
47300000000	501514
47400000000	501201
47500000000	502269
47600000000	501465
47700000000	502012
47800000000	502223
47900000000	501670
48000000000	502345
48100000000	501635
48200000000	500552
48300000000	502491
48400000000	501441
48500000000	501545
48600000000	502720
48700000000	501095
48800000000	501591
48900000000	501247
49000000000	501479
49100000000	501857
49200000000	501447
49300000000	501966
49400000000	501709
49500000000	500612
49600000000	501336
49700000000	501378
49800000000	502526
49900000000	501983
50000000000	502364
50100000000	502831
50200000000	502764
50300000000	502813
50400000000	503355
50500000000	503899
50600000000	503787
50700000000	503231
50800000000	503587
50900000000	503739
51000000000	503330
51100000000	503769
51200000000	504197
51300000000	501831
51400000000	503469
51500000000	503256
51600000000	503248
51700000000	503377
51800000000	503986
51900000000	503510
52000000000	503486
52100000000	504081
52200000000	502841
52300000000	502495
52400000000	504589
52500000000	502865
52600000000	504516
52700000000	503672
52800000000	503580
52900000000	502067
53000000000	503450
53100000000	502801
53200000000	503102
53300000000	503604
53400000000	502677
53500000000	503827
53600000000	504112
53700000000	502230
53800000000	503392
53900000000	503563
54000000000	503672
54100000000	503426
54200000000	503136
54300000000	503200
54400000000	502369
54500000000	504056
54600000000	503072
54700000000	503015
54800000000	503730
54900000000	502543
55000000000	503713
55100000000	503734
55200000000	502354
55300000000	504026
55400000000	503453
55500000000	503053
55600000000	504313
55700000000	503042
55800000000	503721
55900000000	503578
56000000000	504403
56100000000	504161
56200000000	501961
56300000000	502285
56400000000	503261
56500000000	503413
56600000000	504320
56700000000	503452
56800000000	503637
56900000000	504162
57000000000	505093
57100000000	503364
57200000000	503130
57300000000	503776
57400000000	503547
57500000000	502745
57600000000	502655
57700000000	504058
57800000000	505036
57900000000	503024
58000000000	502936
58100000000	502867
58200000000	503458
58300000000	503034
58400000000	503778
58500000000	502774
58600000000	503989
58700000000	502580
58800000000	502986
58900000000	504275
59000000000	503504
59100000000	504482
59200000000	503732
59300000000	502413
59400000000	503038
59500000000	503086
59600000000	504707
59700000000	502292
59800000000	504250
59900000000	503230
60000000000	503811
60100000000	503675
60200000000	503597
60300000000	503201
60400000000	503685
60500000000	503289
60600000000	502977
60700000000	504264
60800000000	503054
60900000000	503013
61000000000	503681
61100000000	503263
61200000000	503762
61300000000	502883
61400000000	503212
61500000000	503015
61600000000	503556
61700000000	502739
61800000000	503278
61900000000	503417
62000000000	503315
62100000000	502312
62200000000	504234
62300000000	503494
62400000000	503675
62500000000	503513
62600000000	502916
62700000000	502714
62800000000	503855
62900000000	502906
63000000000	503087
63100000000	503520
63200000000	503772
63300000000	503091
63400000000	503137
63500000000	503766
63600000000	503499
63700000000	503891
63800000000	503045
63900000000	503027
64000000000	503533
64100000000	504031
64200000000	503352
64300000000	503868
64400000000	503005
64500000000	503375
64600000000	504310
64700000000	503670
64800000000	503483
64900000000	503178
65000000000	503136
65100000000	503224
65200000000	503373
65300000000	503270
65400000000	503126
65500000000	502951
65600000000	503842
65700000000	503279
65800000000	503515
65900000000	504498
66000000000	502904
66100000000	502901
66200000000	503724
66300000000	502162
66400000000	503556
66500000000	503186
66600000000	503450
66700000000	503916
66800000000	503377
66900000000	502544
67000000000	502679
67100000000	504059
67200000000	503497
67300000000	502926
67400000000	502905
67500000000	503022
67600000000	502746
67700000000	504361
67800000000	503092
67900000000	503628
68000000000	503101
68100000000	502626
68200000000	502833
68300000000	502531
68400000000	503760
68500000000	503509
68600000000	503419
68700000000	503791
68800000000	504142
68900000000	502678
69000000000	502594
69100000000	502687
69200000000	503726
69300000000	503039
69400000000	502803
69500000000	502981
69600000000	503559
69700000000	502251
69800000000	503110
69900000000	502923
70000000000	502659
70100000000	502251
70200000000	502793
70300000000	502472
70400000000	502772
70500000000	503991
70600000000	502368
70700000000	503001
70800000000	503214
70900000000	502989
71000000000	502738
71100000000	502511
71200000000	502831
71300000000	504532
71400000000	502441
71500000000	503258
71600000000	501523
71700000000	503282
71800000000	503208
71900000000	502906
72000000000	502488
72100000000	503526
72200000000	502797
72300000000	503268
72400000000	503311
72500000000	502238
72600000000	502646
72700000000	503727
72800000000	502945
72900000000	502964
73000000000	503250
73100000000	502924
73200000000	502243
73300000000	503021
73400000000	503296
73500000000	504078
73600000000	503591
73700000000	504602
73800000000	503312
73900000000	502726
74000000000	503161
74100000000	503160
74200000000	501815
74300000000	502848
74400000000	503548
74500000000	503149
74600000000	503129
74700000000	502203
74800000000	502359
74900000000	502367
75000000000	502835
75100000000	502492
75200000000	502700
75300000000	502922
75400000000	502655
75500000000	501361
75600000000	500669
75700000000	501727
75800000000	501760
75900000000	501788
76000000000	501714
76100000000	501430
76200000000	500839
76300000000	503695
76400000000	501368
76500000000	501318
76600000000	501019
76700000000	502643
76800000000	501749
76900000000	501554
77000000000	501600
77100000000	501209
77200000000	500983
77300000000	501599
77400000000	501803
77500000000	500584
77600000000	502560
77700000000	500339
77800000000	500984
77900000000	501662
78000000000	501824
78100000000	501696
78200000000	502224
78300000000	500835
78400000000	501642
78500000000	501883
78600000000	501668
78700000000	502102
78800000000	502169
78900000000	501118
79000000000	502544
79100000000	502323
79200000000	501286
79300000000	501491
79400000000	502052
79500000000	501556
79600000000	501513
79700000000	500870
79800000000	501584
79900000000	500920
80000000000	502007
80100000000	500597
80200000000	501127
80300000000	501851
80400000000	501808
80500000000	501997
80600000000	501537
80700000000	501823
80800000000	501886
80900000000	501308
81000000000	501331
81100000000	502131
81200000000	501183
81300000000	501625
81400000000	501601
81500000000	501815
81600000000	502287
81700000000	501193
81800000000	502519
81900000000	501940
82000000000	502478
82100000000	501796
82200000000	500513
82300000000	500806
82400000000	500762
82500000000	502230
82600000000	502131
82700000000	502875
82800000000	501781
82900000000	501242
83000000000	501471
83100000000	501566
83200000000	502605
83300000000	501878
83400000000	500820
83500000000	500965
83600000000	501463
83700000000	502265
83800000000	501448
83900000000	501844
84000000000	500315
84100000000	501574
84200000000	501240
84300000000	500922
84400000000	501596
84500000000	501070
84600000000	501488
84700000000	501032
84800000000	501276
84900000000	500456
85000000000	501426
85100000000	502145
85200000000	500985
85300000000	501424
85400000000	500754
85500000000	500419
85600000000	502957
85700000000	501840
85800000000	501374
85900000000	500572
86000000000	501573
86100000000	501646
86200000000	501218
86300000000	501679
86400000000	502913
86500000000	502419
86600000000	503074
86700000000	500557
86800000000	502909
86900000000	500724
87000000000	501469
87100000000	501107
87200000000	501475
87300000000	501276
87400000000	501923
87500000000	501223
87600000000	501985
87700000000	501249
87800000000	500578
87900000000	500807
88000000000	501686
88100000000	501056
88200000000	502194
88300000000	502083
88400000000	500717
88500000000	501251
88600000000	501272
88700000000	500489
88800000000	500536
88900000000	501192
89000000000	500862
89100000000	502179
89200000000	500945
89300000000	501133
89400000000	501374
89500000000	500745
89600000000	501848
89700000000	501523
89800000000	501317
89900000000	500747
90000000000	500503
90100000000	499533
90200000000	501306
90300000000	500889
90400000000	501984
90500000000	500724
90600000000	502157
90700000000	501148
90800000000	500883
90900000000	500871
91000000000	501649
91100000000	501969
91200000000	502178
91300000000	502273
91400000000	500377
91500000000	501359
91600000000	501136
91700000000	500906
91800000000	502605
91900000000	502204
92000000000	500571
92100000000	501376
92200000000	502614
92300000000	501561
92400000000	501319
92500000000	501449
92600000000	500765
92700000000	500538
92800000000	500012
92900000000	502239
93000000000	501569
93100000000	501709
93200000000	501230
93300000000	501323
93400000000	500822
93500000000	501242
93600000000	501071
93700000000	501984
93800000000	502081
93900000000	502200
94000000000	500914
94100000000	501415
94200000000	502227
94300000000	502700
94400000000	501382
94500000000	501501
94600000000	502115
94700000000	500905
94800000000	501216
94900000000	502527
95000000000	500722
95100000000	501751
95200000000	501237
95300000000	501049
95400000000	500964
95500000000	500458
95600000000	500277
95700000000	500602
95800000000	501013
95900000000	501537
96000000000	500394
96100000000	501502
96200000000	502572
96300000000	501624
96400000000	501781
96500000000	500646
96600000000	501342
96700000000	502493
96800000000	500912
96900000000	501426
97000000000	500644
97100000000	501837
97200000000	501779
97300000000	501307
97400000000	500571
97500000000	501880
97600000000	501228
97700000000	501503
97800000000	501933
97900000000	501445
98000000000	501850
98100000000	501305
98200000000	500138
98300000000	502227
98400000000	501031
98500000000	501160
98600000000	502335
98700000000	500843
98800000000	501192
98900000000	500741
99000000000	501346
99100000000	501450
99200000000	501039
99300000000	501641
99400000000	501247
99500000000	500444
99600000000	500882
99700000000	501138
99800000000	502162
99900000000	501522
