"Time (ps)"	"Counts per bin"
0	99313
100000000	99704
200000000	99887
300000000	99579
400000000	99626
500000000	100559
600000000	99418
700000000	100308
800000000	100133
900000000	100106
1000000000	100044
1100000000	100024
1200000000	100040
1300000000	99966
1400000000	100138
1500000000	99970
1600000000	99956
1700000000	99828
1800000000	99684
1900000000	99872
2000000000	100797
2100000000	99453
2200000000	100272
2300000000	99813
2400000000	100168
2500000000	99982
2600000000	99987
2700000000	99959
2800000000	99738
2900000000	99663
3000000000	98927
3100000000	99736
3200000000	99474
3300000000	99454
3400000000	100325
3500000000	99965
3600000000	100166
3700000000	100015
3800000000	99735
3900000000	99796
4000000000	99772
4100000000	100089
4200000000	99841
4300000000	100196
4400000000	99356
4500000000	100158
4600000000	100576
4700000000	99707
4800000000	100801
4900000000	99942
5000000000	100022
5100000000	99649
5200000000	99753
5300000000	99758
5400000000	99551
5500000000	100184
5600000000	99787
5700000000	99677
5800000000	100135
5900000000	99723
6000000000	100067
6100000000	99781
6200000000	99927
6300000000	100077
6400000000	99439
6500000000	99766
6600000000	99768
6700000000	99896
6800000000	99994
6900000000	99856
7000000000	99897
7100000000	99851
7200000000	99858
7300000000	100442
7400000000	100312
7500000000	99848
7600000000	99600
7700000000	99946
7800000000	99388
7900000000	100398
8000000000	100056
8100000000	99951
8200000000	99706
8300000000	99690
8400000000	99587
8500000000	99627
8600000000	99229
8700000000	99819
8800000000	99509
8900000000	100633
9000000000	99520
9100000000	100109
9200000000	100599
9300000000	100202
9400000000	100070
9500000000	100161
9600000000	100471
9700000000	100139
9800000000	100114
9900000000	99440
10000000000	100086
10100000000	99706
10200000000	99929
10300000000	100222
10400000000	100052
10500000000	100492
10600000000	99756
10700000000	99387
10800000000	100230
10900000000	99884
11000000000	99389
11100000000	100189
11200000000	99559
11300000000	100033
11400000000	99639
11500000000	99772
11600000000	99562
11700000000	99545
11800000000	99671
11900000000	100006
12000000000	99677
12100000000	100629
12200000000	100315
12300000000	99802
12400000000	99600
12500000000	100592
12600000000	99523
12700000000	99003
12800000000	100201
12900000000	99592
13000000000	99395
13100000000	99621
13200000000	99575
13300000000	99428
13400000000	99008
13500000000	99487
13600000000	99466
13700000000	100068
13800000000	99855
13900000000	99696
14000000000	99736
14100000000	100044
14200000000	100368
14300000000	99646
14400000000	99765
14500000000	99591
14600000000	99856
14700000000	99900
14800000000	99902
14900000000	99645
15000000000	100452
15100000000	99545
15200000000	99880
15300000000	100294
15400000000	99710
15500000000	99571
15600000000	99510
15700000000	100245
15800000000	100264
15900000000	99811
16000000000	99827
16100000000	100117
16200000000	99488
16300000000	100340
16400000000	99928
16500000000	99751
16600000000	100105
16700000000	100205
16800000000	99987
16900000000	99823
17000000000	99664
17100000000	99802
17200000000	99215
17300000000	99337
17400000000	100312
17500000000	99771
17600000000	99629
17700000000	100157
17800000000	99394
17900000000	99562
18000000000	99659
18100000000	99757
18200000000	99408
18300000000	99062
18400000000	100321
18500000000	99897
18600000000	99625
18700000000	99624
18800000000	99495
18900000000	99951
19000000000	100332
19100000000	99995
19200000000	99377
19300000000	99917
19400000000	100080
19500000000	99921
19600000000	99564
19700000000	99715
19800000000	99429
19900000000	99480
20000000000	99532
20100000000	100142
20200000000	100342
20300000000	99924
20400000000	99684
20500000000	100009
20600000000	99802
20700000000	100073
20800000000	99943
20900000000	99780
21000000000	99514
21100000000	100066
21200000000	99993
21300000000	99121
21400000000	100139
21500000000	99931
21600000000	99968
21700000000	100295
21800000000	99550
21900000000	100389
22000000000	99868
22100000000	99166
22200000000	99496
22300000000	100507
22400000000	100046
22500000000	99621
22600000000	99999
22700000000	98915
22800000000	99968
22900000000	99957
23000000000	99696
23100000000	99404
23200000000	99674
23300000000	99136
23400000000	99977
23500000000	99418
23600000000	100203
23700000000	99203
23800000000	99218
23900000000	99189
24000000000	98838
24100000000	99913
24200000000	99625
24300000000	99389
24400000000	99752
24500000000	99554
24600000000	99596
24700000000	99935
24800000000	99614
24900000000	99596
25000000000	99519
25100000000	99202
25200000000	99113
25300000000	99715
25400000000	99087
25500000000	99432
25600000000	99262
25700000000	99898
25800000000	99658
25900000000	100252
26000000000	99791
26100000000	99564
26200000000	99789
26300000000	99393
26400000000	99311
26500000000	99375
26600000000	99334
26700000000	99653
26800000000	98849
26900000000	99068
27000000000	99494
27100000000	99902
27200000000	99472
27300000000	99001
27400000000	99228
27500000000	99959
27600000000	99459
27700000000	99051
27800000000	99403
27900000000	99240
28000000000	99658
28100000000	99414
28200000000	99527
28300000000	99067
28400000000	99010
28500000000	99440
28600000000	99449
28700000000	98883
28800000000	99623
28900000000	99413
29000000000	99653
29100000000	99176
29200000000	98840
29300000000	98758
29400000000	99373
29500000000	98970
29600000000	99324
29700000000	99682
29800000000	99373
29900000000	99772
30000000000	99349
30100000000	99323
30200000000	99674
30300000000	99123
30400000000	99587
30500000000	100205
30600000000	99587
30700000000	99619
30800000000	99503
30900000000	99295
31000000000	99202
31100000000	99003
31200000000	99187
31300000000	99207
31400000000	99525
31500000000	99239
31600000000	98713
31700000000	99188
31800000000	99536
31900000000	98998
32000000000	99275
32100000000	99467
32200000000	99428
32300000000	99634
32400000000	98992
32500000000	98888
32600000000	99328
32700000000	99621
32800000000	99692
32900000000	98705
33000000000	99228
33100000000	98858
33200000000	99155
33300000000	99218
33400000000	99330
33500000000	98749
33600000000	98833
33700000000	99050
33800000000	99419
33900000000	99041
34000000000	98939
34100000000	99155
34200000000	99342
34300000000	99009
34400000000	99423
34500000000	98801
34600000000	99348
34700000000	98686
34800000000	98831
34900000000	99520
35000000000	99101
35100000000	99173
35200000000	99269
35300000000	99328
35400000000	99409
35500000000	99495
35600000000	99405
35700000000	98984
35800000000	98973
35900000000	99391
36000000000	99099
36100000000	99086
36200000000	99103
36300000000	98868
36400000000	99149
36500000000	99018
36600000000	98750
36700000000	99440
36800000000	99472
36900000000	99690
37000000000	98811
37100000000	99899
37200000000	99559
37300000000	99083
37400000000	98188
37500000000	98714
37600000000	99442
37700000000	99223
37800000000	99024
37900000000	99033
38000000000	99692
38100000000	99485
38200000000	98481
38300000000	98637
38400000000	99505
38500000000	99047
38600000000	98953
38700000000	99043
38800000000	98870
38900000000	99825
39000000000	99267
39100000000	99850
39200000000	99176
39300000000	99761
39400000000	98805
39500000000	99094
39600000000	99214
39700000000	98999
39800000000	98890
39900000000	99083
40000000000	99138
40100000000	99326
40200000000	99146
40300000000	99675
40400000000	98805
40500000000	99211
40600000000	99109
40700000000	99176
40800000000	99755
40900000000	99183
41000000000	99407
41100000000	99495
41200000000	98896
41300000000	99233
41400000000	99075
41500000000	98793
41600000000	99477
41700000000	99004
41800000000	99298
41900000000	98972
42000000000	99393
42100000000	99526
42200000000	99167
42300000000	99150
42400000000	99356
42500000000	98800
42600000000	99455
42700000000	99223
42800000000	98908
42900000000	99191
43000000000	98785
43100000000	98721
43200000000	99255
43300000000	99019
43400000000	99384
43500000000	98273
43600000000	99571
43700000000	99046
43800000000	99077
43900000000	98607
44000000000	98986
44100000000	98732
44200000000	98489
44300000000	99525
44400000000	98986
44500000000	99473
44600000000	98974
44700000000	99170
44800000000	98782
44900000000	98885
45000000000	99307
45100000000	99167
45200000000	99099
45300000000	98979
45400000000	100106
45500000000	99332
45600000000	98680
45700000000	99572
45800000000	98646
45900000000	99189
46000000000	99050
46100000000	99431
46200000000	99401
46300000000	99422
46400000000	99098
46500000000	99538
46600000000	98837
46700000000	99134
46800000000	98918
46900000000	99014
47000000000	99141
47100000000	99794
47200000000	98908
47300000000	99485
47400000000	98855
47500000000	99140
47600000000	99266
47700000000	99947
47800000000	99255
47900000000	99930
48000000000	98804
48100000000	99426
48200000000	99208
48300000000	98952
48400000000	99165
48500000000	99081
48600000000	99379
48700000000	98994
48800000000	98683
48900000000	99164
49000000000	98749
49100000000	99385
49200000000	99769
49300000000	98707
49400000000	99207
49500000000	99171
49600000000	98920
49700000000	98938
49800000000	99404
49900000000	99104
50000000000	99278
50100000000	99631
50200000000	99975
50300000000	99496
50400000000	99700
50500000000	100523
50600000000	99430
50700000000	100305
50800000000	100000
50900000000	100147
51000000000	100021
51100000000	100143
51200000000	100016
51300000000	99885
51400000000	100161
51500000000	99964
51600000000	99911
51700000000	99769
51800000000	99742
51900000000	99913
52000000000	100739
52100000000	99444
52200000000	100318
52300000000	99833
52400000000	100059
52500000000	100086
52600000000	99882
52700000000	99985
52800000000	99798
52900000000	99541
53000000000	99031
53100000000	99607
53200000000	99603
53300000000	99333
53400000000	100375
53500000000	99931
53600000000	100175
53700000000	100048
53800000000	99642
53900000000	99951
54000000000	99683
54100000000	100013
54200000000	99854
54300000000	100103
54400000000	99488
54500000000	100061
54600000000	100669
54700000000	99680
54800000000	100791
54900000000	99870
55000000000	100082
55100000000	99681
55200000000	99715
55300000000	99670
55400000000	99622
55500000000	100181
55600000000	99844
55700000000	99552
55800000000	100117
55900000000	99706
56000000000	100067
56100000000	99840
56200000000	99861
56300000000	100071
56400000000	99570
56500000000	99728
56600000000	99769
56700000000	99899
56800000000	99968
56900000000	99875
57000000000	99944
57100000000	99701
57200000000	99891
57300000000	100404
57400000000	100339
57500000000	99787
57600000000	99631
57700000000	99983
57800000000	99353
57900000000	100359
58000000000	100035
58100000000	99987
58200000000	99686
58300000000	99773
58400000000	99493
58500000000	99630
58600000000	99154
58700000000	99859
58800000000	99529
58900000000	100694
59000000000	99403
59100000000	100089
59200000000	100692
59300000000	100112
59400000000	100050
59500000000	100179
59600000000	100426
59700000000	100183
59800000000	100140
59900000000	99369
60000000000	100139
60100000000	99703
60200000000	99876
60300000000	100255
60400000000	99964
60500000000	100540
60600000000	99695
60700000000	99415
60800000000	100304
60900000000	99912
61000000000	99296
61100000000	100201
61200000000	99570
61300000000	100014
61400000000	99529
61500000000	99881
61600000000	99512
61700000000	99516
61800000000	99743
61900000000	100044
62000000000	99564
62100000000	100624
62200000000	100397
62300000000	99712
62400000000	99659
62500000000	100452
62600000000	99656
62700000000	98989
62800000000	100259
62900000000	99490
63000000000	99357
63100000000	99682
63200000000	99588
63300000000	99359
63400000000	99068
63500000000	99419
63600000000	99495
63700000000	100061
63800000000	99845
63900000000	99680
64000000000	99757
64100000000	99968
64200000000	100358
64300000000	99667
64400000000	99788
64500000000	99623
64600000000	99741
64700000000	100026
64800000000	99791
64900000000	99748
65000000000	100425
65100000000	99514
65200000000	99862
65300000000	100303
65400000000	99672
65500000000	99592
65600000000	99528
65700000000	100079
65800000000	100399
65900000000	99835
66000000000	99816
66100000000	100059
66200000000	99434
66300000000	100401
66400000000	99873
66500000000	99715
66600000000	100161
66700000000	100261
66800000000	99937
66900000000	99745
67000000000	99727
67100000000	99658
67200000000	99405
67300000000	99335
67400000000	100266
67500000000	99690
67600000000	99702
67700000000	100172
67800000000	99317
67900000000	99523
68000000000	99860
68100000000	99552
68200000000	99377
68300000000	99122
68400000000	100407
68500000000	99740
68600000000	99710
68700000000	99551
68800000000	99483
68900000000	100066
69000000000	100319
69100000000	99947
69200000000	99298
69300000000	100036
69400000000	99957
69500000000	99969
69600000000	99547
69700000000	99804
69800000000	99379
69900000000	99386
70000000000	99580
70100000000	100093
70200000000	100355
70300000000	99887
70400000000	99708
70500000000	100066
70600000000	99656
70700000000	100164
70800000000	99872
70900000000	99790
71000000000	99541
71100000000	100032
71200000000	99943
71300000000	99212
71400000000	100060
71500000000	100055
71600000000	99854
71700000000	100279
71800000000	99645
71900000000	100417
72000000000	99800
72100000000	99183
72200000000	99308
72300000000	100639
72400000000	100047
72500000000	99644
72600000000	99882
72700000000	99030
72800000000	99867
72900000000	100030
73000000000	99623
73100000000	99461
73200000000	99581
73300000000	99162
73400000000	100043
73500000000	99395
73600000000	100185
73700000000	99226
73800000000	99091
73900000000	99211
74000000000	98888
74100000000	99948
74200000000	99512
74300000000	99412
74400000000	99696
74500000000	99624
74600000000	99617
74700000000	99805
74800000000	99686
74900000000	99660
75000000000	99434
75100000000	99234
75200000000	99104
75300000000	99650
75400000000	99179
75500000000	99436
75600000000	99170
75700000000	99799
75800000000	99801
75900000000	100170
76000000000	99733
76100000000	99708
76200000000	99663
76300000000	99476
76400000000	99292
76500000000	99407
76600000000	99243
76700000000	99735
76800000000	98827
76900000000	98942
77000000000	99559
77100000000	99918
77200000000	99494
77300000000	98971
77400000000	99157
77500000000	100030
77600000000	99421
77700000000	98983
77800000000	99489
77900000000	99204
78000000000	99620
78100000000	99456
78200000000	99497
78300000000	99081
78400000000	99034
78500000000	99418
78600000000	99448
78700000000	98796
78800000000	99714
78900000000	99292
79000000000	99677
79100000000	99257
79200000000	98766
79300000000	98799
79400000000	99314
79500000000	99120
79600000000	99126
79700000000	99714
79800000000	99328
79900000000	99824
80000000000	99401
80100000000	99344
80200000000	99457
80300000000	99328
80400000000	99377
80500000000	100343
80600000000	99598
80700000000	99649
80800000000	99384
80900000000	99304
81000000000	99242
81100000000	99045
81200000000	99119
81300000000	99210
81400000000	99531
81500000000	99185
81600000000	98819
81700000000	98991
81800000000	99641
81900000000	98996
82000000000	99320
82100000000	99429
82200000000	99284
82300000000	99744
82400000000	98996
82500000000	98836
82600000000	99393
82700000000	99566
82800000000	99643
82900000000	98754
83000000000	99208
83100000000	98868
83200000000	99132
83300000000	99216
83400000000	99308
83500000000	98760
83600000000	98864
83700000000	98999
83800000000	99427
83900000000	98986
84000000000	98969
84100000000	99182
84200000000	99319
84300000000	98978
84400000000	99416
84500000000	98805
84600000000	99394
84700000000	98581
84800000000	98908
84900000000	99536
85000000000	98995
85100000000	99132
85200000000	99403
85300000000	99180
85400000000	99451
85500000000	99429
85600000000	99409
85700000000	99124
85800000000	98824
85900000000	99511
86000000000	99139
86100000000	98969
86200000000	99097
86300000000	98944
86400000000	99063
86500000000	99127
86600000000	98605
86700000000	99445
86800000000	99499
86900000000	99581
87000000000	98871
87100000000	99796
87200000000	99656
87300000000	99103
87400000000	98303
87500000000	98638
87600000000	99356
87700000000	99240
87800000000	98963
87900000000	99116
88000000000	99666
88100000000	99519
88200000000	98381
88300000000	98668
88400000000	99497
88500000000	99073
88600000000	98910
88700000000	99027
88800000000	98854
88900000000	99832
89000000000	99269
89100000000	99826
89200000000	99220
89300000000	99609
89400000000	98833
89500000000	99164
89600000000	99228
89700000000	98904
89800000000	98883
89900000000	99074
90000000000	99208
90100000000	99286
90200000000	99147
90300000000	99655
90400000000	98834
90500000000	99241
90600000000	99085
90700000000	99123
90800000000	99837
90900000000	99043
91000000000	99562
91100000000	99412
91200000000	98998
91300000000	99137
91400000000	99051
91500000000	98800
91600000000	99465
91700000000	98956
91800000000	99297
91900000000	98943
92000000000	99456
92100000000	99471
92200000000	99149
92300000000	99259
92400000000	99301
92500000000	98834
92600000000	99301
92700000000	99199
92800000000	99103
92900000000	99065
93000000000	98817
93100000000	98634
93200000000	99346
93300000000	99037
93400000000	99270
93500000000	98355
93600000000	99486
93700000000	99020
93800000000	99071
93900000000	98596
94000000000	99034
94100000000	98727
94200000000	98396
94300000000	99648
94400000000	98900
94500000000	99479
94600000000	98977
94700000000	99222
94800000000	98812
94900000000	98833
95000000000	99164
95100000000	99256
95200000000	99145
95300000000	98905
95400000000	100142
95500000000	99274
95600000000	98676
95700000000	99570
95800000000	98641
95900000000	99214
96000000000	99001
96100000000	99496
96200000000	99324
96300000000	99458
96400000000	99020
96500000000	99552
96600000000	98889
96700000000	99048
96800000000	98923
96900000000	98997
97000000000	99249
97100000000	99728
97200000000	98921
97300000000	99417
97400000000	98892
97500000000	99025
97600000000	99420
97700000000	99818
97800000000	99342
97900000000	99907
98000000000	98810
98100000000	99407
98200000000	99245
98300000000	98939
98400000000	99210
98500000000	99036
98600000000	99416
98700000000	98911
98800000000	98685
98900000000	99152
99000000000	98761
99100000000	99372
99200000000	99699
99300000000	98773
99400000000	99149
99500000000	99203
99600000000	98878
99700000000	98935
99800000000	99346
99900000000	99185
