165.028 19.990
165.288 37.462
165.547 53.936
165.807 75.413
166.067 -3.108
166.327 -38.626
166.587 -31.142
166.847 61.344
167.107 121.832
167.367 159.323
167.627 131.816
167.886 125.311
168.146 98.808
168.406 169.308
168.666 189.809
168.926 114.313
169.186 94.819
169.446 78.327
169.706 3.836
169.966 0.348
170.225 63.863
170.485 101.379
170.745 107.897
171.005 242.416
171.265 133.938
171.525 72.462
171.785 4.988
172.045 16.515
172.305 175.045
172.564 106.576
172.824 15.109
173.084 120.644
173.344 95.180
173.604 125.719
173.864 137.259
174.124 96.800
174.384 82.344
174.644 140.889
174.903 237.435
175.163 217.984
175.423 217.534
175.683 78.085
175.943 114.638
176.203 108.193
176.463 81.749
176.723 44.306
176.983 99.865
177.242 134.426
177.502 228.988
177.762 234.551
178.022 78.115
178.282 69.682
178.542 86.249
178.802 69.818
179.062 36.388
179.322 207.959
179.581 231.531
179.841 132.105
180.101 184.680
180.361 179.257
180.621 145.834
180.881 107.413
181.141 93.992
181.401 134.573
181.661 143.155
181.920 231.738
182.180 165.322
182.440 62.908
182.700 56.494
182.960 83.081
183.220 108.669
183.480 288.258
183.740 181.848
184.000 45.439
184.259 3.031
184.519 132.624
184.779 146.218
185.039 165.813
185.299 231.408
185.559 219.004
185.819 241.601
186.079 208.199
186.339 120.798
186.598 89.397
186.858 13.997
187.118 56.598
187.378 164.200
187.638 121.802
187.898 225.405
188.158 282.008
188.418 107.612
188.678 82.217
188.937 108.822
189.197 160.428
189.457 180.035
189.717 131.641
189.977 66.249
190.237 91.857
190.497 198.465
190.757 160.074
191.017 106.684
191.276 55.294
191.536 137.904
191.796 112.515
192.056 107.126
192.316 151.737
192.576 126.349
192.836 107.961
193.096 121.574
193.356 108.186
193.616 127.799
193.875 94.413
194.135 114.026
194.395 237.640
194.655 227.254
194.915 178.869
195.175 139.483
195.435 230.098
195.695 101.713
195.955 -27.672
196.214 115.943
196.474 182.558
196.734 120.174
196.994 148.789
197.254 191.405
197.514 156.021
197.774 142.636
198.034 96.252
198.294 83.868
198.553 161.484
198.813 160.100
199.073 70.716
199.333 108.332
199.593 242.947
199.853 245.563
200.113 317.179
200.373 275.794
200.633 65.410
200.892 52.025
201.152 58.641
201.412 90.256
201.672 198.871
201.932 390.486
202.192 350.101
202.452 162.715
202.712 167.330
202.972 223.944
203.231 269.558
203.491 247.172
203.751 198.785
204.011 194.399
204.271 233.012
204.531 108.624
204.791 137.237
205.051 162.849
205.311 172.461
205.570 118.073
205.830 139.684
206.090 98.295
206.350 144.906
206.610 367.516
206.870 227.126
207.130 157.735
207.390 196.345
207.650 163.953
207.909 161.562
208.169 225.170
208.429 196.777
208.689 74.384
208.949 176.991
209.209 244.597
209.469 124.203
209.729 127.808
209.989 160.413
210.248 51.017
210.508 272.621
210.768 275.224
211.028 129.827
211.288 178.429
211.548 173.031
211.808 220.632
212.068 336.233
212.328 325.833
212.587 317.432
212.847 234.031
213.107 237.630
213.367 217.227
213.627 216.824
213.887 204.421
214.147 153.017
214.407 208.612
214.667 161.207
214.926 272.801
215.186 252.394
215.446 253.987
215.706 194.579
215.966 152.171
216.226 188.761
216.486 170.351
216.746 212.941
217.006 233.529
217.265 174.117
217.525 175.705
217.785 226.291
218.045 206.877
218.305 123.462
218.565 133.046
218.825 170.630
219.085 250.213
219.345 133.795
219.604 111.376
219.864 249.957
220.124 258.537
220.384 211.116
220.644 214.694
220.904 149.272
221.164 153.848
221.424 171.424
221.684 146.999
221.943 223.574
222.203 298.147
222.463 224.720
222.723 128.292
222.983 190.863
223.243 160.433
223.503 200.002
223.763 175.571
224.023 147.138
224.282 208.705
224.542 216.271
224.802 233.836
225.062 238.400
225.322 321.963
225.582 285.526
225.842 250.087
226.102 259.648
226.362 225.208
226.621 291.767
226.881 238.325
227.141 211.882
227.401 285.438
227.661 228.993
227.921 350.548
228.181 264.101
228.441 231.654
228.701 406.205
228.960 375.756
229.220 224.306
229.480 164.855
229.740 268.403
230.000 329.949
230.260 230.496
230.520 204.041
230.780 227.585
231.040 233.128
231.299 212.670
231.559 255.211
231.819 222.752
232.079 290.291
232.339 313.829
232.599 186.367
232.859 256.903
233.119 334.438
233.379 220.973
233.638 237.506
233.898 310.039
234.158 266.570
234.418 187.101
234.678 273.631
234.938 313.159
235.198 198.687
235.458 145.213
235.718 207.739
235.978 196.263
236.237 236.787
236.497 249.310
236.757 296.831
237.017 262.352
237.277 234.871
237.537 238.390
237.797 152.907
238.057 230.424
238.317 210.939
238.576 113.454
238.836 169.967
239.096 255.480
239.356 211.991
239.616 221.502
239.876 277.011
240.136 208.519
240.396 288.027
240.656 326.533
240.915 299.038
241.175 240.543
241.435 142.046
241.695 298.548
241.955 424.049
242.215 407.549
242.475 371.048
242.735 221.546
242.995 237.043
243.254 263.539
243.514 239.034
243.774 146.528
244.034 222.021
244.294 422.513
244.554 345.004
244.814 277.494
245.074 200.982
245.334 161.470
245.593 218.957
245.853 222.442
246.113 166.927
246.373 315.411
246.633 350.893
246.893 276.374
247.153 275.855
247.413 286.334
247.673 226.813
247.932 216.290
248.192 267.766
248.452 367.241
248.712 314.715
248.972 169.188
249.232 302.661
249.492 256.132
249.752 160.602
250.012 281.070
250.271 243.538
250.531 264.005
250.791 429.471
251.051 426.936
251.311 284.400
251.571 150.862
251.831 301.324
252.091 350.784
252.351 252.244
252.610 216.703
252.870 294.160
253.130 281.616
253.390 256.072
253.650 347.526
253.911 358.980
254.172 317.432
254.433 273.883
254.694 215.333
254.955 291.782
255.216 242.231
255.477 348.678
255.738 365.124
255.999 243.569
256.261 334.013
256.522 337.456
256.783 355.898
257.044 216.339
257.305 152.779
257.566 154.217
257.827 141.655
258.088 233.092
258.349 217.528
258.610 300.963
258.871 307.396
259.132 399.829
259.393 298.261
259.654 183.691
259.915 139.121
260.176 228.550
260.437 305.977
260.698 268.404
260.959 248.830
261.221 302.254
261.482 345.678
261.743 356.100
262.004 324.522
262.265 354.942
262.526 338.362
262.787 248.780
263.048 228.198
263.309 275.614
263.570 400.030
263.831 371.444
264.092 283.858
264.353 165.270
264.614 398.682
264.875 400.092
265.136 295.502
265.397 451.910
265.658 519.318
265.919 513.724
266.181 438.130
266.442 312.534
266.703 234.938
266.964 231.340
267.225 199.742
267.486 232.143
267.747 308.542
268.008 339.941
268.269 366.339
268.530 397.735
268.791 348.131
269.052 332.526
269.313 318.919
269.574 328.312
269.835 287.704
270.096 262.095
270.357 330.485
270.618 341.874
270.879 292.262
271.141 329.648
271.402 320.035
271.663 220.420
271.924 319.804
272.185 351.187
272.446 344.569
272.707 292.950
272.968 282.331
273.229 275.710
273.490 315.088
273.751 310.466
274.012 271.842
274.273 368.218
274.534 320.592
274.795 345.966
275.056 378.339
275.317 269.711
275.578 215.081
275.839 219.451
276.101 233.820
276.362 270.189
276.623 283.556
276.884 318.922
277.145 378.287
277.406 362.652
277.667 276.015
277.928 242.378
278.189 352.739
278.450 350.100
278.711 320.460
278.972 333.819
279.233 280.177
279.494 322.534
279.755 416.890
280.016 430.245
280.277 312.599
280.538 355.953
280.799 306.305
281.061 306.657
281.322 287.008
281.583 292.358
281.844 227.707
282.105 195.055
282.366 291.402
282.627 279.748
282.888 345.094
283.149 385.438
283.410 289.782
283.671 307.125
283.932 316.467
284.193 177.808
284.454 216.148
284.715 330.487
284.976 289.826
285.237 332.163
285.498 480.500
285.759 426.836
286.021 398.171
286.282 374.505
286.543 394.838
286.804 316.171
287.065 337.502
287.326 437.833
287.587 277.163
287.848 326.492
288.109 387.820
288.370 355.147
288.631 250.474
288.892 248.800
289.153 267.124
289.414 209.448
289.675 360.772
289.936 499.094
290.197 427.415
290.458 349.736
290.719 277.056
290.981 409.375
291.242 495.693
291.503 457.010
291.764 288.327
292.025 199.643
292.286 261.957
292.547 344.272
292.808 309.585
293.069 372.897
293.330 343.209
293.591 326.520
293.852 300.830
294.113 200.139
294.374 212.448
294.635 278.755
294.896 357.062
295.157 385.368
295.418 352.673
295.679 364.978
295.941 347.282
296.202 332.585
296.463 240.887
296.724 337.188
296.985 444.489
297.246 445.788
297.507 292.087
297.768 281.386
298.029 397.683
298.290 474.980
298.551 495.276
298.812 540.571
299.073 323.865
299.334 264.159
299.595 354.452
299.856 398.744
300.117 508.035
300.378 433.326
300.639 243.616
300.901 248.905
301.162 370.193
301.423 395.481
301.684 463.768
301.945 475.054
302.206 339.339
302.467 363.624
302.728 353.908
302.989 406.191
303.250 428.473
303.511 459.755
303.772 458.036
304.033 386.316
304.294 370.596
304.555 315.874
304.816 407.153
305.077 424.430
305.338 324.706
305.599 308.982
305.861 332.258
306.122 431.532
306.383 375.806
306.644 344.079
306.905 247.351
307.166 339.623
307.427 384.894
307.688 382.164
307.949 363.434
308.210 344.702
308.471 371.971
308.732 317.238
308.993 245.505
309.254 285.771
309.515 245.036
309.776 358.301
310.037 353.565
310.298 251.828
310.559 303.091
310.821 372.353
311.082 392.614
311.343 287.875
311.604 269.135
311.865 289.394
312.126 269.652
312.387 296.910
312.648 328.168
312.909 365.424
313.170 393.680
313.434 400.935
313.698 302.190
313.963 316.444
314.227 300.697
314.491 333.950
314.755 384.202
315.019 367.453
315.284 237.704
315.548 352.954
315.812 331.203
316.076 402.452
316.340 415.700
316.604 408.947
316.869 468.194
317.133 411.440
317.397 429.686
317.661 440.931
317.925 350.175
318.190 348.419
318.454 335.662
318.718 279.904
318.982 393.146
319.246 468.387
319.511 542.627
319.775 368.867
320.039 368.107
320.303 373.345
320.567 409.583
320.832 429.821
321.096 313.057
321.360 391.294
321.624 362.529
321.888 305.764
322.153 323.999
322.417 260.232
322.681 253.466
322.945 388.698
323.209 405.930
323.473 303.162
323.738 348.392
324.002 355.623
324.266 384.852
324.530 414.081
324.794 348.310
325.059 312.538
325.323 302.765
325.587 384.991
325.851 316.218
326.115 468.443
326.380 405.668
326.644 351.892
326.908 376.116
327.172 378.339
327.436 349.562
327.701 322.784
327.965 348.006
328.229 417.227
328.493 314.447
328.757 278.667
329.022 391.886
329.286 298.105
329.550 310.323
329.814 379.540
330.078 362.757
330.342 354.974
330.607 351.190
330.871 365.405
331.135 445.620
331.399 445.834
331.663 368.048
331.928 363.261
332.192 367.474
332.456 393.686
332.720 468.897
332.984 411.108
333.249 415.319
333.513 328.529
333.777 261.738
334.041 265.947
334.305 392.155
334.570 444.363
334.834 327.571
335.098 419.777
335.362 491.984
335.626 490.189
335.891 409.394
336.155 362.599
336.419 354.803
336.683 250.007
336.947 320.210
337.211 344.413
337.476 331.615
337.740 364.816
338.004 349.017
338.268 330.218
338.532 405.418
338.797 392.617
339.061 404.816
339.325 452.015
339.589 502.213
339.853 389.411
340.118 307.608
340.382 423.804
340.646 517.000
340.910 340.196
341.174 340.391
341.439 342.585
341.703 370.779
341.967 324.973
342.231 292.166
342.495 269.359
342.759 385.551
343.024 417.742
343.288 510.934
343.552 445.124
343.816 219.315
344.080 264.504
344.345 375.693
344.609 289.882
344.873 239.071
345.137 396.258
345.401 438.446
345.666 285.633
345.930 385.819
346.194 438.005
346.458 332.191
346.722 322.376
346.987 310.560
347.251 419.744
347.515 522.928
347.779 379.111
348.043 369.294
348.308 412.476
348.572 292.658
348.836 233.839
349.100 304.020
349.364 238.201
349.628 241.381
349.893 338.560
350.157 412.739
350.421 412.918
350.685 424.096
350.949 336.274
351.214 284.451
351.478 351.628
351.742 347.805
352.006 387.981
352.270 343.156
352.535 263.331
352.799 304.506
353.063 380.680
353.327 316.854
353.591 253.028
353.856 327.201
354.120 375.373
354.384 454.545
354.648 499.717
354.912 470.888
355.177 353.059
355.441 313.230
355.705 532.400
355.969 514.569
356.233 388.738
356.497 426.907
356.762 437.076
357.026 375.243
357.290 345.411
357.554 337.578
357.818 377.745
358.083 349.911
358.347 329.077
358.611 330.242
358.875 378.407
359.139 403.572
359.404 337.736
359.668 387.900
359.932 503.064
360.196 526.227
360.460 414.389
360.725 395.552
360.989 395.714
361.253 449.875
361.517 429.036
361.781 464.197
362.046 486.357
362.310 478.517
362.574 520.676
362.838 393.836
363.102 373.994
363.366 431.153
363.631 332.311
363.895 330.468
364.159 457.625
364.423 406.782
364.687 428.939
364.952 518.095
365.216 512.250
365.480 370.405
365.747 296.560
366.013 367.715
366.280 338.869
366.546 412.023
366.813 398.176
367.079 407.329
367.346 448.482
367.612 418.634
367.879 454.786
368.145 492.938
368.412 396.089
368.678 357.240
368.945 434.390
369.211 420.540
369.478 454.690
369.744 371.839
370.011 380.989
370.278 405.137
370.544 352.285
370.811 353.433
371.077 396.581
371.344 357.728
371.610 404.875
371.877 374.022
372.143 410.168
372.410 446.314
372.676 513.459
372.943 554.604
373.209 478.749
373.476 367.893
373.742 293.038
374.009 379.181
374.276 410.325
374.542 401.468
374.809 358.610
375.075 261.753
375.342 227.895
375.608 283.037
375.875 273.178
376.141 420.319
376.408 392.460
376.674 386.600
376.941 387.740
377.207 379.880
377.474 666.019
377.740 623.158
378.007 383.297
378.273 379.435
378.540 468.573
378.807 386.711
379.073 281.848
379.340 264.985
379.606 347.122
379.873 374.258
380.139 412.395
380.406 457.530
380.672 347.666
380.939 307.801
381.205 352.936
381.472 303.070
381.738 259.204
382.005 391.338
382.271 376.472
382.538 372.605
382.804 505.738
383.071 438.870
383.338 416.003
383.604 436.135
383.871 502.266
384.137 495.398
384.404 392.529
384.670 366.659
384.937 319.790
385.203 403.920
385.470 399.050
385.736 368.179
386.003 372.309
386.269 390.437
386.536 342.566
386.802 371.694
387.069 461.822
387.336 571.950
387.602 514.077
387.869 338.205
388.135 323.331
388.402 261.458
388.668 306.584
388.935 456.710
389.201 557.836
389.468 546.961
389.734 534.086
390.001 486.211
390.267 411.335
390.534 452.460
390.800 433.583
391.067 430.707
391.333 452.830
391.600 369.953
391.867 383.076
392.133 476.199
392.400 407.321
392.666 258.443
392.933 428.564
393.199 478.686
393.466 340.807
393.732 362.928
393.999 454.048
394.265 417.168
394.532 325.288
394.798 424.408
395.065 409.527
395.331 393.646
395.598 447.765
395.864 436.884
396.131 415.002
396.398 424.120
396.664 473.238
396.931 490.355
397.197 532.473
397.464 460.590
397.730 541.706
397.997 520.823
398.263 433.939
398.530 415.055
398.796 519.170
399.063 520.286
399.329 435.401
399.596 569.516
399.862 527.630
400.129 547.745
400.396 625.859
400.662 471.972
400.929 395.086
401.195 483.199
401.462 581.312
401.728 629.425
401.995 639.537
402.261 558.650
402.528 593.762
402.794 656.873
403.061 807.985
403.327 1000.096
403.594 919.207
403.860 877.318
404.127 903.428
404.393 1132.539
404.660 1310.649
404.931 1439.758
405.202 1444.868
405.473 1426.977
405.745 1637.086
406.016 1840.195
406.287 1824.303
406.558 1897.412
406.829 2063.520
407.100 2027.627
407.371 2304.735
407.642 2379.842
407.914 2350.949
408.185 2267.056
408.456 2273.163
408.727 2500.269
408.998 2613.375
409.269 2807.481
409.540 2937.587
409.811 2655.692
410.083 2600.797
410.354 2582.902
410.625 2473.007
410.896 2445.111
411.167 2434.215
411.438 2321.319
411.709 2056.423
411.981 2095.527
412.252 1899.630
412.523 1749.733
412.794 1844.836
413.065 1764.938
413.336 1542.041
413.607 1493.143
413.878 1430.245
414.150 1369.346
414.421 1205.448
414.692 1122.549
414.963 1022.650
415.234 1107.751
415.505 1118.852
415.776 1073.952
416.047 1015.052
416.319 908.152
416.590 745.252
416.861 575.351
417.132 665.450
417.403 705.549
417.674 638.648
417.945 552.747
418.217 517.845
418.488 611.943
418.759 524.041
419.030 447.139
419.301 454.237
419.572 462.334
419.843 482.431
420.114 429.528
420.386 392.624
420.657 505.721
420.928 490.817
421.199 448.913
421.470 401.009
421.741 297.105
422.012 335.200
422.283 389.295
422.555 384.390
422.826 425.485
423.097 448.580
423.368 417.674
423.639 320.768
423.910 436.862
424.181 399.956
424.453 313.049
424.724 547.143
424.995 653.236
425.266 482.329
425.537 421.422
425.808 533.514
426.079 514.606
426.350 458.699
426.622 439.790
426.893 479.882
427.164 435.974
427.435 405.065
427.706 406.156
427.977 382.247
428.248 355.338
428.519 418.429
428.791 376.519
429.062 451.609
429.333 342.699
429.604 295.789
429.875 426.878
430.146 492.968
430.417 503.057
430.689 456.146
430.960 329.235
431.231 334.324
431.502 492.412
431.773 518.500
432.044 406.588
432.315 495.676
432.586 527.764
432.858 539.851
433.129 381.939
433.400 426.026
433.671 496.113
433.942 419.199
434.213 332.286
434.484 382.372
434.755 426.459
435.027 342.545
435.298 443.631
435.569 508.716
435.840 378.802
436.116 372.887
436.391 449.972
436.667 484.057
436.942 579.142
437.218 555.226
437.493 501.311
437.769 579.395
438.045 511.479
438.320 457.563
438.596 522.646
438.871 475.730
439.147 425.813
439.422 369.896
439.698 342.979
439.974 366.062
440.249 508.145
440.525 576.227
440.800 358.310
441.076 418.392
441.351 596.474
441.627 608.555
441.903 544.637
442.178 429.718
442.454 447.800
442.729 597.881
443.005 486.962
443.281 549.042
443.556 612.123
443.832 508.203
444.107 481.284
444.383 477.364
444.658 470.444
444.934 395.523
445.210 559.603
445.485 610.682
445.761 614.762
446.036 553.841
446.312 545.919
446.587 602.998
446.863 415.077
447.139 446.155
447.414 481.233
447.690 510.312
447.965 591.390
448.241 544.467
448.516 545.545
448.792 541.622
449.068 509.700
449.343 513.777
449.619 423.854
449.894 458.931
450.170 469.007
450.445 609.084
450.721 625.160
450.997 401.236
451.272 521.312
451.548 522.388
451.823 432.464
452.099 524.539
452.375 418.615
452.650 420.690
452.926 507.765
453.201 543.840
453.477 699.915
453.752 612.989
454.028 506.064
454.304 561.138
454.579 581.212
454.855 589.286
455.130 623.360
455.406 738.434
455.681 679.507
455.957 616.581
456.233 546.654
456.508 539.727
456.784 565.800
457.059 539.873
457.335 644.946
457.610 568.018
457.886 520.091
458.162 475.163
458.437 471.235
458.713 568.307
458.988 556.379
459.264 574.450
459.539 593.522
459.815 563.593
460.091 495.664
460.366 429.735
460.642 399.806
460.917 476.877
461.193 523.948
461.468 511.018
461.744 458.088
462.020 447.159
462.295 457.229
462.571 452.299
462.846 465.368
463.122 595.438
463.397 611.508
463.673 517.060
463.949 482.164
464.224 476.239
464.500 518.266
464.775 410.853
465.051 420.081
465.327 503.487
465.602 548.961
465.878 490.636
466.153 376.442
466.429 546.716
466.704 741.847
466.980 653.398
467.256 648.466
467.531 646.180
467.807 614.830
468.082 570.810
468.358 512.247
468.633 567.070
468.909 533.001
469.185 467.272
469.460 520.122
469.736 598.256
470.011 462.371
470.287 465.996
470.562 586.962
470.838 464.513
471.114 554.947
471.389 527.741
471.665 456.551
471.940 535.015
472.216 525.971
472.491 444.503
472.767 446.034
473.043 608.372
473.318 658.133
473.594 511.162
473.869 503.609
474.145 476.208
474.421 416.253
474.696 391.903
474.972 414.770
475.247 478.459
475.523 573.760
475.798 537.712
476.074 506.679
476.350 532.202
476.625 533.828
476.901 574.667
477.176 593.494
477.452 497.329
477.727 499.427
478.003 336.382
478.279 465.510
478.554 556.021
478.830 550.546
479.105 587.054
479.381 539.869
479.656 466.909
479.932 496.894
480.208 560.218
480.483 556.680
480.759 570.898
481.034 502.707
481.310 475.496
481.585 449.397
481.861 513.974
482.137 451.081
482.412 454.712
482.688 491.008
482.963 564.799
483.239 588.342
483.514 405.035
483.790 488.285
484.066 645.700
484.341 522.360
484.617 456.097
484.892 521.915
485.168 531.924
485.443 460.878
485.719 448.014
485.995 518.613
486.270 543.925
486.546 470.702
486.821 438.119
487.097 405.723
487.373 461.593
487.648 604.443
487.924 550.809
488.199 390.207
488.475 284.174
488.750 309.163
489.026 414.529
489.302 417.529
489.577 410.314
489.853 452.084
490.128 579.466
490.404 486.979
490.679 388.209
490.955 533.535
491.231 636.230
491.506 588.963
491.782 463.249
492.057 420.777
492.333 510.852
492.608 454.156
492.884 483.565
493.160 379.902
493.435 370.898
493.711 455.267
493.986 395.130
494.262 408.317
494.537 392.686
494.813 513.832
495.089 393.567
495.364 409.338
495.640 430.021
495.915 403.553
496.191 574.677
496.467 537.859
496.742 478.800
497.018 480.786
497.293 412.726
497.569 468.523
497.844 471.485
498.120 552.727
498.396 504.275
498.671 446.239
498.947 518.786
499.222 480.587
499.498 420.423
499.773 475.203
500.049 563.940
500.325 512.661
500.600 507.739
500.876 464.257
501.151 563.537
501.427 564.156
501.702 604.977
501.978 601.010
502.254 599.253
502.529 512.184
502.805 642.662
503.080 701.831
503.356 556.275
503.631 542.748
503.907 565.155
504.183 553.062
504.458 604.734
504.734 592.042
505.009 642.651
505.285 578.576
505.560 556.810
505.836 547.304
506.112 549.381
506.387 473.522
506.663 454.895
506.938 380.123
507.214 451.965
507.490 510.146
507.765 477.392
508.041 551.106
508.316 589.502
508.592 543.049
508.867 556.638
509.143 565.174
509.419 548.139
509.694 496.940
509.970 481.945
510.245 446.996
510.521 554.599
510.796 510.139
511.072 424.275
511.348 448.404
511.623 465.402
511.899 437.225
512.174 511.318
512.450 551.535
512.725 494.044
513.001 436.120
513.277 388.212
513.552 548.561
513.828 523.858
514.103 468.218
514.379 579.181
514.654 484.585
514.930 516.097
515.206 785.511
515.481 683.497
515.757 518.641
516.032 503.503
516.308 597.294
516.583 637.733
516.859 549.878
517.135 601.531
517.410 686.900
517.686 729.706
517.961 738.499
518.237 779.790
518.513 753.156
518.788 939.127
519.064 999.136
519.339 922.852
519.615 902.702
519.890 984.808
520.166 1046.525
520.442 1166.834
520.717 1244.838
520.993 1294.252
521.268 1184.293
521.544 1228.611
521.819 1109.100
522.095 1122.475
522.371 1207.733
522.646 1191.478
522.922 1280.419
523.197 1255.559
523.473 1339.569
523.748 1254.446
524.024 1181.762
524.300 1155.011
524.575 1107.208
524.851 1126.391
525.126 1099.544
525.402 1126.477
525.677 1217.430
525.953 1104.454
526.229 1046.180
526.504 1059.665
526.780 1213.570
527.055 1144.918
527.331 1116.253
527.606 1177.710
527.882 1174.711
528.158 1057.105
528.433 1102.363
528.709 1006.436
528.984 999.761
529.260 993.072
529.535 1012.334
529.811 867.323
530.087 739.102
530.362 753.344
530.638 888.369
530.913 959.555
531.189 880.408
531.465 782.960
531.740 753.807
532.016 773.920
532.291 729.475
532.567 777.442
532.842 765.856
533.118 741.422
533.394 778.106
533.669 661.958
533.945 601.688
534.220 616.321
534.496 750.361
534.771 682.908
535.047 703.128
535.323 707.762
535.598 794.918
535.874 979.330
536.149 1175.832
536.425 1334.558
536.700 1655.539
536.976 2009.806
537.252 2461.280
537.527 2704.407
537.803 2981.462
538.078 3392.498
538.354 3726.855
538.629 3986.470
538.905 4219.779
539.181 4377.058
539.456 4455.994
539.732 4778.301
540.007 4933.327
540.283 4906.622
540.558 4819.885
540.834 4866.058
541.110 4991.708
541.385 4982.838
541.661 4988.819
541.936 5040.384
542.212 5023.576
542.488 5005.777
542.763 4969.147
543.039 4864.990
543.314 4842.213
543.590 4761.659
543.865 4771.630
544.141 4638.601
544.417 4549.267
544.692 4515.543
544.968 4585.096
545.243 4450.529
545.519 4212.782
545.794 4306.473
546.070 4476.492
546.348 4396.409
546.627 4174.384
546.905 4462.159
547.183 4552.641
547.461 4684.756
547.740 4902.273
548.018 4951.916
548.296 4897.385
548.575 4992.757
548.853 5224.176
549.131 5366.221
549.409 5540.499
549.688 5809.387
549.966 5791.568
550.244 6024.742
550.523 6000.970
550.801 6111.898
551.079 6193.922
551.357 6282.981
551.636 6157.245
551.914 6095.829
552.192 6080.088
552.471 6183.857
552.749 6216.045
553.027 6199.137
553.306 6491.014
553.584 6773.254
553.862 6976.854
554.140 7155.673
554.419 7147.417
554.697 7230.706
554.975 7402.728
555.254 7412.146
555.532 7308.265
555.810 7233.854
556.088 7225.646
556.367 6969.596
556.645 6652.542
556.923 6478.453
557.202 6114.565
557.480 5668.858
557.758 5076.587
558.036 4669.251
558.315 4358.214
558.593 4083.322
558.871 3697.104
559.150 3357.628
559.428 3098.631
559.706 2820.501
559.984 2648.895
560.263 2578.873
560.541 2271.730
560.819 2018.655
561.098 1884.039
561.376 1739.843
561.654 1514.878
561.932 1284.417
562.211 1277.181
562.489 1234.948
562.767 1132.070
563.046 1012.154
563.324 899.893
563.602 871.013
563.880 861.574
564.159 873.124
564.437 870.404
564.715 791.619
564.994 710.079
565.272 773.452
565.550 735.352
565.828 648.760
566.107 660.636
566.385 666.742
566.663 588.401
566.942 611.094
567.220 628.418
567.498 755.018
567.776 635.820
568.055 552.200
568.333 657.041
568.611 676.645
568.890 609.241
569.168 588.249
569.446 657.450
569.725 635.261
570.003 485.536
570.281 428.012
570.559 532.494
570.838 610.487
571.116 656.654
571.394 638.276
571.673 644.748
571.951 621.135
572.229 564.857
572.507 603.340
572.786 659.407
573.064 631.845
573.342 575.402
573.621 516.070
573.899 577.566
574.177 738.319
574.455 650.120
574.734 537.286
575.012 576.457
575.290 614.273
575.569 668.829
575.847 687.183
576.125 646.980
576.403 585.762
576.682 596.203
576.960 619.085
577.243 664.768
577.527 560.037
577.810 479.281
578.093 508.386
578.377 539.067
578.660 592.459
578.944 596.444
579.227 527.360
579.510 531.879
579.794 506.646
580.077 519.060
580.360 551.353
580.644 542.002
580.927 559.471
581.210 583.360
581.494 505.869
581.777 551.169
582.061 539.797
582.344 528.403
582.627 501.516
582.911 501.548
583.194 513.058
583.477 577.960
583.761 611.924
584.044 640.898
584.327 618.593
584.611 524.718
584.894 538.736
585.178 494.811
585.461 455.882
585.744 548.820
586.028 500.400
586.311 517.431
586.594 548.463
586.878 530.494
587.161 511.525
587.444 558.556
587.728 583.587
588.011 588.618
588.295 475.649
588.578 541.139
588.861 659.052
589.145 593.742
589.428 563.336
589.711 493.803
589.995 489.344
590.278 606.258
590.562 534.895
590.845 522.403
591.128 706.543
591.412 612.761
591.695 536.480
591.978 662.722
592.262 613.464
592.545 457.734
592.828 583.970
593.112 516.618
593.395 509.669
593.679 526.123
593.962 584.918
594.245 541.580
594.529 516.734
594.812 428.775
595.095 376.495
595.379 568.428
595.662 626.677
595.945 479.113
596.229 454.857
596.512 474.778
596.796 507.983
597.079 558.995
597.362 644.172
597.646 660.379
597.929 512.040
598.212 536.267
598.496 577.798
598.779 612.794
599.062 651.322
599.346 573.365
599.629 524.505
599.913 534.854
600.196 623.552
600.479 586.550
600.763 502.427
601.046 442.470
601.329 518.721
601.613 592.969
601.896 559.566
602.179 618.966
602.463 557.108
602.746 577.764
603.030 625.926
603.313 597.862
603.596 499.754
603.880 506.155
604.163 520.888
604.446 470.455
604.730 424.449
605.013 527.780
605.296 582.193
605.580 518.558
605.863 515.647
606.147 439.279
606.430 482.401
606.713 557.299
606.997 505.962
607.280 641.502
607.563 540.746
607.847 511.897
608.130 590.302
608.414 646.503
608.697 612.283
608.980 590.383
609.264 648.832
609.547 509.144
609.830 531.698
610.114 562.087
610.397 544.484
610.680 517.560
610.964 558.797
611.247 583.334
611.531 481.872
611.814 373.950
612.097 420.100
612.381 510.891
612.664 591.890
612.947 545.793
613.231 469.274
613.514 484.496
613.797 558.196
614.081 534.647
614.364 509.133
614.648 463.973
614.931 443.370
615.214 402.139
615.498 489.090
615.781 544.716
616.064 432.537
616.348 535.909
616.631 591.636
616.914 574.347
617.198 540.456
617.481 506.000
617.765 533.152
618.048 531.730
618.331 484.372
618.615 442.386
618.898 565.930
619.181 586.707
619.465 506.205
619.748 475.568
620.031 438.441
620.315 379.436
620.598 471.108
620.882 554.025
621.165 734.522
621.448 689.816
621.732 600.975
622.015 476.623
622.298 463.641
622.582 506.045
622.865 537.545
623.148 486.622
623.432 571.706
623.715 516.676
623.999 630.075
624.282 601.617
624.565 640.076
624.849 483.160
625.132 432.748
625.415 643.459
625.699 679.452
625.982 589.669
626.265 537.297
626.549 536.780
626.832 659.028
627.116 639.861
627.399 469.179
627.682 961.202
627.966 765.899
628.249 492.517
628.532 519.183
628.816 615.458
629.099 595.828
629.383 567.229
629.666 520.166
629.949 459.871
630.233 482.838
630.516 523.052
630.799 533.911
631.083 493.895
631.366 466.372
631.649 430.253
631.933 395.575
632.216 460.397
632.500 515.999
632.783 546.559
633.066 550.368
633.350 558.458
633.633 605.239
633.916 585.627
634.200 523.563
634.483 532.663
634.766 619.985
635.050 573.475
635.333 509.203
635.617 514.906
635.900 599.261
636.183 649.238
636.467 589.100
636.750 632.351
637.033 669.166
637.317 660.714
637.600 661.055
637.883 632.288
638.167 671.117
638.450 621.193
638.734 597.807
639.017 667.117
639.300 679.311
639.584 687.117
639.867 835.876
640.150 819.060
640.434 802.243
640.717 806.188
641.000 808.079
641.284 909.035
641.567 865.941
641.851 836.335
642.134 971.691
642.417 1037.159
642.701 1116.729
642.984 1217.576
643.267 1227.369
643.551 1156.229
643.834 1208.881
644.117 1389.418
644.401 1499.458
644.684 1669.114
644.968 1942.692
645.251 2073.161
645.534 2166.053
645.818 2385.587
646.101 2798.176
646.384 3073.315
646.668 3314.651
646.951 3659.273
647.235 4070.628
647.518 4373.281
647.801 4747.362
648.085 5223.677
648.368 5612.066
648.651 5861.147
648.935 6182.941
649.218 6680.137
649.501 7045.549
649.785 7453.248
650.068 8206.955
650.352 8735.972
650.635 9396.424
650.918 9909.592
651.202 10732.885
651.485 11454.399
651.768 12064.168
652.052 12499.072
652.335 12934.621
652.618 13394.427
652.902 14037.997
653.185 14456.360
653.469 14454.282
653.752 14436.261
654.035 14611.340
654.319 14723.445
654.602 14485.081
654.885 14399.946
655.169 14408.415
655.452 14141.524
655.735 14158.903
656.019 14236.701
656.302 14453.585
656.586 14584.122
656.869 14725.896
657.152 14658.234
657.436 14590.893
657.719 14622.696
658.002 14911.182
658.286 14787.882
658.569 14588.677
658.852 14657.594
659.136 14719.864
659.419 14413.287
659.703 14313.816
659.986 14476.274
660.269 14693.948
660.553 14367.045
660.836 14242.066
661.119 14193.307
661.403 14114.292
661.686 13817.148
661.969 13649.315
662.253 13399.693
662.536 13200.527
662.820 12994.259
663.103 12621.055
663.386 12272.192
663.670 11932.456
663.953 11405.286
664.236 11200.044
664.520 10702.598
664.803 10297.350
665.086 9833.507
665.370 9473.684
665.653 9043.107
665.937 8572.583
666.220 8160.839
666.503 7647.675
666.787 7052.361
667.070 6663.261
667.353 6315.721
667.637 5808.001
667.920 5634.594
668.204 5132.991
668.487 4637.589
668.770 4412.190
669.054 3974.329
669.337 3667.493
669.620 3396.362
669.904 3157.690
670.187 2865.312
670.470 2834.583
670.754 2610.114
671.037 2335.308
671.321 2210.369
671.604 2306.719
671.887 2165.805
672.171 1968.282
672.454 1957.087
672.737 1874.027
673.021 1702.636
673.304 1654.097
673.587 1715.719
673.871 1635.936
674.154 1603.850
674.438 1546.936
674.721 1457.542
675.004 1403.507
675.288 1299.617
675.571 1251.542
675.854 1179.472
676.138 1130.192
676.421 1078.747
676.704 1019.964
676.988 1081.883
677.271 1165.666
677.555 1072.786
677.838 989.042
678.121 960.147
678.405 888.656
678.688 930.084
678.971 802.365
679.255 941.389
679.538 987.053
679.821 934.168
680.105 825.085
680.388 711.917
680.672 704.361
680.955 698.144
681.238 664.551
681.522 636.853
681.805 698.302
682.088 789.261
682.372 852.668
682.655 703.265
682.938 726.249
683.222 745.058
683.505 701.969
683.789 741.696
684.072 713.503
684.355 729.479
684.639 759.770
684.922 712.816
685.205 670.038
685.489 736.864
685.772 789.900
686.056 803.298
686.339 819.008
686.622 682.662
686.906 718.172
687.189 865.372
687.472 991.697
687.756 866.594
688.039 776.704
688.322 810.126
688.606 924.968
688.889 896.803
689.173 874.901
689.456 981.392
689.739 989.762
690.023 948.082
690.306 955.400
690.589 963.799
690.873 1005.479
691.156 1019.025
691.439 953.487
691.723 862.975
692.006 927.435
692.290 923.446
692.573 938.082
692.856 972.426
693.140 945.502
693.423 871.043
693.706 746.575
693.990 813.302
694.273 887.894
694.556 992.259
694.840 1103.947
695.123 1082.164
695.407 1129.569
695.690 1069.588
695.973 1128.441
696.257 1239.552
696.540 1355.579
696.830 1368.593
697.120 1358.333
697.410 1339.503
697.699 1281.737
697.989 1451.548
698.279 1386.388
698.569 1258.961
698.859 1244.635
699.149 1162.353
699.439 1054.953
699.729 974.302
700.018 875.340
700.308 927.473
700.598 814.341
700.888 682.810
701.178 780.612
701.468 659.148
701.758 608.852
702.048 686.823
702.337 595.522
702.627 650.846
702.917 560.046
703.207 537.788
703.497 595.614
703.787 506.590
704.077 577.540
704.366 610.534
704.656 485.565
704.946 428.126
705.236 422.720
705.526 584.989
705.816 671.833
706.106 436.883
706.396 497.221
706.685 510.653
706.975 412.357
707.265 398.673
707.555 504.744
707.845 493.850
708.135 420.526
708.425 378.782
708.715 396.978
709.004 550.752
709.294 524.089
709.584 505.320
709.874 508.295
710.164 525.077
710.454 526.131
710.744 521.679
711.034 528.084
711.323 526.077
711.613 482.786
711.903 531.492
712.193 606.237
712.483 494.159
712.773 445.994
713.063 402.937
713.352 453.094
713.642 463.954
713.932 513.797
714.222 549.813
714.512 503.574
714.802 472.568
715.092 491.964
715.382 407.856
715.671 406.119
715.961 481.460
716.251 388.990
716.541 409.805
716.831 496.927
717.121 438.945
717.411 506.063
717.701 589.332
717.990 482.170
718.280 442.105
718.570 431.614
718.860 437.897
719.150 411.587
719.440 383.538
719.730 427.855
720.019 609.713
720.309 521.486
720.599 486.162
720.889 419.165
721.179 485.208
721.469 546.991
721.759 486.169
722.049 508.236
722.338 423.879
722.628 467.936
722.918 486.696
723.208 555.916
723.498 417.470
723.788 442.911
724.078 567.083
724.368 528.655
724.657 444.346
724.947 479.505
725.237 508.940
725.527 544.669
725.817 484.371
726.107 460.646
726.397 453.891
726.686 386.208
726.976 396.861
727.266 489.719
727.556 452.984
727.846 511.520
728.136 582.607
728.426 482.976
728.716 361.867
729.005 459.750
729.295 426.819
729.585 337.371
729.875 372.585
730.165 411.758
730.455 457.360
730.745 536.459
731.035 504.435
731.324 598.816
731.614 534.561
731.904 435.970
732.194 488.463
732.484 466.579
732.774 448.111
733.064 428.671
733.354 361.564
733.643 437.759
733.933 437.347
734.223 413.970
734.513 542.639
734.803 596.842
735.093 492.466
735.383 444.133
735.672 477.351
735.962 566.362
736.252 414.308
736.542 465.085
736.832 418.087
737.122 328.315
737.412 381.270
737.702 464.093
737.991 494.529
738.281 466.018
738.571 441.998
738.861 424.182
739.151 446.834
739.441 550.637
739.731 485.755
740.021 467.022
740.310 510.889
740.600 531.151
740.890 366.572
741.180 433.450
741.470 471.964
741.760 531.208
742.050 574.658
742.339 512.505
742.629 435.368
742.919 577.816
743.209 409.275
743.499 364.194
743.789 375.460
744.079 459.633
744.369 504.692
744.658 465.072
744.948 302.249
745.238 409.599
745.528 454.212
745.818 518.169
746.108 473.540
746.398 501.830
746.688 451.198
746.977 553.496
747.267 476.052
747.557 513.319
747.847 526.255
748.137 434.256
748.427 421.334
748.717 371.967
749.006 289.024
749.296 458.648
749.586 494.027
749.876 591.146
750.166 476.618
750.456 486.080
750.746 495.561
751.036 402.761
751.325 481.617
751.615 489.105
751.905 470.138
752.195 479.621
752.485 459.635
752.775 458.107
753.065 452.115
753.355 617.294
753.644 562.252
753.934 496.691
754.224 505.233
754.514 566.999
754.804 424.017
755.094 383.910
755.384 421.035
755.674 438.100
755.963 514.342
756.253 460.655
756.543 559.505
756.833 575.718
757.123 552.062
757.413 521.474
757.703 458.171
757.992 426.024
758.282 456.734
758.572 454.191
758.862 410.989
759.152 443.163
759.442 440.724
759.732 515.552
760.022 600.992
760.311 524.146
760.601 400.416
760.891 512.100
761.181 515.619
761.471 469.873
761.761 412.958
762.051 385.781
762.341 517.197
762.630 541.900
762.920 436.173
763.210 490.053
763.500 539.926
763.793 425.135
764.086 455.360
764.379 482.078
764.671 560.562
764.964 504.237
765.257 553.546
765.550 522.417
765.843 395.414
766.136 436.758
766.429 413.585
766.722 500.795
767.014 465.093
767.307 329.623
767.600 344.742
767.893 377.360
768.186 381.405
768.479 440.894
768.772 508.447
769.064 522.573
769.357 497.891
769.650 463.123
769.943 542.227
770.236 514.042
770.529 415.783
770.822 406.723
771.115 492.421
771.407 612.003
771.700 587.798
771.993 578.303
772.286 551.496
772.579 555.993
772.872 418.909
773.165 380.616
773.457 425.991
773.750 460.743
774.043 439.565
774.336 444.062
774.629 459.308
774.922 461.802
775.215 386.134
775.508 428.672
775.800 447.368
776.093 506.240
776.386 502.725
776.679 422.680
776.972 462.974
777.265 678.495
777.558 699.958
777.850 543.488
778.143 498.274
778.436 544.060
778.729 490.259
779.022 457.106
779.315 373.701
779.608 338.537
779.900 432.017
780.193 431.024
780.486 412.532
780.779 477.326
781.072 408.723
781.365 461.302
781.658 518.002
781.951 455.765
782.243 481.918
782.536 494.946
782.829 494.959
783.122 563.244
783.415 510.535
783.708 456.384
784.001 496.517
784.293 549.688
784.586 590.232
784.879 574.212
785.172 526.602
785.465 457.001
785.758 470.039
786.051 498.108
786.344 530.123
786.636 642.778
786.929 491.639
787.222 419.417
787.515 446.618
787.808 458.724
788.101 395.799
788.394 526.680
788.686 609.609
788.979 561.230
789.272 516.725
789.565 527.199
789.858 485.295
790.151 422.855
790.444 361.927
790.737 383.301
791.029 388.536
791.322 467.390
791.615 433.037
791.908 465.882
792.201 458.443
792.494 430.081
792.787 493.409
793.079 580.652
793.372 510.365
793.665 559.738
793.958 475.004
794.251 511.905
794.544 576.148
794.837 627.581
795.130 482.029
795.422 455.122
795.715 501.993
796.008 526.457
796.301 505.499
796.594 449.734
796.887 519.467
797.180 535.948
797.472 423.297
797.765 347.536
798.058 387.042
798.351 368.496
798.644 370.501
798.937 365.528
799.230 436.888
799.523 750.396
799.815 656.688
800.108 422.402
800.401 367.578
800.694 522.647
800.987 467.302
801.280 475.239
801.573 586.140
801.865 594.143
802.158 518.711
802.451 417.924
802.744 355.061
803.037 396.988
803.330 432.361
803.623 507.789
803.915 517.780
804.208 425.401
804.501 460.298
804.794 541.390
805.087 506.860
805.380 362.596
805.673 335.217
805.966 452.345
806.258 414.734
806.551 512.967
806.844 535.066
807.137 570.791
807.430 479.868
807.723 414.618
808.016 526.074
808.308 538.210
808.601 469.871
808.894 443.665
809.187 479.369
809.480 494.995
809.773 476.418
810.066 525.198
810.359 587.167
810.651 544.973
810.944 321.652
811.237 376.478
811.530 516.751
811.825 403.143
812.119 333.120
812.414 314.968
812.709 446.610
813.003 507.241
813.298 413.716
813.593 445.974
813.887 406.059
814.182 566.123
814.476 538.282
814.771 593.115
815.066 556.693
815.360 408.780
815.655 394.564
815.950 471.273
816.244 495.699
816.539 534.437
816.834 489.595
817.128 524.800
817.423 571.166
817.718 632.234
818.012 520.344
818.307 352.813
818.602 462.455
818.896 525.017
819.191 421.765
819.486 441.182
819.780 476.208
820.075 580.401
820.369 621.943
820.664 517.008
820.959 567.743
821.253 563.161
821.548 510.322
821.843 519.700
822.137 529.607
822.432 524.471
822.727 478.105
823.021 450.431
823.316 571.079
823.611 594.276
823.905 446.531
824.200 371.109
824.495 536.460
824.789 566.007
825.084 534.863
825.379 498.518
825.673 465.264
825.968 524.461
826.262 525.027
826.557 515.022
826.852 518.732
827.146 511.312
827.441 494.874
827.736 508.149
828.030 480.007
828.325 337.258
828.620 504.997
828.914 585.247
829.209 458.397
829.504 621.142
829.798 606.082
830.093 506.086
830.388 412.016
830.682 341.898
830.977 494.513
831.271 548.107
831.566 384.736
831.861 423.609
832.155 431.214
832.450 516.395
832.745 620.461
833.039 488.034
833.334 379.210
833.629 467.355
833.923 440.290
834.218 418.992
834.513 384.291
834.807 357.843
835.102 314.100
835.397 380.984
835.691 379.495
835.986 398.778
836.281 393.698
836.575 375.710
836.870 383.775
837.164 470.181
837.459 421.880
837.754 460.952
838.048 436.423
838.343 372.218
838.638 455.392
838.932 498.575
839.227 428.493
839.522 411.371
839.816 417.578
840.111 441.093
840.406 443.878
840.700 565.199
840.995 685.722
841.290 682.463
841.584 524.735
841.879 563.623
842.174 535.992
842.468 495.475
842.763 412.570
843.057 471.099
843.352 456.109
843.647 397.658
843.941 448.621
844.236 529.467
844.531 512.214
844.825 478.958
845.120 555.714
845.415 635.353
845.709 563.357
846.004 562.051
846.299 513.721
846.593 619.600
846.888 549.283
847.183 447.939
847.477 463.128
847.772 498.684
848.066 515.171
848.361 520.911
848.656 538.619
848.950 473.575
849.245 557.652
849.540 535.923
849.834 645.368
850.129 664.468
850.424 549.282
850.718 498.200
851.013 579.820
851.308 563.092
851.602 617.063
851.897 616.193
852.192 697.452
852.486 646.609
852.781 514.890
853.076 584.775
853.370 585.260
853.665 620.740
853.959 586.228
854.254 462.423
854.549 623.638
854.843 563.284
855.138 476.840
855.433 529.538
855.727 639.809
856.022 530.622
856.317 524.390
856.611 567.138
856.906 515.856
857.201 562.373
857.495 629.357
857.790 667.771
858.085 585.372
858.379 546.807
858.674 471.345
858.969 428.704
859.263 474.806
859.558 519.503
859.852 430.459
860.147 458.034
860.442 572.389
860.736 418.023
861.031 526.334
861.326 598.441
861.620 475.482
861.915 587.493
862.210 644.624
862.504 527.621
862.799 569.091
863.094 573.209
863.388 501.937
863.683 457.936
863.978 439.708
864.272 471.423
864.567 475.195
864.861 490.963
865.156 444.086
865.451 382.817
865.745 530.462
866.040 585.041
866.335 604.442
866.629 562.677
866.924 439.929
867.219 457.461
867.513 563.788
867.808 477.067
868.103 440.695
868.397 517.181
868.692 534.327
868.987 432.888
869.281 410.051
869.576 524.057
869.871 582.601
870.165 443.696
870.460 362.585
870.754 410.580
871.049 382.989
871.344 469.368
871.638 500.563
871.933 420.767
872.228 499.101
872.522 471.607
872.817 543.155
873.112 720.267
873.406 579.631
873.701 627.444
873.996 566.834
874.290 445.668
874.585 430.248
874.880 511.313
875.174 480.824
875.469 492.929
875.764 487.635
876.058 454.386
876.353 423.423
876.647 374.846
876.942 395.608
877.237 438.499
877.531 470.649
877.826 499.760
878.121 448.914
878.415 399.113
878.710 391.358
879.005 507.828
879.299 452.677
879.594 423.612
879.889 301.981
880.183 297.670
880.478 434.354
880.773 424.213
881.067 436.478
881.362 475.674
881.656 432.213
881.951 451.265
882.246 385.387
882.540 366.251
882.835 403.852
883.130 400.734
883.424 374.915
883.719 356.870
884.014 457.998
884.308 460.320
884.603 401.853
884.898 417.073
885.192 481.894
885.487 443.961
885.782 386.012
886.076 511.224
886.371 460.044
886.666 304.482
886.960 366.940
887.255 367.514
887.549 382.951
887.844 530.411
888.139 586.932
888.433 498.707
888.728 351.291
889.023 431.228
889.317 452.633
889.612 369.866
889.907 417.333
890.201 476.632
890.496 511.585
890.791 480.221
891.085 429.496
891.380 386.255
891.675 382.186
891.969 411.345
892.264 333.613
892.559 390.352
892.853 502.795
893.148 440.137
893.442 427.033
893.737 483.854
894.032 427.928
894.326 317.803
894.621 351.290
894.916 328.679
895.210 358.353
895.505 442.348
895.800 398.538
896.094 333.410
896.389 385.492
896.684 429.125
896.978 346.670
897.273 305.734
897.568 433.563
897.862 459.594
898.157 428.655
898.451 531.696
898.746 526.394
899.041 539.267
899.335 470.186
899.630 366.000
899.925 381.626
900.219 463.121
900.514 533.160
900.809 426.049
901.103 267.218
901.398 414.649
901.693 431.792
901.987 407.228
902.282 456.739
902.577 353.190
902.871 327.926
903.166 435.273
903.461 466.918
903.755 458.406
904.050 414.842
904.344 313.260
904.639 348.860
904.934 368.031
905.228 426.254
905.523 396.756
905.818 418.928
906.112 492.809
906.407 457.604
906.702 387.914
906.996 432.737
907.291 452.857
907.586 379.579
907.880 505.053
908.175 489.155
908.470 475.526
908.764 496.899
909.059 525.586
909.354 509.216
909.648 390.967
909.943 401.019
910.237 489.591
910.532 533.575
910.827 539.998
911.121 546.923
911.416 484.516
911.711 461.545
912.005 491.868
912.300 469.719
912.599 528.384
912.898 486.763
913.196 480.703
913.495 466.795
913.794 507.633
914.093 456.101
914.391 459.747
914.690 533.801
914.989 474.549
915.288 561.800
915.586 517.997
915.885 426.278
916.184 371.737
916.483 325.778
916.782 426.021
917.080 468.321
917.379 449.436
917.678 466.832
917.977 602.378
918.275 590.656
918.574 504.109
918.873 515.990
919.172 488.435
919.471 397.673
919.769 421.697
920.068 415.823
920.367 407.057
920.666 418.234
920.964 471.528
921.263 426.200
921.562 358.497
921.861 425.373
922.159 417.476
922.458 427.182
922.757 443.027
923.056 440.859
923.355 440.202
923.653 494.078
923.952 455.714
924.251 385.303
924.550 519.680
924.848 530.121
925.147 425.658
925.446 428.072
925.745 489.566
926.043 466.644
926.342 440.078
926.641 383.525
926.940 449.882
927.239 486.458
927.537 582.370
927.836 522.827
928.135 464.057
928.434 602.203
928.732 564.872
929.031 468.354
929.330 549.321
929.629 495.987
929.927 440.373
930.226 376.407
930.525 406.046
930.824 548.095
931.123 520.534
931.421 535.259
931.720 500.153
932.019 518.188
932.318 508.688
932.616 448.250
932.915 459.776
933.214 501.821
933.513 529.647
933.812 490.333
934.110 553.872
934.409 639.584
934.708 557.110
935.007 732.413
935.305 683.537
935.604 508.403
935.903 583.715
936.202 601.125
936.500 689.155
936.799 791.934
937.098 756.805
937.397 679.319
937.696 549.092
937.994 554.010
938.293 685.783
938.592 522.618
938.891 546.167
939.189 611.014
939.488 695.707
939.787 789.098
940.086 654.899
940.384 683.627
940.683 618.637
940.982 591.866
941.281 698.242
941.580 929.715
941.878 861.495
942.177 694.478
942.476 686.887
942.775 645.531
943.073 546.115
943.372 529.196
943.671 668.502
943.970 799.304
944.268 685.112
944.567 567.161
944.866 619.802
945.165 661.243
945.464 578.041
945.762 528.251
946.061 764.410
946.360 801.407
946.659 744.964
946.957 766.036
947.256 708.804
947.555 612.454
947.854 594.649
948.153 537.946
948.451 558.693
948.750 574.246
949.049 597.026
949.348 832.937
949.646 715.328
949.945 673.961
950.244 770.667
950.543 691.784
950.841 636.103
951.140 618.148
951.439 479.751
951.738 554.233
952.037 620.420
952.335 656.916
952.634 685.239
952.933 571.768
953.232 520.573
953.530 405.987
953.829 587.380
954.128 692.301
954.427 662.305
954.725 757.588
955.024 715.544
955.323 683.526
955.622 565.754
955.921 471.241
956.219 550.294
956.518 541.458
956.817 626.580
957.116 610.903
957.414 608.750
957.713 487.354
958.012 438.868
958.311 449.638
958.610 586.812
958.908 520.475
959.207 517.498
959.506 573.361
959.805 573.035
960.103 586.013
960.402 557.512
960.701 464.734
961.000 441.278
961.298 457.226
961.597 528.901
961.896 495.887
962.195 482.044
962.494 556.778
962.792 569.124
963.091 541.720
963.390 526.754
963.689 464.866
963.987 532.491
964.286 594.962
964.585 593.440
964.884 525.356
965.182 444.859
965.481 702.570
965.780 818.901
966.080 707.960
966.380 648.130
966.680 552.316
966.981 532.502
967.281 549.497
967.581 480.207
967.881 562.303
968.181 566.574
968.481 508.973
968.781 530.211
969.082 483.067
969.382 522.145
969.682 558.861
969.982 576.744
970.282 577.521
970.582 487.839
970.882 476.965
971.183 585.003
971.483 526.744
971.783 475.491
972.083 563.048
972.383 609.068
972.683 567.119
972.983 562.676
973.284 455.207
973.584 450.625
973.884 516.044
974.184 526.251
974.484 535.644
974.784 450.751
975.084 402.853
975.385 386.945
975.685 464.969
975.985 416.944
976.285 506.230
976.585 476.237
976.885 444.288
977.185 516.375
977.486 482.913
977.786 491.006
978.086 553.630
978.386 539.509
978.686 402.686
978.986 385.665
979.286 444.671
979.587 526.677
979.887 457.683
980.187 428.689
980.487 423.695
980.787 478.701
981.087 457.707
981.387 589.713
981.688 442.719
981.988 297.725
982.288 362.731
982.588 485.737
982.888 516.743
983.188 491.748
983.488 561.754
983.789 513.760
984.089 475.766
984.389 453.772
984.689 426.778
984.989 383.784
985.289 396.790
985.589 534.795
985.890 525.801
986.190 399.807
986.490 391.813
986.790 503.819
987.090 470.825
987.390 516.831
987.690 538.836
987.991 445.842
988.291 449.848
988.591 488.854
988.891 421.860
989.191 404.865
989.491 511.871
989.791 492.877
990.092 467.883
990.392 511.888
990.692 517.894
990.992 504.900
991.292 418.906
991.592 529.911
991.892 550.917
992.193 524.923
992.493 513.929
992.793 450.934
993.093 432.940
993.393 405.946
993.693 462.952
993.993 516.957
994.294 589.963
994.594 527.969
994.894 507.974
995.194 508.980
995.494 429.986
995.794 417.991
996.094 382.997
996.395 455.003
996.695 515.008
996.995 420.014
997.295 355.020
997.595 405.025
997.895 366.031
998.195 343.037
998.496 354.042
998.796 377.048
999.096 599.053
999.396 519.059
999.696 522.065
999.996 574.070
1000.296 652.076
1000.597 624.081
1000.897 467.087
1001.197 453.093
1001.497 615.098
1001.797 488.104
1002.097 427.109
1002.397 505.115
1002.698 567.120
1002.998 598.126
1003.298 509.131
1003.598 383.137
1003.898 369.143
1004.198 501.148
1004.498 532.154
1004.799 500.159
1005.099 593.165
1005.399 582.170
1005.699 518.176
1005.999 549.181
1006.299 468.187
1006.599 596.192
1006.900 648.198
1007.200 516.203
1007.500 499.209
1007.800 485.214
1008.100 439.219
1008.400 422.225
1008.700 419.230
1009.001 405.236
1009.301 405.241
1009.601 565.247
1009.901 600.252
1010.201 504.258
1010.501 493.263
1010.801 578.268
1011.102 452.274
1011.402 453.279
1011.702 393.285
1012.002 333.290
1012.302 472.295
1012.602 480.301
1012.902 444.306
1013.203 502.312
1013.503 530.317
1013.803 521.322
1014.103 430.328
1014.403 513.333
1014.703 418.338
1015.003 372.344
1015.304 513.349
1015.604 606.354
1015.904 458.360
1016.204 404.365
1016.504 429.370
1016.804 405.376
1017.104 378.381
1017.405 427.386
1017.705 424.392
1018.005 433.397
1018.305 436.402
1018.605 444.407
1018.905 345.413
1019.205 343.418
1019.506 621.423
1019.806 651.429
1020.106 582.434
1020.406 530.439
1020.706 502.444
1021.006 518.450
1021.306 650.455
1021.607 548.460
1021.907 571.465
1022.207 563.471
1022.507 509.476
1022.807 498.481
1023.107 499.486
1023.407 494.491
1023.708 494.497
1024.008 445.502
1024.308 474.507
1024.608 457.512
1024.908 351.517
1025.208 439.523
1025.508 621.528
1025.809 587.533
1026.109 434.538
1026.409 525.543
1026.709 553.548
1027.009 471.554
1027.309 497.559
1027.609 422.564
1027.910 444.569
1028.210 543.574
1028.510 597.579
1028.810 691.584
1029.110 598.589
1029.410 531.595
1029.710 589.600
1030.011 609.605
1030.311 618.610
1030.611 455.615
1030.911 517.620
1031.211 561.625
1031.511 527.630
1031.811 657.635
1032.112 639.640
1032.412 532.646
1032.712 356.651
1033.012 421.656
1033.312 600.661
1033.612 551.666
1033.912 497.671
1034.212 450.676
1034.513 432.681
1034.813 429.686
1035.113 546.691
1035.413 500.696
1035.713 509.701
1036.013 514.706
1036.313 476.711
1036.614 562.716
1036.914 486.721
1037.214 362.726
1037.514 476.731
1037.814 442.736
1038.114 461.741
1038.414 500.746
1038.715 514.751
1039.015 427.756
1039.315 369.761
1039.615 490.766
1039.915 490.771
1040.215 412.776
1040.515 498.781
1040.816 523.786
1041.116 472.791
1041.416 432.796
1041.716 390.800
1042.016 412.805
1042.316 552.810
1042.616 524.815
1042.917 419.820
1043.217 443.825
1043.517 501.830
1043.817 544.835
1044.117 540.840
1044.417 499.845
1044.717 458.850
1045.018 451.854
1045.318 526.859
1045.618 551.864
1045.918 461.869
1046.218 412.874
1046.518 462.879
1046.818 480.884
1047.119 382.888
1047.419 543.893
1047.719 518.898
1048.019 490.903
1048.319 547.908
1048.619 475.913
1048.919 430.917
1049.220 406.922
1049.520 497.927
1049.820 458.932
1050.120 405.937
1050.420 566.942
1050.720 495.946
1051.020 496.951
1051.321 574.956
1051.621 563.961
1051.921 446.966
1052.221 386.970
1052.521 392.975
1052.821 401.980
1053.121 487.985
1053.422 476.989
1053.722 527.994
1054.022 462.999
1054.322 550.004
1054.622 449.008
1054.922 371.013
1055.222 509.018
1055.523 557.023
1055.823 538.027
1056.123 538.032
1056.423 533.037
1056.723 590.041
1057.023 506.046
1057.323 375.051
1057.624 469.056
1057.924 509.060
1058.224 508.065
1058.524 418.070
1058.824 547.074
1059.124 513.079
1059.424 443.084
1059.725 517.088
1060.025 463.093
1060.325 465.098
1060.625 436.102
1060.925 473.107
1061.225 467.112
1061.525 537.116
1061.826 498.121
1062.126 483.126
1062.426 517.130
1062.726 555.135
1063.026 543.140
1063.326 648.144
1063.626 614.149
1063.927 507.153
1064.227 462.158
1064.527 437.163
1064.827 528.167
1065.127 510.172
1065.427 424.176
1065.727 432.181
1066.028 543.186
1066.328 526.190
1066.628 397.195
1066.928 386.199
1067.228 438.204
1067.528 486.209
1067.828 486.213
1068.129 388.218
1068.429 489.222
1068.729 543.227
1069.029 464.231
1069.329 370.236
1069.629 492.240
1069.929 583.245
1070.230 622.249
1070.530 572.254
1070.830 458.259
1071.130 530.263
1071.430 507.268
1071.730 508.272
1072.030 551.277
1072.331 401.281
1072.631 461.286
1072.931 492.290
1073.231 458.295
1073.531 436.299
1073.831 449.304
1074.131 537.308
1074.432 560.313
1074.732 514.317
1075.032 392.321
1075.332 363.326
1075.632 455.330
1075.932 424.335
1076.232 395.339
1076.533 460.344
1076.833 506.348
1077.133 482.353
1077.433 446.357
1077.733 446.362
1078.033 578.366
1078.333 545.370
1078.634 507.375
1078.934 559.379
1079.234 434.384
1079.534 550.388
1079.834 618.392
1080.134 507.397
1080.434 555.401
1080.735 527.406
1081.035 503.410
1081.335 400.414
1081.635 456.419
1081.935 474.423
1082.235 454.428
1082.535 433.432
1082.836 460.436
1083.136 482.441
1083.436 577.445
1083.736 593.449
1084.036 472.454
1084.336 384.458
1084.636 431.463
1084.937 538.467
1085.237 575.471
1085.537 519.476
1085.837 530.480
1086.137 496.484
1086.437 539.489
1086.737 515.493
1087.038 482.497
1087.338 603.502
1087.638 578.506
1087.938 434.510
1088.238 351.514
1088.538 441.519
1088.838 560.523
1089.139 578.527
1089.439 455.532
1089.739 574.536
1090.039 538.540
1090.339 569.544
1090.639 500.549
1090.939 512.553
1091.240 476.557
1091.540 501.562
1091.840 469.566
1092.140 535.570
1092.453 571.574
1092.766 458.579
1093.079 467.583
1093.392 564.587
1093.705 447.591
1094.018 459.596
1094.330 588.600
1094.643 538.604
1094.956 575.608
1095.269 523.612
1095.582 529.617
1095.895 485.621
1096.208 467.625
1096.521 506.629
1096.834 520.633
1097.147 501.638
1097.460 550.642
1097.773 573.646
1098.085 438.650
1098.398 400.654
1098.711 420.659
1099.024 387.663
1099.337 491.667
1099.650 562.671
1099.963 577.675
1100.276 474.679
1100.589 436.684
1100.902 471.688
1101.215 473.692
1101.528 546.696
1101.841 503.700
1102.153 535.704
1102.466 614.709
1102.779 437.713
1103.092 400.717
1103.405 460.721
1103.718 457.725
1104.031 482.729
1104.344 545.733
1104.657 472.737
1104.970 703.742
1105.283 585.746
1105.596 452.750
1105.909 477.754
1106.221 549.758
1106.534 530.762
1106.847 389.766
1107.160 375.770
1107.473 405.774
1107.786 483.778
1108.099 373.782
1108.412 409.787
1108.725 508.791
1109.038 439.795
1109.351 488.799
1109.664 512.803
1109.977 422.807
1110.289 436.811
1110.602 505.815
1110.915 471.819
1111.228 462.823
1111.541 428.827
1111.854 406.831
1112.167 370.835
1112.480 392.839
1112.793 416.843
1113.106 426.847
1113.419 513.851
1113.732 465.855
1114.044 387.859
1114.357 461.863
1114.670 506.867
1114.983 462.871
1115.296 394.875
1115.609 455.879
1115.922 497.883
1116.235 534.887
1116.548 492.891
1116.861 497.895
1117.174 462.899
1117.487 442.903
1117.800 638.907
1118.112 521.911
1118.425 451.915
1118.738 419.919
1119.051 413.923
1119.364 476.927
1119.677 518.931
1119.990 486.935
1120.303 508.939
1120.616 585.943
1120.929 517.947
1121.242 539.951
1121.555 554.955
1121.868 560.958
1122.180 515.962
1122.493 357.966
1122.806 382.970
1123.119 492.974
1123.432 505.978
1123.745 487.982
1124.058 397.986
1124.371 404.990
1124.684 516.994
1124.997 539.998
1125.310 494.001
1125.623 416.005
1125.935 335.009
1126.248 395.013
1126.561 462.017
1126.874 498.021
1127.187 570.025
1127.500 548.029
1127.813 506.033
1128.126 512.036
1128.439 485.040
1128.752 633.044
1129.065 427.048
1129.378 270.052
1129.691 424.056
1130.003 478.059
1130.316 461.063
1130.629 405.067
1130.942 473.071
1131.255 494.075
1131.568 455.079
1131.881 439.083
1132.194 509.086
1132.507 506.090
1132.820 436.094
1133.133 521.098
1133.446 487.102
1133.759 624.105
1134.071 954.109
1134.384 692.113
1134.697 578.117
1135.010 583.121
1135.323 454.124
1135.636 424.128
1135.949 375.132
1136.262 403.136
1136.575 439.140
1136.888 469.143
1137.201 478.147
1137.514 454.151
1137.826 461.155
1138.139 412.158
1138.452 423.162
1138.765 651.166
1139.078 689.170
1139.391 619.173
1139.704 542.177
1140.017 530.181
1140.330 470.185
1140.643 429.188
1140.956 436.192
1141.269 451.196
1141.582 472.200
1141.894 492.203
1142.207 608.207
1142.520 507.211
1142.833 574.214
1143.146 514.218
1143.459 405.222
1143.772 444.226
1144.085 544.229
1144.398 468.233
1144.711 450.237
1145.024 442.240
1145.337 459.244
1145.650 471.248
1145.962 464.251
1146.275 468.255
1146.588 407.259
1146.901 550.263
1147.214 513.266
1147.527 457.270
1147.840 505.274
1148.153 483.277
1148.466 465.281
1148.779 411.285
1149.092 537.288
1149.405 470.292
1149.718 432.296
1150.030 493.299
1150.343 434.303
1150.656 383.306
1150.969 420.310
1151.282 580.314
1151.595 545.317
1151.908 441.321
1152.221 328.325
1152.534 369.328
1152.847 563.332
1153.160 506.335
1153.473 520.339
1153.785 550.343
1154.098 490.346
1154.411 522.350
1154.724 502.354
1155.037 603.357
1155.350 508.361
1155.663 524.364
1155.976 466.368
1156.289 515.372
1156.602 429.375
1156.915 386.379
1157.228 393.382
1157.541 466.386
1157.853 473.389
1158.166 464.393
1158.479 516.397
1158.792 471.400
1159.105 489.404
1159.418 530.407
1159.731 504.411
1160.044 476.414
1160.357 564.418
1160.670 557.421
1160.983 408.425
1161.296 445.429
1161.609 517.432
1161.921 431.436
1162.234 377.439
1162.547 307.443
1162.860 374.446
1163.173 378.450
1163.486 477.453
1163.799 508.457
1164.112 463.460
1164.425 469.464
1164.738 438.467
1165.051 426.471
1165.364 443.474
1165.676 463.478
1165.989 483.481
1166.302 458.485
1166.615 520.488
1166.928 494.492
1167.241 551.495
1167.554 522.499
1167.867 535.502
1168.180 501.506
1168.493 362.509
1168.806 450.513
1169.119 487.516
1169.432 516.520
1169.744 488.523
1170.057 498.527
1170.370 581.530
1170.683 531.534
1170.996 457.537
1171.309 435.541
1171.622 453.544
1171.935 491.547
1172.248 595.551
1172.561 548.554
1172.874 483.558
1173.187 491.561
1173.500 531.565
1173.812 570.568
1174.125 544.571
1174.438 498.575
1174.751 401.578
1175.064 466.582
1175.377 558.585
1175.690 506.589
1176.003 417.592
1176.316 438.595
1176.629 511.599
1176.942 473.602
1177.255 439.606
1177.567 399.609
1177.880 457.612
1178.193 520.616
1178.506 466.619
1178.819 561.623
1179.132 611.626
1179.445 412.629
1179.758 489.633
1180.071 506.636
1180.384 460.640
1180.697 466.643
1181.010 558.646
1181.323 624.650
1181.635 573.653
1181.948 559.656
1182.261 448.660
1182.574 372.663
1182.887 438.666
1183.200 542.670
1183.513 506.673
1183.826 429.676
1184.139 518.680
1184.452 519.683
1184.765 423.686
1185.078 402.690
1185.391 370.693
1185.703 377.696
1186.016 333.700
1186.329 380.703
1186.642 488.706
1186.955 587.710
1187.268 481.713
1187.581 506.716
1187.894 432.720
1188.207 439.723
1188.520 463.726
1188.833 489.730
1189.146 386.733
1189.459 307.736
1189.771 409.740
1190.084 550.743
1190.397 447.746
1190.710 479.749
1191.023 500.753
1191.336 481.756
1191.649 486.759
1191.962 506.763
1192.275 436.766
1192.588 515.769
1192.901 621.772
1193.214 513.776
1193.526 506.779
1193.839 489.782
1194.152 418.785
1194.465 448.789
1194.778 416.792
1195.091 447.795
1195.404 413.798
1195.717 488.802
1196.030 539.805
1196.343 441.808
1196.656 336.811
1196.969 439.815
1197.282 496.818
1197.594 491.821
1197.907 617.824
1198.220 591.828
1198.533 450.831
1198.846 431.834
1199.159 441.837
1199.472 430.840
1199.785 509.844
1200.098 401.847
1200.411 508.850
1200.724 524.853
1201.037 455.857
1201.350 409.860
1201.662 379.863
1201.975 443.866
1202.288 449.869
1202.601 153.873
