165.028 45.201
165.288 16.662
165.547 97.126
165.807 116.592
166.067 -13.940
166.327 -95.470
166.587 -27.997
166.847 69.477
167.107 76.954
167.367 137.434
167.627 154.915
167.886 61.399
168.146 86.884
168.406 251.372
168.666 191.862
168.926 98.354
169.186 134.848
169.446 169.344
169.706 53.843
169.966 45.343
170.225 38.845
170.485 84.349
170.745 145.855
171.005 240.363
171.265 124.872
171.525 78.384
171.785 10.898
172.045 13.413
172.305 182.930
172.564 157.449
172.824 37.969
173.084 129.492
173.344 35.016
173.604 50.542
173.864 155.069
174.124 92.598
174.384 78.129
174.644 164.662
174.903 263.196
175.163 226.731
175.423 214.268
175.683 88.807
175.943 170.347
176.203 112.889
176.463 76.432
176.723 57.977
176.983 110.523
177.242 145.070
177.502 275.619
177.762 294.169
178.022 97.721
178.282 100.274
178.542 44.828
178.802 46.383
179.062 21.940
179.322 163.498
179.581 225.057
179.841 146.618
180.101 214.180
180.361 187.743
180.621 165.307
180.881 98.872
181.141 83.438
181.401 121.005
181.661 178.574
181.920 244.143
182.180 174.714
182.440 53.286
182.700 6.858
182.960 44.432
183.220 144.006
183.480 243.582
183.740 127.158
184.000 44.736
184.259 -23.686
184.519 127.893
184.779 194.473
185.039 215.054
185.299 236.635
185.559 221.218
185.819 179.801
186.079 152.385
186.339 99.970
186.598 107.555
186.858 -25.859
187.118 42.728
187.378 176.316
187.638 188.904
187.898 258.493
188.158 264.082
188.418 117.672
188.678 95.263
188.937 155.854
189.197 170.446
189.457 208.038
189.717 193.631
189.977 64.225
190.237 42.819
190.497 200.413
190.757 206.008
191.017 162.603
191.276 96.199
191.536 105.795
191.796 130.391
192.056 123.988
192.316 176.585
192.576 138.183
192.836 98.781
193.096 131.379
193.356 126.978
193.616 116.577
193.875 139.176
194.135 126.775
194.395 198.375
194.655 238.975
194.915 231.575
195.175 168.175
195.435 206.775
195.695 57.376
195.955 -15.023
196.214 108.578
196.474 244.179
196.734 204.780
196.994 189.381
197.254 220.983
197.514 188.584
197.774 171.185
198.034 131.787
198.294 90.389
198.553 124.990
198.813 108.592
199.073 38.193
199.333 100.795
199.593 214.396
199.853 221.998
200.113 302.599
200.373 325.201
200.633 133.802
200.892 122.403
201.152 85.004
201.412 109.605
201.672 204.206
201.932 378.807
202.192 342.407
202.452 197.007
202.712 146.608
202.972 107.207
203.231 223.807
203.491 232.407
203.751 200.006
204.011 230.605
204.271 305.204
204.531 143.803
204.791 145.401
205.051 197.999
205.311 232.597
205.570 159.194
205.830 156.791
206.090 107.388
206.350 185.984
206.610 320.581
206.870 197.176
207.130 208.772
207.390 265.367
207.650 215.961
207.909 186.556
208.169 222.149
208.429 189.743
208.689 72.336
208.949 201.928
209.209 303.521
209.469 142.112
209.729 92.703
209.989 162.294
210.248 76.884
210.508 264.474
210.768 280.064
211.028 147.652
211.288 182.241
211.548 174.828
211.808 250.416
212.068 345.002
212.328 318.588
212.587 278.174
212.847 192.759
213.107 224.343
213.367 236.927
213.627 219.511
213.887 236.093
214.147 161.675
214.407 252.257
214.667 261.838
214.926 370.418
215.186 227.998
215.446 224.577
215.706 146.155
215.966 128.733
216.226 144.310
216.486 133.886
216.746 161.462
217.006 277.037
217.265 232.611
217.525 146.185
217.785 205.758
218.045 213.330
218.305 160.901
218.565 204.472
218.825 260.042
219.085 276.612
219.345 136.180
219.604 108.748
219.864 231.315
220.124 211.882
220.384 228.447
220.644 193.012
220.904 119.576
221.164 173.140
221.424 160.702
221.684 130.264
221.943 232.825
222.203 297.385
222.463 179.944
222.723 124.503
222.983 190.061
223.243 151.618
223.503 212.174
223.763 132.729
224.023 160.284
224.282 266.837
224.542 268.390
224.802 244.942
225.062 221.493
225.322 324.043
225.582 273.593
225.842 244.141
226.102 232.689
226.362 249.236
226.621 333.782
226.881 211.327
227.141 196.871
227.401 234.414
227.661 197.956
227.921 316.498
228.181 252.039
228.441 210.578
228.701 301.117
228.960 338.655
229.220 195.192
229.480 125.728
229.740 246.263
230.000 323.798
230.260 230.331
230.520 210.863
230.780 234.395
231.040 253.925
231.299 156.455
231.559 169.984
231.819 213.511
232.079 263.038
232.339 239.564
232.599 148.089
232.859 196.613
233.119 273.136
233.379 180.658
233.638 231.179
233.898 304.699
234.158 292.218
234.418 197.737
234.678 240.254
234.938 314.770
235.198 219.286
235.458 186.800
235.718 231.313
235.978 204.826
236.237 221.337
236.497 256.848
236.757 285.357
237.017 244.866
237.277 201.373
237.537 232.880
237.797 153.385
238.057 227.890
238.317 223.393
238.576 124.896
238.836 199.397
239.096 283.898
239.356 290.397
239.616 262.896
239.876 224.394
240.136 201.890
240.396 324.386
240.656 401.880
240.915 321.374
241.175 209.866
241.435 165.358
241.695 224.848
241.955 311.338
242.215 398.827
242.475 342.314
242.735 223.801
242.995 300.286
243.254 310.771
243.514 273.254
243.774 125.737
244.034 184.218
244.294 355.698
244.554 274.178
244.814 286.656
245.074 230.134
245.334 211.610
245.593 174.085
245.853 217.560
246.113 197.033
246.373 285.505
246.633 349.977
246.893 233.447
247.153 252.916
247.413 299.384
247.673 251.852
247.932 230.318
248.192 301.783
248.452 327.247
248.712 282.710
248.972 200.173
249.232 322.634
249.492 246.094
249.752 151.553
250.012 293.011
250.271 292.468
250.531 339.924
250.791 424.379
251.051 398.833
251.311 288.286
251.571 154.738
251.831 247.189
252.091 307.639
252.351 249.088
252.610 273.535
252.870 333.982
253.130 285.428
253.390 286.873
253.650 353.317
253.911 340.760
254.172 308.201
254.433 250.642
254.694 248.082
254.955 289.521
255.216 195.958
255.477 344.395
255.738 322.831
255.999 211.266
256.261 375.699
256.522 352.132
256.783 259.564
257.044 168.994
257.305 144.424
257.566 150.853
257.827 154.280
258.088 259.707
258.349 248.133
258.610 290.557
258.871 355.981
259.132 377.404
259.393 284.826
259.654 184.246
259.915 158.666
260.176 224.085
260.437 272.502
260.698 268.919
260.959 224.335
261.221 289.749
261.482 328.163
261.743 277.576
262.004 319.988
262.265 480.398
262.526 394.808
262.787 241.217
263.048 279.625
263.309 266.032
263.570 342.437
263.831 371.842
264.092 264.246
264.353 168.649
264.614 383.051
264.875 369.452
265.136 299.852
265.397 414.251
265.658 461.649
265.919 490.046
266.181 409.442
266.442 293.837
266.703 217.232
266.964 190.625
267.225 213.017
267.486 264.408
267.747 344.799
268.008 358.188
268.269 396.577
268.530 398.964
268.791 330.351
269.052 330.736
269.313 302.121
269.574 291.504
269.835 335.887
270.096 312.269
270.357 353.650
270.618 330.030
270.879 204.409
271.141 253.787
271.402 253.164
271.663 243.540
271.924 289.915
272.185 319.289
272.446 328.663
272.707 285.035
272.968 244.406
273.229 252.777
273.490 258.147
273.751 237.515
274.012 253.883
274.273 344.250
274.534 318.616
274.795 303.981
275.056 362.345
275.317 243.708
275.578 172.070
275.839 259.432
276.101 220.792
276.362 214.152
276.623 305.510
276.884 388.868
277.145 328.225
277.406 334.581
277.667 254.936
277.928 230.290
278.189 341.643
278.450 411.996
278.711 303.347
278.972 236.698
279.233 238.047
279.494 353.396
279.755 447.744
280.016 428.091
280.277 339.437
280.538 373.782
280.799 259.127
281.061 279.470
281.322 304.813
281.583 324.155
281.844 253.496
282.105 231.836
282.366 307.175
282.627 285.513
282.888 312.850
283.149 316.187
283.410 293.523
283.671 331.858
283.932 283.192
284.193 164.525
284.454 253.857
284.715 304.188
284.976 297.519
285.237 383.849
285.498 551.178
285.759 444.506
286.021 366.833
286.282 324.159
286.543 382.485
286.804 381.810
287.065 347.133
287.326 394.456
287.587 303.779
287.848 320.100
288.109 412.421
288.370 407.740
288.631 251.059
288.892 243.377
289.153 273.695
289.414 182.011
289.675 396.327
289.936 498.642
290.197 433.956
290.458 356.269
290.719 305.581
290.981 413.893
291.242 505.204
291.503 429.514
291.764 259.823
292.025 154.131
292.286 190.439
292.547 338.746
292.808 281.052
293.069 327.357
293.330 365.661
293.591 301.965
293.852 280.268
294.113 281.570
294.374 302.871
294.635 363.172
294.896 385.471
295.157 374.770
295.418 429.069
295.679 442.366
295.941 366.663
296.202 354.958
296.463 305.254
296.724 375.548
296.985 430.842
297.246 387.134
297.507 289.426
297.768 254.718
298.029 415.008
298.290 501.298
298.551 489.587
298.812 489.876
299.073 359.163
299.334 257.450
299.595 372.736
299.856 416.021
300.117 491.306
300.378 406.590
300.639 245.873
300.901 220.155
301.162 333.437
301.423 430.718
301.684 489.998
301.945 439.278
302.206 304.556
302.467 330.834
302.728 301.112
302.989 364.388
303.250 429.664
303.511 458.939
303.772 430.214
304.033 379.487
304.294 410.761
304.555 344.033
304.816 364.304
305.077 383.575
305.338 323.846
305.599 362.115
305.861 378.384
306.122 383.652
306.383 322.919
306.644 292.186
306.905 213.452
307.166 381.717
307.427 413.982
307.688 377.246
307.949 356.509
308.210 392.772
308.471 401.034
308.732 309.295
308.993 244.556
309.254 281.816
309.515 220.075
309.776 344.333
310.037 393.591
310.298 266.848
310.559 331.105
310.821 395.361
311.082 332.616
311.343 304.871
311.604 291.124
311.865 285.378
312.126 262.630
312.387 307.882
312.648 329.133
312.909 340.384
313.170 379.634
313.434 422.883
313.698 288.132
313.963 355.380
314.227 325.628
314.491 285.874
314.755 342.120
315.019 325.366
315.284 194.611
315.548 310.855
315.812 382.099
316.076 415.341
316.340 409.584
316.604 396.826
316.869 403.067
317.133 388.307
317.397 479.547
317.661 456.786
317.925 308.025
318.190 303.263
318.454 345.500
318.718 345.737
318.982 408.973
319.246 438.209
319.511 528.443
319.775 406.678
320.039 398.911
320.303 398.145
320.567 363.377
320.832 414.609
321.096 339.840
321.360 309.071
321.624 294.301
321.888 275.531
322.153 323.760
322.417 352.988
322.681 253.216
322.945 289.443
323.209 344.670
323.473 331.896
323.738 338.121
324.002 354.346
324.266 493.570
324.530 451.794
324.794 352.017
325.059 277.240
325.323 227.462
325.587 314.683
325.851 303.904
326.115 422.124
326.380 366.344
326.644 389.563
326.908 409.782
327.172 352.000
327.436 372.217
327.701 396.434
327.965 370.651
328.229 373.866
328.493 244.082
328.757 276.296
329.022 385.511
329.286 285.724
329.550 307.937
329.814 307.150
330.078 361.362
330.342 343.573
330.607 333.784
330.871 401.994
331.135 469.204
331.399 461.414
331.663 411.622
331.928 405.831
332.192 479.038
332.456 414.245
332.720 375.452
332.984 324.658
333.249 388.864
333.513 333.069
333.777 220.273
334.041 227.477
334.305 319.681
334.570 402.884
334.834 356.086
335.098 455.288
335.362 481.490
335.626 432.691
335.891 321.891
336.155 372.091
336.419 387.290
336.683 287.489
336.947 357.688
337.211 389.886
337.476 311.083
337.740 319.280
338.004 314.476
338.268 343.672
338.532 414.868
338.797 328.063
339.061 415.257
339.325 501.451
339.589 518.644
339.853 432.837
340.118 352.030
340.382 422.222
340.646 490.413
340.910 340.604
341.174 343.795
341.439 332.985
341.703 353.174
341.967 332.363
342.231 354.552
342.495 328.740
342.759 370.928
343.024 358.115
343.288 473.302
343.552 411.488
343.816 194.674
344.080 248.859
344.345 336.044
344.609 247.228
344.873 223.412
345.137 380.596
345.401 382.779
345.666 247.961
345.930 366.143
346.194 479.325
346.458 345.506
346.722 319.687
346.987 341.867
347.251 451.047
347.515 541.226
347.779 301.405
348.043 236.584
348.308 326.762
348.572 304.940
348.836 257.117
349.100 276.293
349.364 247.470
349.628 281.646
349.893 310.821
350.157 439.996
350.421 432.170
350.685 417.344
350.949 341.518
351.214 262.691
351.478 339.864
351.742 373.037
352.006 361.208
352.270 343.380
352.535 266.551
352.799 307.722
353.063 398.892
353.327 308.062
353.591 276.231
353.856 322.400
354.120 386.569
354.384 421.737
354.648 471.905
354.912 436.072
355.177 391.239
355.441 286.405
355.705 414.571
355.969 392.737
356.233 400.902
356.497 464.067
356.762 423.232
357.026 370.396
357.290 342.559
357.554 381.722
357.818 392.885
358.083 327.048
358.347 326.210
358.611 329.371
358.875 337.533
359.139 404.693
359.404 332.854
359.668 393.014
359.932 469.174
360.196 433.333
360.460 393.492
360.725 409.650
360.989 465.808
361.253 535.966
361.517 449.123
361.781 481.280
362.046 476.437
362.310 458.593
362.574 498.749
362.838 390.904
363.102 371.059
363.366 381.214
363.631 329.368
363.895 351.522
364.159 450.676
364.423 420.829
364.687 438.982
364.952 453.134
365.216 487.286
365.480 454.438
365.747 357.589
366.013 331.740
366.280 328.891
366.546 432.041
366.813 393.191
367.079 447.340
367.346 483.489
367.612 422.638
367.879 428.787
368.145 490.935
368.412 380.082
368.678 331.230
368.945 384.377
369.211 345.523
369.478 373.669
369.744 372.815
370.011 393.961
370.278 351.106
370.544 304.251
370.811 373.396
371.077 410.540
371.344 341.684
371.610 331.827
371.877 345.970
372.143 430.113
372.410 513.255
372.676 527.397
372.943 470.539
373.209 431.681
373.476 351.822
373.742 292.962
374.009 433.103
374.276 466.243
374.542 405.383
374.809 382.522
375.075 272.661
375.342 201.800
375.608 235.938
375.875 257.076
376.141 477.214
376.408 449.352
376.674 411.489
376.941 397.625
377.207 425.762
377.474 714.898
377.740 559.034
378.007 296.169
378.273 376.304
378.540 440.439
378.807 338.574
379.073 375.708
379.340 331.842
379.606 335.975
379.873 368.109
380.139 394.242
380.406 430.374
380.672 353.506
380.939 263.638
381.205 251.770
381.472 230.901
381.738 241.033
382.005 396.163
382.271 446.294
382.538 460.424
382.804 502.554
383.071 400.683
383.338 347.812
383.604 398.941
383.871 461.070
384.137 472.198
384.404 415.326
384.670 379.454
384.937 325.581
385.203 414.708
385.470 410.835
385.736 412.962
386.003 431.088
386.269 390.214
386.536 353.339
386.802 372.465
387.069 444.590
387.336 551.715
387.602 491.839
387.869 294.963
388.135 331.087
388.402 329.211
388.668 326.334
388.935 408.457
389.201 528.580
389.468 539.702
389.734 512.824
390.001 442.946
390.267 364.068
390.534 441.189
390.800 418.310
391.067 489.431
391.333 471.551
391.600 364.671
391.867 372.791
392.133 388.911
392.400 334.030
392.666 282.149
392.933 434.268
393.199 463.387
393.466 332.505
393.732 299.623
393.999 386.741
394.265 436.858
394.532 369.975
394.798 435.092
395.065 369.209
395.331 362.325
395.598 436.441
395.864 426.557
396.131 418.673
396.398 455.788
396.664 530.903
396.931 525.018
397.197 523.132
397.464 455.246
397.730 546.360
397.997 535.474
398.263 474.588
398.530 463.701
398.796 590.814
399.063 599.926
399.329 498.039
399.596 597.151
399.862 554.263
400.129 625.375
400.396 697.486
400.662 508.597
400.929 539.708
401.195 580.819
401.462 641.929
401.728 720.039
401.995 776.149
402.261 700.259
402.528 721.368
402.794 795.477
403.061 938.586
403.327 1070.695
403.594 1021.803
403.860 1057.911
404.127 1183.019
404.393 1359.127
404.660 1572.234
404.931 1714.342
405.202 1815.449
405.473 1828.555
405.745 2017.662
406.016 2227.768
406.287 2276.874
406.558 2275.980
406.829 2431.085
407.100 2479.191
407.371 2792.296
407.642 2824.400
407.914 2762.505
408.185 2780.609
408.456 2790.713
408.727 3036.817
408.998 3138.921
409.269 3262.024
409.540 3374.127
409.811 3100.230
410.083 3047.333
410.354 2944.436
410.625 2820.538
410.896 2886.640
411.167 2853.742
411.438 2750.843
411.709 2453.945
411.981 2432.046
412.252 2215.147
412.523 1980.247
412.794 1904.348
413.065 1837.448
413.336 1660.548
413.607 1660.648
413.878 1575.747
414.150 1468.847
414.421 1346.946
414.692 1241.045
414.963 1142.143
415.234 1222.242
415.505 1125.340
415.776 1090.438
416.047 1019.536
416.319 945.633
416.590 830.731
416.861 614.828
417.132 700.925
417.403 672.022
417.674 617.118
417.945 513.214
418.217 452.310
418.488 551.406
418.759 460.502
419.030 457.598
419.301 499.693
419.572 540.788
419.843 532.883
420.114 433.977
420.386 424.072
420.657 495.166
420.928 442.260
421.199 408.354
421.470 396.447
421.741 323.541
422.012 354.634
422.283 375.727
422.555 427.820
422.826 497.912
423.097 531.005
423.368 466.097
423.639 351.189
423.910 406.281
424.181 422.372
424.453 359.464
424.724 573.555
424.995 587.646
425.266 411.736
425.537 368.827
425.808 487.917
426.079 529.008
426.350 413.098
426.622 414.187
426.893 513.277
427.164 433.367
427.435 376.456
427.706 398.545
427.977 385.634
428.248 335.722
428.519 404.811
428.791 409.899
429.062 489.987
429.333 408.075
429.604 345.163
429.875 429.250
430.146 518.337
430.417 501.425
430.689 430.512
430.960 357.598
431.231 397.685
431.502 484.771
431.773 488.858
432.044 425.944
432.315 558.029
432.586 560.115
432.858 542.200
433.129 396.286
433.400 373.371
433.671 423.456
433.942 356.541
434.213 308.625
434.484 350.710
434.755 442.794
435.027 348.878
435.298 423.962
435.569 458.045
435.840 379.129
436.116 365.212
436.391 444.295
436.667 443.378
436.942 494.461
437.218 548.544
437.493 526.626
437.769 595.708
438.045 550.790
438.320 528.872
438.596 517.954
438.871 460.036
439.147 430.117
439.422 360.198
439.698 347.279
439.974 367.360
440.249 504.441
440.525 535.521
440.800 364.602
441.076 389.682
441.351 562.762
441.627 584.842
441.903 493.922
442.178 417.001
442.454 429.080
442.729 607.160
443.005 492.239
443.281 539.318
443.556 654.396
443.832 556.475
444.107 440.553
444.383 429.631
444.658 456.709
444.934 438.787
445.210 588.865
445.485 614.943
445.761 581.020
446.036 555.097
446.312 587.174
446.587 591.251
446.863 436.328
447.139 448.405
447.414 488.481
447.690 553.557
447.965 583.633
448.241 509.709
448.516 501.785
448.792 517.861
449.068 559.936
449.343 548.012
449.619 426.087
449.894 459.162
450.170 504.237
450.445 646.311
450.721 656.386
450.997 413.460
451.272 459.535
451.548 436.609
451.823 476.683
452.099 541.756
452.375 458.830
452.650 459.904
452.926 567.977
453.201 540.050
453.477 718.123
453.752 649.196
454.028 507.269
454.304 569.341
454.579 615.414
454.855 575.486
455.130 564.558
455.406 667.630
455.681 596.702
455.957 521.774
456.233 506.845
456.508 501.917
456.784 502.988
457.059 534.059
457.335 680.130
457.610 543.201
457.886 495.272
458.162 539.342
458.437 516.413
458.713 546.483
458.988 580.553
459.264 623.623
459.539 573.693
459.815 488.763
460.091 457.832
460.366 455.902
460.642 450.971
460.917 504.040
461.193 492.109
461.468 408.178
461.744 383.246
462.020 396.315
462.295 472.383
462.571 464.452
462.846 491.520
463.122 583.588
463.397 626.656
463.673 534.189
463.949 462.329
464.224 449.409
464.500 470.456
464.775 399.993
465.051 392.276
465.327 457.670
465.602 566.062
465.878 532.728
466.153 425.476
466.429 595.798
466.704 720.020
466.980 625.526
467.256 669.592
467.531 687.345
467.807 644.012
468.082 599.989
468.358 538.393
468.633 584.257
468.909 517.054
469.185 476.433
469.460 555.448
469.736 590.312
470.011 501.757
470.287 471.136
470.562 535.659
470.838 432.329
471.114 526.770
471.389 511.683
471.665 472.832
471.940 546.249
472.216 497.731
472.491 432.443
472.767 446.131
473.043 535.444
473.318 616.644
473.594 482.799
473.869 438.594
474.145 441.709
474.421 465.171
474.696 464.217
474.972 393.470
475.247 395.974
475.523 483.210
475.798 514.347
476.074 541.381
476.350 544.499
476.625 481.916
476.901 490.134
477.176 549.779
477.452 455.691
477.727 419.131
478.003 336.450
478.279 451.349
478.554 555.070
478.830 544.506
479.105 568.843
479.381 509.504
479.656 407.131
479.932 401.713
480.208 464.121
480.483 499.101
480.759 546.685
481.034 487.607
481.310 464.435
481.585 481.704
481.861 496.885
482.137 437.028
482.412 488.962
482.688 512.136
482.963 530.739
483.239 580.366
483.514 395.054
483.790 470.323
484.066 656.725
484.341 538.363
484.617 456.130
484.892 514.981
485.168 505.089
485.443 415.181
485.719 460.964
485.995 533.520
486.270 460.699
486.546 434.128
486.821 390.663
487.097 339.603
487.373 428.082
487.648 548.359
487.924 534.109
488.199 387.275
488.475 263.559
488.750 277.803
489.026 424.353
489.302 431.278
489.577 370.126
489.853 389.408
490.128 516.789
490.404 475.242
490.679 358.858
490.955 525.717
491.231 602.996
491.506 548.846
491.782 467.165
492.057 439.365
492.333 500.084
492.608 447.301
492.884 471.817
493.160 315.315
493.435 348.340
493.711 480.746
493.986 433.316
494.262 390.657
494.537 396.593
494.813 451.991
495.089 364.080
495.364 403.426
495.640 420.178
495.915 438.895
496.191 574.655
496.467 501.382
496.742 475.819
497.018 541.964
497.293 414.673
497.569 454.661
497.844 451.653
498.120 446.756
498.396 479.441
498.671 434.289
498.947 453.209
499.222 468.623
499.498 457.201
499.773 489.094
500.049 511.059
500.325 469.705
500.600 490.697
500.876 526.275
501.151 631.696
501.427 610.294
501.702 638.095
501.978 612.016
502.254 605.245
502.529 526.217
502.805 607.363
503.080 682.623
503.356 563.283
503.631 553.803
503.907 596.473
504.183 511.505
504.458 564.188
504.734 534.346
505.009 530.353
505.285 476.285
505.560 486.977
505.836 505.740
506.112 519.960
506.387 501.793
506.663 471.002
506.938 447.797
507.214 441.781
507.490 507.042
507.765 530.798
508.041 546.993
508.316 591.443
508.592 522.829
508.867 560.582
509.143 622.380
509.419 589.264
509.694 508.893
509.970 499.915
510.245 449.915
510.521 539.513
510.796 444.118
511.072 382.229
511.348 433.359
511.623 468.303
511.899 475.901
512.174 544.990
512.450 546.481
512.725 507.838
513.001 399.355
513.277 422.769
513.552 572.179
513.828 556.304
514.103 507.527
514.379 579.081
514.654 475.626
514.930 494.384
515.206 774.613
515.481 652.971
515.757 474.461
516.032 424.141
516.308 547.382
516.583 586.893
516.859 532.242
517.135 572.210
517.410 604.185
517.686 641.159
517.961 648.979
518.237 640.975
518.513 598.153
518.788 697.232
519.064 749.020
519.339 742.058
519.615 675.749
519.890 726.251
520.166 797.850
520.442 968.445
520.717 938.652
520.993 909.735
521.268 813.619
521.544 856.012
521.819 817.907
522.095 876.667
522.371 998.592
522.646 1017.811
522.922 1054.236
523.197 1019.796
523.473 1094.461
523.748 1023.690
524.024 919.427
524.300 902.245
524.575 857.311
524.851 910.942
525.126 897.686
525.402 916.769
525.677 965.615
525.953 922.669
526.229 901.679
526.504 847.081
526.780 934.267
527.055 892.141
527.331 925.676
527.606 936.183
527.882 931.501
528.158 843.354
528.433 910.274
528.709 907.436
528.984 847.977
529.260 797.726
529.535 809.489
529.811 701.942
530.087 621.525
530.362 600.007
530.638 707.267
530.913 753.995
531.189 710.363
531.465 615.809
531.740 602.919
532.016 678.978
532.291 641.301
532.567 660.027
532.842 675.572
533.118 665.599
533.394 742.985
533.669 663.732
533.945 554.823
534.220 539.300
534.496 628.473
534.771 656.417
535.047 654.171
535.323 575.749
535.598 661.081
535.874 821.923
536.149 855.025
536.425 934.180
536.700 1080.013
536.976 1260.602
537.252 1470.908
537.527 1530.350
537.803 1700.331
538.078 2055.043
538.354 2354.984
538.629 2536.476
538.905 2591.634
539.181 2675.681
539.456 2755.603
539.732 2987.386
540.007 3088.117
540.283 2996.346
540.558 2949.005
540.834 3014.226
541.110 3120.221
541.385 3081.646
541.661 3173.765
541.936 3162.084
542.212 3156.177
542.488 3197.841
542.763 3238.515
543.039 3177.283
543.314 3087.044
543.590 2991.837
543.865 2947.189
544.141 2931.339
544.417 2960.177
544.692 2820.196
544.968 2905.637
545.243 2938.385
545.519 2724.979
545.794 2754.566
546.070 2913.650
546.348 2846.936
546.627 2764.622
546.905 2899.749
547.183 2901.973
547.461 3007.274
547.740 3161.235
548.018 3094.833
548.296 3031.222
548.575 3129.572
548.853 3249.768
549.131 3372.944
549.409 3381.541
549.688 3529.396
549.966 3579.037
550.244 3643.558
550.523 3547.814
550.801 3466.121
551.079 3628.902
551.357 3716.971
551.636 3600.687
551.914 3618.276
552.192 3550.266
552.471 3546.897
552.749 3565.561
553.027 3613.269
553.306 3698.248
553.584 3882.159
553.862 3830.248
554.140 3845.019
554.419 3833.758
554.697 3970.914
554.975 4044.364
555.254 3996.458
555.532 3807.045
555.810 3942.878
556.088 3952.762
556.367 3779.477
556.645 3558.910
556.923 3403.303
557.202 3113.345
557.480 3005.503
557.758 2829.005
558.036 2571.038
558.315 2297.944
558.593 2240.864
558.871 2160.550
559.150 1993.125
559.428 1923.668
559.706 1723.629
559.984 1585.899
560.263 1617.191
560.541 1462.043
560.819 1341.135
561.098 1267.436
561.376 1153.047
561.654 996.350
561.932 942.483
562.211 969.524
562.489 965.716
562.767 826.627
563.046 690.086
563.324 681.780
563.602 791.979
563.880 723.114
564.159 706.833
564.437 751.250
564.715 690.584
564.994 574.495
565.272 642.666
565.550 569.216
565.828 515.093
566.107 595.169
566.385 595.385
566.663 487.361
566.942 539.735
567.220 589.720
567.498 707.627
567.776 577.852
568.055 498.077
568.333 551.956
568.611 640.721
568.890 610.888
569.168 517.506
569.446 520.937
569.725 534.496
570.003 426.316
570.281 434.497
570.559 503.195
570.838 555.022
571.116 623.421
571.394 644.771
571.673 659.008
571.951 603.369
572.229 572.334
572.507 571.950
572.786 563.784
573.064 567.286
573.342 570.239
573.621 452.360
573.899 433.855
574.177 659.897
574.455 673.281
574.734 575.146
575.012 605.511
575.290 564.020
575.569 609.703
575.847 584.818
576.125 627.048
576.403 553.040
576.682 560.498
576.960 588.235
577.243 635.916
577.527 590.269
577.810 488.823
578.093 469.613
578.377 463.656
578.660 522.976
578.944 535.853
579.227 501.302
579.510 515.705
579.794 527.161
580.077 541.536
580.360 592.700
580.644 566.508
580.927 462.729
581.210 493.575
581.494 548.374
581.777 598.606
582.061 561.385
582.344 491.188
582.627 471.279
582.911 497.232
583.194 468.818
583.477 561.663
583.761 567.682
584.044 589.669
584.327 583.296
584.611 542.368
584.894 488.452
585.178 505.466
585.461 540.462
585.744 612.421
586.028 566.064
586.311 583.094
586.594 561.125
586.878 492.155
587.161 503.186
587.444 551.216
587.728 513.246
588.011 596.277
588.295 530.307
588.578 542.794
588.861 641.725
589.145 521.397
589.428 513.941
589.711 443.457
589.995 448.039
590.278 559.957
590.562 569.547
590.845 527.050
591.128 686.234
591.412 596.443
591.695 500.166
591.978 616.463
592.262 587.138
592.545 448.409
592.828 560.663
593.112 478.378
593.395 479.405
593.679 477.960
593.962 602.492
594.245 583.016
594.529 522.348
594.812 441.341
595.095 439.819
595.379 627.654
595.662 593.515
595.945 538.337
596.229 478.308
596.512 513.033
596.796 549.249
597.079 537.842
597.362 674.504
597.646 679.800
597.929 557.178
598.212 516.142
598.496 560.636
598.779 622.302
599.062 657.868
599.346 550.295
599.629 473.844
599.913 484.242
600.196 514.812
600.479 562.561
600.763 525.705
601.046 447.019
601.329 504.574
601.613 539.503
601.896 492.333
602.179 544.922
602.463 511.551
602.746 557.747
603.030 619.661
603.313 547.441
603.596 435.594
603.880 526.371
604.163 562.672
604.446 524.930
604.730 473.047
605.013 534.255
605.296 539.702
605.580 492.716
605.863 532.900
606.147 463.387
606.430 445.784
606.713 548.114
606.997 519.295
607.280 638.187
607.563 608.859
607.847 553.550
608.130 563.476
608.414 584.477
608.697 539.494
608.980 502.830
609.264 583.742
609.547 486.232
609.830 492.135
610.114 526.442
610.397 481.414
610.680 502.496
610.964 531.938
611.247 536.866
611.531 452.042
611.814 390.242
612.097 435.411
612.381 552.657
612.664 698.465
612.947 513.015
613.231 427.663
613.514 454.632
613.797 513.597
614.081 524.428
614.364 534.277
614.648 474.381
614.931 378.140
615.214 403.706
615.498 457.225
615.781 445.890
616.064 437.057
616.348 516.807
616.631 541.972
616.914 568.039
617.198 526.260
617.481 478.994
617.765 489.354
618.048 553.041
618.331 532.336
618.615 459.765
618.898 554.652
619.181 566.534
619.465 542.392
619.748 455.375
620.031 426.148
620.315 452.363
620.598 499.464
620.882 573.471
621.165 727.148
621.448 602.918
621.732 538.866
622.015 481.180
622.298 459.233
622.582 546.543
622.865 540.121
623.148 496.190
623.432 553.264
623.715 513.249
623.999 678.797
624.282 662.435
624.565 681.902
624.849 543.094
625.132 438.367
625.415 692.424
625.699 762.774
625.982 615.473
626.265 506.530
626.549 510.084
626.832 590.916
627.116 621.244
627.399 519.249
627.682 928.509
627.966 767.477
628.249 503.148
628.532 459.451
628.816 630.068
629.099 515.232
629.383 489.716
629.666 531.718
629.949 489.317
630.233 454.571
630.516 504.779
630.799 549.304
631.083 461.904
631.366 446.254
631.649 410.214
631.933 323.645
632.216 470.698
632.500 553.544
632.783 582.052
633.066 544.125
633.350 534.841
633.633 562.340
633.916 530.392
634.200 472.322
634.483 529.363
634.766 607.143
635.050 551.145
635.333 424.096
635.617 436.608
635.900 572.296
636.183 585.426
636.467 541.416
636.750 544.190
637.033 577.231
637.317 556.809
637.600 551.608
637.883 534.211
638.167 536.546
638.450 562.716
638.734 541.202
639.017 618.002
639.300 631.133
639.584 586.597
639.867 722.259
640.150 686.734
640.434 716.689
640.717 690.807
641.000 642.230
641.284 741.317
641.567 681.227
641.851 723.860
642.134 792.589
642.417 717.103
642.701 862.790
642.984 928.360
643.267 873.003
643.551 829.953
643.834 815.756
644.117 912.392
644.401 948.882
644.684 1089.484
644.968 1251.175
645.251 1268.784
645.534 1283.814
645.818 1471.452
646.101 1683.183
646.384 1864.425
646.668 2006.230
646.951 2102.025
647.235 2347.442
647.518 2463.064
647.801 2799.551
648.085 2949.056
648.368 3060.871
648.651 3105.064
648.935 3388.710
649.218 3771.970
649.501 3960.277
649.785 4177.849
650.068 4439.525
650.352 4713.804
650.635 5023.573
650.918 5223.237
651.202 5660.326
651.485 6150.052
651.768 6444.892
652.052 6613.011
652.335 6737.411
652.618 6944.638
652.902 7349.436
653.185 7585.706
653.469 7618.876
653.752 7556.802
654.035 7531.260
654.319 7716.166
654.602 7756.094
654.885 7534.502
655.169 7585.739
655.452 7507.189
655.735 7546.763
656.019 7626.705
656.302 7509.818
656.586 7649.439
656.869 7726.409
657.152 7767.966
657.436 7755.227
657.719 7880.756
658.002 7880.416
658.286 7783.347
658.569 7655.050
658.852 7752.335
659.136 7965.051
659.419 7957.966
659.703 7974.230
659.986 7971.205
660.269 7990.496
660.553 7809.633
660.836 7798.475
661.119 7837.114
661.403 7836.803
661.686 7657.946
661.969 7513.511
662.253 7281.302
662.536 7164.453
662.820 7040.408
663.103 6760.510
663.386 6621.585
663.670 6514.101
663.953 6211.461
664.236 6116.458
664.520 5884.462
664.803 5599.781
665.086 5444.336
665.370 5339.437
665.653 5035.506
665.937 4718.118
666.220 4397.651
666.503 4117.753
666.787 3973.757
667.070 3771.488
667.353 3535.736
667.637 3341.971
667.920 3262.884
668.204 2914.775
668.487 2678.783
668.770 2636.724
669.054 2314.952
669.337 2161.369
669.620 1977.902
669.904 1834.360
670.187 1797.514
670.470 1800.389
670.754 1588.164
671.037 1444.192
671.321 1397.793
671.604 1435.030
671.887 1396.600
672.171 1258.442
672.454 1264.333
672.737 1290.509
673.021 1155.442
673.304 1084.780
673.587 1199.789
673.871 1203.307
674.154 1124.880
674.438 1082.891
674.721 1103.465
675.004 1068.612
675.288 1014.105
675.571 957.497
675.854 859.679
676.138 824.502
676.421 756.229
676.704 716.741
676.988 862.564
677.271 969.879
677.555 842.670
677.838 776.506
678.121 766.426
678.405 703.850
678.688 741.136
678.971 634.809
679.255 785.244
679.538 836.093
679.821 791.507
680.105 691.621
680.388 615.836
680.672 570.757
680.955 593.646
681.238 596.364
681.522 568.736
681.805 635.185
682.088 680.376
682.372 644.609
682.655 562.837
682.938 663.065
683.222 657.865
683.505 588.562
683.789 659.636
684.072 641.892
684.355 639.153
684.639 655.873
684.922 570.298
685.205 599.544
685.489 707.079
685.772 687.983
686.056 658.387
686.339 722.213
686.622 615.297
686.906 586.088
687.189 650.825
687.472 802.201
687.756 683.552
688.039 592.426
688.322 549.647
688.606 749.040
688.889 778.286
689.173 701.060
689.456 780.411
689.739 792.956
690.023 762.950
690.306 752.541
690.589 699.693
690.873 738.525
691.156 740.625
691.439 640.747
691.723 605.386
692.006 708.118
692.290 701.467
692.573 732.948
692.856 768.753
693.140 768.771
693.423 708.987
693.706 619.584
693.990 610.048
694.273 642.494
694.556 823.479
694.840 891.384
695.123 794.407
695.407 829.725
695.690 749.764
695.973 799.008
696.257 857.935
696.540 955.836
696.830 937.400
697.120 985.722
697.410 1015.528
697.699 953.991
697.989 1070.859
698.279 960.180
698.569 855.730
698.859 885.461
699.149 871.398
699.439 765.316
699.729 690.062
700.018 665.590
700.308 752.594
700.598 645.578
700.888 559.277
701.178 654.158
701.468 602.802
701.758 511.023
702.048 564.037
702.337 492.834
702.627 586.710
702.917 580.673
703.207 515.069
703.497 552.797
703.787 462.811
704.077 443.173
704.366 473.424
704.656 453.909
704.946 422.563
705.236 406.174
705.526 598.400
705.816 667.279
706.106 420.369
706.396 431.918
706.685 480.301
706.975 456.484
707.265 404.059
707.555 533.974
707.845 511.128
708.135 421.947
708.425 426.641
708.715 413.232
709.004 537.346
709.294 562.065
709.584 532.373
709.874 563.947
710.164 495.916
710.454 423.789
710.744 470.771
711.034 549.218
711.323 548.153
711.613 435.964
711.903 537.813
712.193 586.009
712.483 473.931
712.773 452.314
713.063 446.536
713.352 447.635
713.642 407.675
713.932 518.115
714.222 552.175
714.512 496.206
714.802 455.538
715.092 527.259
715.382 427.608
715.671 385.292
715.961 421.174
716.251 386.507
716.541 402.512
716.831 503.102
717.121 422.092
717.411 467.232
717.701 517.965
717.990 457.692
718.280 470.205
718.570 449.207
718.860 407.763
719.150 404.347
719.440 378.212
719.730 391.960
720.019 607.250
720.309 538.121
720.599 478.919
720.889 426.262
721.179 421.492
721.469 455.436
721.759 445.341
722.049 546.985
722.338 472.216
722.628 452.004
722.918 423.754
723.208 495.737
723.498 391.906
723.788 474.107
724.078 595.392
724.368 547.375
724.657 473.645
724.947 488.581
725.237 490.998
725.527 523.831
725.817 468.374
726.107 413.655
726.397 403.998
726.686 373.065
726.976 419.501
727.266 487.214
727.556 417.596
727.846 510.948
728.136 508.534
728.426 412.635
728.716 344.820
729.005 426.229
729.295 418.492
729.585 350.387
729.875 328.404
730.165 431.550
730.455 515.949
730.745 548.503
731.035 487.352
731.324 547.653
731.614 495.148
731.904 394.574
732.194 488.855
732.484 440.706
732.774 423.211
733.064 396.960
733.354 366.819
733.643 416.687
733.933 469.902
734.223 389.994
734.513 539.131
734.803 491.866
735.093 396.271
735.383 398.625
735.672 489.459
735.962 529.570
736.252 395.147
736.542 457.639
736.832 476.262
737.122 371.841
737.412 441.463
737.702 538.083
737.991 522.396
738.281 448.708
738.571 435.511
738.861 459.020
739.151 450.176
739.441 554.958
739.731 452.711
740.021 445.735
740.310 487.609
740.600 499.950
740.890 367.944
741.180 426.928
741.470 488.146
741.760 507.903
742.050 527.660
742.339 451.567
742.629 445.646
742.919 563.365
743.209 381.992
743.499 347.765
743.789 388.717
744.079 489.721
744.369 530.793
744.658 427.796
744.948 286.792
745.238 416.921
745.528 510.097
745.818 574.108
746.108 479.876
746.398 460.505
746.688 489.318
746.977 583.671
747.267 466.505
747.557 477.917
747.847 533.596
748.137 471.454
748.427 443.607
748.717 359.401
749.006 247.614
749.296 359.428
749.586 451.622
749.876 554.675
750.166 435.166
750.456 406.700
750.746 487.958
751.036 414.119
751.325 514.931
751.615 549.425
751.905 523.465
752.195 501.002
752.485 452.015
752.775 478.507
753.065 378.420
753.355 533.589
753.644 584.653
753.934 460.926
754.224 436.405
754.514 621.595
754.804 423.392
755.094 327.117
755.384 396.338
755.674 421.426
755.963 485.632
756.253 508.221
756.543 581.947
756.833 596.196
757.123 555.450
757.413 456.524
757.703 438.446
757.992 410.319
758.282 446.065
758.572 456.576
758.862 378.198
759.152 460.623
759.442 439.089
759.732 454.619
760.022 508.903
760.311 448.060
760.601 382.681
760.891 534.605
761.181 535.086
761.471 475.275
761.761 423.401
762.051 405.287
762.341 530.646
762.630 588.596
762.920 500.995
763.210 516.634
763.500 499.007
763.793 401.336
764.086 430.553
764.379 380.837
764.671 475.418
764.964 435.189
765.257 453.310
765.550 463.310
765.843 356.468
766.136 412.932
766.429 386.735
766.722 416.570
767.014 379.946
767.307 283.665
767.600 354.171
767.893 368.654
768.186 368.666
768.479 414.042
768.772 489.660
769.064 520.922
769.357 472.072
769.650 431.230
769.943 562.731
770.236 491.244
770.529 379.856
770.822 437.328
771.115 496.817
771.407 569.984
771.700 547.797
771.993 558.464
772.286 513.513
772.579 582.565
772.872 432.375
773.165 382.993
773.457 481.795
773.750 465.140
774.043 408.643
774.336 399.978
774.629 467.732
774.922 480.325
775.215 384.475
775.508 425.002
775.800 390.381
776.093 515.661
776.386 522.197
776.679 435.121
776.972 474.409
777.265 593.253
777.558 602.728
777.850 499.622
778.143 504.659
778.436 525.300
778.729 501.669
779.022 504.696
779.315 414.256
779.608 339.896
779.900 383.124
780.193 466.553
780.486 439.992
780.779 428.530
781.072 431.118
781.365 485.725
781.658 474.177
781.951 464.148
782.243 487.278
782.536 489.273
782.829 496.313
783.122 485.280
783.415 497.845
783.708 527.947
784.001 520.937
784.293 527.970
784.586 568.535
784.879 583.577
785.172 498.921
785.465 436.306
785.758 439.324
786.051 459.376
786.344 501.468
786.636 631.111
786.929 527.019
787.222 474.928
787.515 447.963
787.808 490.037
788.101 447.091
788.394 512.038
788.686 586.974
788.979 581.573
789.272 513.071
789.565 468.659
789.858 447.712
790.151 406.213
790.444 399.231
790.737 401.642
791.029 417.818
791.322 505.654
791.615 485.221
791.908 483.205
792.201 434.829
792.494 493.231
792.787 516.655
793.079 577.002
793.372 546.558
793.665 496.267
793.958 406.548
794.251 492.302
794.544 562.540
794.837 581.058
795.130 458.437
795.422 509.296
795.715 517.283
796.008 476.892
796.301 518.782
796.594 458.036
796.887 498.884
797.180 487.429
797.472 360.820
797.765 313.971
798.058 390.363
798.351 436.626
798.644 397.753
798.937 341.932
799.230 400.367
799.523 645.045
799.815 583.241
800.108 422.734
800.401 444.679
800.694 491.042
800.987 417.782
801.280 493.553
801.573 547.510
801.865 595.473
802.158 534.011
802.451 415.259
802.744 408.284
803.037 479.154
803.330 442.680
803.623 544.046
803.915 545.054
804.208 421.734
804.501 455.622
804.794 502.680
805.087 466.188
805.380 336.872
805.673 328.538
805.966 479.700
806.258 453.137
806.551 481.167
806.844 509.290
807.137 545.993
807.430 430.998
807.723 408.921
808.016 555.518
808.308 576.767
808.601 449.113
808.894 390.672
809.187 490.774
809.480 544.617
809.773 504.884
810.066 517.475
810.359 535.127
810.651 504.936
810.944 352.220
811.237 350.568
811.530 476.713
811.825 454.983
812.119 398.026
812.414 383.910
812.709 473.197
813.003 452.911
813.298 403.929
813.593 464.536
813.887 449.906
814.182 660.768
814.476 600.536
814.771 587.349
815.066 501.067
815.360 381.666
815.655 356.270
815.950 378.006
816.244 404.466
816.539 511.316
816.834 452.203
817.128 499.614
817.423 593.916
817.718 700.043
818.012 612.977
818.307 403.343
818.602 447.411
818.896 506.862
819.191 436.478
819.486 401.343
819.780 517.728
820.075 609.622
820.369 597.450
820.664 456.257
820.959 532.872
821.253 576.958
821.548 474.378
821.843 529.372
822.137 595.421
822.432 555.006
822.727 453.405
823.021 435.100
823.316 567.226
823.611 557.954
823.905 469.943
824.200 394.596
824.495 513.582
824.789 546.293
825.084 552.051
825.379 492.517
825.673 460.313
825.968 490.927
826.262 485.102
826.557 504.725
826.852 547.724
827.146 516.949
827.441 500.504
827.736 591.280
828.030 533.470
828.325 393.849
828.620 497.893
828.914 622.769
829.209 523.342
829.504 639.496
829.798 600.058
830.093 453.557
830.388 418.683
830.682 358.061
830.977 470.625
831.271 509.563
831.566 452.002
831.861 488.646
832.155 426.334
832.450 503.253
832.745 557.889
833.039 458.543
833.334 389.746
833.629 474.778
833.923 465.850
834.218 441.408
834.513 414.625
834.807 372.104
835.102 346.115
835.397 338.835
835.691 321.779
835.986 358.800
836.281 375.385
836.575 376.006
836.870 456.336
837.164 465.589
837.459 397.760
837.754 423.160
838.048 388.773
838.343 390.142
838.638 442.929
838.932 460.448
839.227 459.392
839.522 506.812
839.816 473.541
840.111 437.392
840.406 389.961
840.700 475.692
840.995 610.974
841.290 666.425
841.584 512.745
841.879 534.003
842.174 512.418
842.468 456.079
842.763 395.044
843.057 504.218
843.352 495.745
843.647 455.668
843.941 499.478
844.236 502.731
844.531 484.275
844.825 514.254
845.120 549.453
845.415 597.090
845.709 502.843
846.004 549.031
846.299 463.826
846.593 570.658
846.888 543.990
847.183 476.456
847.477 419.442
847.772 460.425
848.066 558.686
848.361 548.580
848.656 548.075
848.950 544.767
849.245 512.220
849.540 464.176
849.834 575.829
850.129 657.922
850.424 619.652
850.718 526.122
851.013 565.213
851.308 561.130
851.602 558.844
851.897 547.482
852.192 582.975
852.486 522.085
852.781 452.221
853.076 557.615
853.370 573.006
853.665 595.900
853.959 624.230
854.254 494.680
854.549 611.439
854.843 540.834
855.138 463.561
855.433 551.382
855.727 646.922
856.022 543.376
856.317 549.545
856.611 562.957
856.906 495.976
857.201 533.546
857.495 627.441
857.790 607.755
858.085 542.261
858.379 557.113
858.674 431.707
858.969 391.326
859.263 467.387
859.558 470.258
859.852 424.179
860.147 446.285
860.442 559.585
860.736 396.546
861.031 503.841
861.326 647.556
861.620 544.828
861.915 626.549
862.210 612.739
862.504 486.169
862.799 576.855
863.094 576.701
863.388 487.375
863.683 423.241
863.978 429.457
864.272 433.825
864.567 456.602
864.861 455.655
865.156 426.652
865.451 385.190
865.745 504.846
866.040 514.123
866.335 546.029
866.629 573.253
866.924 485.345
867.219 437.277
867.513 556.923
867.808 541.441
868.103 492.650
868.397 512.402
868.692 493.194
868.987 419.042
869.281 420.381
869.576 485.258
869.871 553.850
870.165 488.838
870.460 399.714
870.754 440.677
871.049 371.359
871.344 462.711
871.638 499.849
871.933 406.261
872.228 439.334
872.522 494.471
872.817 544.403
873.112 663.785
873.406 535.997
873.701 551.615
873.996 507.706
874.290 448.854
874.585 415.952
874.880 486.361
875.174 469.484
875.469 462.276
875.764 460.872
876.058 429.577
876.353 349.789
876.647 380.873
876.942 433.298
877.237 453.115
877.531 493.810
877.826 526.712
878.121 484.344
878.415 448.754
878.710 415.290
879.005 531.715
879.299 511.369
879.594 436.096
879.889 274.980
880.183 307.305
880.478 427.123
880.773 436.604
881.067 429.274
881.362 437.785
881.656 389.831
881.951 420.033
882.246 366.245
882.540 362.813
882.835 398.584
883.130 456.995
883.424 398.055
883.719 365.342
884.014 459.154
884.308 402.277
884.603 390.289
884.898 427.279
885.192 474.909
885.487 436.073
885.782 349.316
886.076 494.378
886.371 464.772
886.666 297.546
886.960 385.101
887.255 380.287
887.549 363.528
887.844 502.052
888.139 528.346
888.433 478.480
888.728 391.492
889.023 420.806
889.317 439.571
889.612 400.216
889.907 443.231
890.201 433.504
890.496 434.012
890.791 400.950
891.085 387.363
891.380 361.775
891.675 400.970
891.969 453.097
892.264 382.303
892.559 408.220
892.853 517.149
893.148 429.777
893.442 386.736
893.737 447.930
894.032 382.344
894.326 327.726
894.621 347.997
894.916 318.328
895.210 376.204
895.505 469.964
895.800 391.695
896.094 303.632
896.389 379.543
896.684 444.373
896.978 376.909
897.273 308.617
897.568 472.662
897.862 479.276
898.157 428.001
898.451 544.315
898.746 529.278
899.041 518.239
899.335 465.101
899.630 379.527
899.925 373.883
900.219 473.979
900.514 559.121
900.809 412.933
901.103 288.761
901.398 461.059
901.693 451.612
901.987 412.805
902.282 454.297
902.577 388.209
902.871 312.112
903.166 408.740
903.461 488.576
903.755 462.210
904.050 400.735
904.344 314.387
904.639 339.224
904.934 370.954
905.228 403.103
905.523 367.229
905.818 372.311
906.112 478.624
906.407 459.639
906.702 391.761
906.996 433.870
907.291 404.085
907.586 378.903
907.880 523.449
908.175 510.295
908.470 465.756
908.764 484.413
909.059 525.816
909.354 530.432
909.648 437.773
909.943 408.556
910.237 487.078
910.532 515.475
910.827 551.229
911.121 538.897
911.416 423.166
911.711 423.173
912.005 461.712
912.300 448.733
912.599 532.317
912.898 458.318
913.196 453.106
913.495 481.870
913.794 545.040
914.093 467.475
914.391 467.421
914.690 520.042
914.989 499.059
915.288 491.137
915.586 435.053
915.885 376.885
916.184 317.562
916.483 349.463
916.782 456.330
917.080 472.314
917.379 472.269
917.678 402.975
917.977 506.204
918.275 546.425
918.574 510.036
918.873 539.017
919.172 516.263
919.471 417.870
919.769 428.605
920.068 404.598
920.367 391.025
920.666 426.155
920.964 447.726
921.263 387.902
921.562 383.831
921.861 474.982
922.159 408.015
922.458 414.811
922.757 449.102
923.056 460.629
923.355 436.524
923.653 460.037
923.952 509.051
924.251 369.795
924.550 451.940
924.848 488.860
925.147 379.319
925.446 384.663
925.745 509.689
926.043 480.831
926.342 465.296
926.641 432.768
926.940 490.246
927.239 480.666
927.537 482.615
927.836 422.870
928.135 423.735
928.434 496.757
928.732 492.670
929.031 511.590
929.330 565.979
929.629 507.540
929.927 447.831
930.226 405.642
930.525 437.482
930.824 608.826
931.123 505.095
931.421 561.717
931.720 583.828
932.019 550.256
932.318 543.023
932.616 515.958
932.915 464.345
933.214 536.788
933.513 542.994
933.812 456.567
934.110 530.906
934.409 624.243
934.708 528.100
935.007 691.913
935.305 646.009
935.604 412.280
935.903 494.688
936.202 556.330
936.500 672.653
936.799 805.589
937.098 712.708
937.397 645.824
937.696 596.227
937.994 549.204
938.293 589.190
938.592 530.771
938.891 576.985
939.189 615.353
939.488 652.783
939.787 800.364
940.086 653.841
940.384 696.490
940.683 638.658
940.982 514.296
941.281 624.608
941.580 902.870
941.878 860.393
942.177 654.297
942.476 698.873
942.775 667.836
943.073 533.244
943.372 528.072
943.671 699.636
943.970 828.929
944.268 723.521
944.567 560.192
944.866 637.687
945.165 657.204
945.464 671.812
945.762 598.255
946.061 734.399
946.360 787.353
946.659 723.807
946.957 736.410
947.256 646.634
947.555 672.188
947.854 733.394
948.153 607.092
948.451 589.743
948.750 602.306
949.049 576.711
949.348 775.720
949.646 680.220
949.945 605.261
950.244 679.210
950.543 646.516
950.841 611.076
951.140 605.191
951.439 541.814
951.738 534.976
952.037 570.004
952.335 646.889
952.634 690.676
952.933 593.800
953.232 591.018
953.530 446.732
953.829 611.507
954.128 725.128
954.427 655.135
954.725 715.997
955.024 626.253
955.323 611.940
955.622 500.496
955.921 463.062
956.219 544.537
956.518 519.030
956.817 594.821
957.116 632.474
957.414 590.149
957.713 457.104
958.012 345.566
958.311 345.128
958.610 544.102
958.908 589.940
959.207 553.307
959.506 570.194
959.805 563.064
960.103 593.079
960.402 572.490
960.701 474.028
961.000 479.776
961.298 455.238
961.597 539.231
961.896 515.111
962.195 481.183
962.494 518.310
962.792 487.963
963.091 469.200
963.390 452.275
963.689 399.537
963.987 513.148
964.286 595.205
964.585 569.744
964.884 496.314
965.182 420.288
965.481 696.358
965.780 766.509
966.080 635.081
966.380 560.292
966.680 505.495
966.981 513.508
967.281 527.345
967.581 434.601
967.881 508.168
968.181 581.736
968.481 526.193
968.781 498.599
969.082 398.824
969.382 475.916
969.682 574.867
969.982 563.306
970.282 621.002
970.582 480.672
970.882 397.615
971.183 541.163
971.483 528.023
971.783 517.474
972.083 512.236
972.383 551.144
972.683 592.114
972.983 601.205
973.284 516.258
973.584 477.627
973.884 467.816
974.184 496.702
974.484 578.138
974.784 448.920
975.084 411.265
975.385 425.904
975.685 494.722
975.985 460.024
976.285 500.335
976.585 500.849
976.885 438.417
977.185 463.804
977.486 499.344
977.786 448.587
978.086 500.368
978.386 539.728
978.686 424.117
978.986 362.882
979.286 400.888
979.587 476.894
979.887 427.899
980.187 385.905
980.487 370.911
980.787 425.917
981.087 465.923
981.387 615.928
981.688 497.934
981.988 364.940
982.288 422.946
982.588 495.952
982.888 462.957
983.188 391.963
983.488 474.969
983.789 526.975
984.089 553.980
984.389 514.986
984.689 421.992
984.989 386.998
985.289 391.003
985.589 548.009
985.890 515.015
986.190 357.020
986.490 430.026
986.790 553.032
987.090 469.038
987.390 497.043
987.690 536.049
987.991 440.055
988.291 418.060
988.591 483.066
988.891 367.072
989.191 357.077
989.491 495.083
989.791 501.089
990.092 518.094
990.392 548.100
990.692 488.105
990.992 487.111
991.292 450.117
991.592 486.122
991.892 436.128
992.193 521.134
992.493 521.139
992.793 440.145
993.093 456.150
993.393 479.156
993.693 544.161
993.993 589.167
994.294 597.173
994.594 460.178
994.894 449.184
995.194 475.189
995.494 431.195
995.794 449.200
996.094 422.206
996.395 499.211
996.695 573.217
996.995 410.223
997.295 316.228
997.595 404.234
997.895 354.239
998.195 311.245
998.496 332.250
998.796 362.256
999.096 563.261
999.396 445.266
999.696 502.272
999.996 532.277
1000.296 548.283
1000.597 590.288
1000.897 465.294
1001.197 448.299
1001.497 599.305
1001.797 453.310
1002.097 384.316
1002.397 471.321
1002.698 552.326
1002.998 577.332
1003.298 501.337
1003.598 391.343
1003.898 343.348
1004.198 480.353
1004.498 558.359
1004.799 509.364
1005.099 600.370
1005.399 583.375
1005.699 504.380
1005.999 479.386
1006.299 427.391
1006.599 613.396
1006.900 626.402
1007.200 449.407
1007.500 463.413
1007.800 451.418
1008.100 401.423
1008.400 406.429
1008.700 424.434
1009.001 389.439
1009.301 398.444
1009.601 583.450
1009.901 622.455
1010.201 523.460
1010.501 498.466
1010.801 623.471
1011.102 470.476
1011.402 519.482
1011.702 458.487
1012.002 373.492
1012.302 511.497
1012.602 469.503
1012.902 442.508
1013.203 509.513
1013.503 558.518
1013.803 540.524
1014.103 404.529
1014.403 488.534
1014.703 456.539
1015.003 465.545
1015.304 584.550
1015.604 614.555
1015.904 425.560
1016.204 367.565
1016.504 437.571
1016.804 450.576
1017.104 426.581
1017.405 421.586
1017.705 378.591
1018.005 400.596
1018.305 457.602
1018.605 475.607
1018.905 374.612
1019.205 344.617
1019.506 594.622
1019.806 605.627
1020.106 523.633
1020.406 508.638
1020.706 446.643
1021.006 535.648
1021.306 617.653
1021.607 476.658
1021.907 562.663
1022.207 548.668
1022.507 443.674
1022.807 452.679
1023.107 475.684
1023.407 425.689
1023.708 419.694
1024.008 421.699
1024.308 482.704
1024.608 475.709
1024.908 360.714
1025.208 464.719
1025.508 672.724
1025.809 621.729
1026.109 466.734
1026.409 543.739
1026.709 510.744
1027.009 423.750
1027.309 511.755
1027.609 427.760
1027.910 403.765
1028.210 450.770
1028.510 543.775
1028.810 711.780
1029.110 644.785
1029.410 513.790
1029.710 576.795
1030.011 621.800
1030.311 618.805
1030.611 481.810
1030.911 478.815
1031.211 560.820
1031.511 473.824
1031.811 604.829
1032.112 646.834
1032.412 516.839
1032.712 379.844
1033.012 472.849
1033.312 642.854
1033.612 595.859
1033.912 470.864
1034.212 398.869
1034.513 407.874
1034.813 403.879
1035.113 503.884
1035.413 420.889
1035.713 478.894
1036.013 496.898
1036.313 491.903
1036.614 552.908
1036.914 437.913
1037.214 396.918
1037.514 534.923
1037.814 427.928
1038.114 367.933
1038.414 417.937
1038.715 518.942
1039.015 452.947
1039.315 396.952
1039.615 478.957
1039.915 457.962
1040.215 377.967
1040.515 400.971
1040.816 513.976
1041.116 552.981
1041.416 455.986
1041.716 388.991
1042.016 395.996
1042.316 523.000
1042.616 488.005
1042.917 420.010
1043.217 396.015
1043.517 463.020
1043.817 547.024
1044.117 523.029
1044.417 508.034
1044.717 436.039
1045.018 428.043
1045.318 510.048
1045.618 528.053
1045.918 437.058
1046.218 407.062
1046.518 443.067
1046.818 489.072
1047.119 420.077
1047.419 561.081
1047.719 555.086
1048.019 450.091
1048.319 487.096
1048.619 456.100
1048.919 463.105
1049.220 486.110
1049.520 544.114
1049.820 491.119
1050.120 424.124
1050.420 580.129
1050.720 563.133
1051.020 514.138
1051.321 514.143
1051.621 587.147
1051.921 513.152
1052.221 423.157
1052.521 374.161
1052.821 354.166
1053.121 439.171
1053.422 572.175
1053.722 585.180
1054.022 483.185
1054.322 584.189
1054.622 446.194
1054.922 387.198
1055.222 524.203
1055.523 507.208
1055.823 527.212
1056.123 575.217
1056.423 491.222
1056.723 538.226
1057.023 457.231
1057.323 388.235
1057.624 461.240
1057.924 502.245
1058.224 482.249
1058.524 464.254
1058.824 522.258
1059.124 468.263
1059.424 415.267
1059.725 466.272
1060.025 424.277
1060.325 460.281
1060.625 427.286
1060.925 420.290
1061.225 455.295
1061.525 558.299
1061.826 510.304
1062.126 479.308
1062.426 448.313
1062.726 519.317
1063.026 556.322
1063.326 622.326
1063.626 580.331
1063.927 513.335
1064.227 531.340
1064.527 493.344
1064.827 534.349
1065.127 488.353
1065.427 328.358
1065.727 397.362
1066.028 547.367
1066.328 480.371
1066.628 368.376
1066.928 446.380
1067.228 473.385
1067.528 422.389
1067.828 413.394
1068.129 378.398
1068.429 497.403
1068.729 567.407
1069.029 483.412
1069.329 409.416
1069.629 486.420
1069.929 528.425
1070.230 559.429
1070.530 547.434
1070.830 525.438
1071.130 521.443
1071.430 429.447
1071.730 505.451
1072.030 578.456
1072.331 410.460
1072.631 422.465
1072.931 504.469
1073.231 471.473
1073.531 428.478
1073.831 412.482
1074.131 484.487
1074.432 575.491
1074.732 499.495
1075.032 396.500
1075.332 389.504
1075.632 449.508
1075.932 419.513
1076.232 368.517
1076.533 398.521
1076.833 469.526
1077.133 449.530
1077.433 435.534
1077.733 403.539
1078.033 518.543
1078.333 482.547
1078.634 450.552
1078.934 464.556
1079.234 404.560
1079.534 532.565
1079.834 563.569
1080.134 535.573
1080.434 546.578
1080.735 470.582
1081.035 478.586
1081.335 415.590
1081.635 407.595
1081.935 363.599
1082.235 402.603
1082.535 456.608
1082.836 469.612
1083.136 477.616
1083.436 545.620
1083.736 523.625
1084.036 431.629
1084.336 402.633
1084.636 347.637
1084.937 445.642
1085.237 575.646
1085.537 504.650
1085.837 479.654
1086.137 456.659
1086.437 549.663
1086.737 487.667
1087.038 441.671
1087.338 543.675
1087.638 540.680
1087.938 428.684
1088.238 308.688
1088.538 445.692
1088.838 594.697
1089.139 588.701
1089.439 379.705
1089.739 466.709
1090.039 522.713
1090.339 515.717
1090.639 435.722
1090.939 446.726
1091.240 418.730
1091.540 444.734
1091.840 439.738
1092.140 535.742
1092.453 567.747
1092.766 440.751
1093.079 388.755
1093.392 436.759
1093.705 428.763
1094.018 468.767
1094.330 584.771
1094.643 539.776
1094.956 619.780
1095.269 501.784
1095.582 484.788
1095.895 455.792
1096.208 395.796
1096.521 463.800
1096.834 503.804
1097.147 487.808
1097.460 557.813
1097.773 621.817
1098.085 496.821
1098.398 392.825
1098.711 394.829
1099.024 375.833
1099.337 449.837
1099.650 561.841
1099.963 567.845
1100.276 427.849
1100.589 423.853
1100.902 521.857
1101.215 538.862
1101.528 587.866
1101.841 501.870
1102.153 500.874
1102.466 548.878
1102.779 453.882
1103.092 412.886
1103.405 472.890
1103.718 476.894
1104.031 467.898
1104.344 529.902
1104.657 476.906
1104.970 697.910
1105.283 541.914
1105.596 409.918
1105.909 425.922
1106.221 501.926
1106.534 541.930
1106.847 472.934
1107.160 405.938
1107.473 426.942
1107.786 431.946
1108.099 339.950
1108.412 398.954
1108.725 475.958
1109.038 391.962
1109.351 536.966
1109.664 565.970
1109.977 465.974
1110.289 459.978
1110.602 521.982
1110.915 450.986
1111.228 384.990
1111.541 395.993
1111.854 396.997
1112.167 297.001
1112.480 365.005
1112.793 453.009
1113.106 445.013
1113.419 499.017
1113.732 466.021
1114.044 423.025
1114.357 472.029
1114.670 444.033
1114.983 360.037
1115.296 404.041
1115.609 483.044
1115.922 492.048
1116.235 551.052
1116.548 498.056
1116.861 451.060
1117.174 459.064
1117.487 497.068
1117.800 642.072
1118.112 504.076
1118.425 438.079
1118.738 438.083
1119.051 446.087
1119.364 458.091
1119.677 503.095
1119.990 449.099
1120.303 493.103
1120.616 552.106
1120.929 442.110
1121.242 544.114
1121.555 556.118
1121.868 534.122
1122.180 495.126
1122.493 299.130
1122.806 330.133
1123.119 467.137
1123.432 515.141
1123.745 463.145
1124.058 441.149
1124.371 449.152
1124.684 522.156
1124.997 531.160
1125.310 475.164
1125.623 312.168
1125.935 297.171
1126.248 422.175
1126.561 491.179
1126.874 483.183
1127.187 596.187
1127.500 597.190
1127.813 529.194
1128.126 498.198
1128.439 451.202
1128.752 551.205
1129.065 427.209
1129.378 294.213
1129.691 359.217
1130.003 401.221
1130.316 427.224
1130.629 376.228
1130.942 448.232
1131.255 447.236
1131.568 381.239
1131.881 448.243
1132.194 524.247
1132.507 504.250
1132.820 520.254
1133.133 530.258
1133.446 393.262
1133.759 573.265
1134.071 926.269
1134.384 659.273
1134.697 632.277
1135.010 606.280
1135.323 464.284
1135.636 425.288
1135.949 399.291
1136.262 444.295
1136.575 439.299
1136.888 474.302
1137.201 418.306
1137.514 448.310
1137.826 507.313
1138.139 400.317
1138.452 428.321
1138.765 625.324
1139.078 619.328
1139.391 551.332
1139.704 481.335
1140.017 494.339
1140.330 418.343
1140.643 392.346
1140.956 394.350
1141.269 471.354
1141.582 494.357
1141.894 437.361
1142.207 562.365
1142.520 502.368
1142.833 561.372
1143.146 473.376
1143.459 418.379
1143.772 454.383
1144.085 522.386
1144.398 474.390
1144.711 448.394
1145.024 421.397
1145.337 421.401
1145.650 483.404
1145.962 404.408
1146.275 438.412
1146.588 414.415
1146.901 518.419
1147.214 487.422
1147.527 412.426
1147.840 456.430
1148.153 421.433
1148.466 433.437
1148.779 486.440
1149.092 488.444
1149.405 386.447
1149.718 458.451
1150.030 515.455
1150.343 466.458
1150.656 419.462
1150.969 438.465
1151.282 613.469
1151.595 532.472
1151.908 413.476
1152.221 336.479
1152.534 405.483
1152.847 589.487
1153.160 498.490
1153.473 517.494
1153.785 543.497
1154.098 527.501
1154.411 573.504
1154.724 488.508
1155.037 547.511
1155.350 508.515
1155.663 499.518
1155.976 435.522
1156.289 518.525
1156.602 454.529
1156.915 354.532
1157.228 364.536
1157.541 447.539
1157.853 436.543
1158.166 455.546
1158.479 528.550
1158.792 503.553
1159.105 521.557
1159.418 517.560
1159.731 514.564
1160.044 450.567
1160.357 519.571
1160.670 540.574
1160.983 405.578
1161.296 464.581
1161.609 578.584
1161.921 487.588
1162.234 454.591
1162.547 350.595
1162.860 373.598
1163.173 374.602
1163.486 462.605
1163.799 472.609
1164.112 448.612
1164.425 429.616
1164.738 425.619
1165.051 378.622
1165.364 456.626
1165.676 510.629
1165.989 531.633
1166.302 423.636
1166.615 480.639
1166.928 463.643
1167.241 507.646
1167.554 525.650
1167.867 552.653
1168.180 476.657
1168.493 340.660
1168.806 438.663
1169.119 468.667
1169.432 566.670
1169.744 513.673
1170.057 454.677
1170.370 518.680
1170.683 508.684
1170.996 396.687
1171.309 420.690
1171.622 448.694
1171.935 443.697
1172.248 604.700
1172.561 582.704
1172.874 494.707
1173.187 490.711
1173.500 518.714
1173.812 540.717
1174.125 495.721
1174.438 499.724
1174.751 431.727
1175.064 461.731
1175.377 521.734
1175.690 459.737
1176.003 410.741
1176.316 459.744
1176.629 513.747
1176.942 460.751
1177.255 422.754
1177.567 391.757
1177.880 403.761
1178.193 505.764
1178.506 441.767
1178.819 507.771
1179.132 536.774
1179.445 385.777
1179.758 560.780
1180.071 605.784
1180.384 457.787
1180.697 455.790
1181.010 531.794
1181.323 622.797
1181.635 598.800
1181.948 520.804
1182.261 451.807
1182.574 426.810
1182.887 459.813
1183.200 578.817
1183.513 544.820
1183.826 493.823
1184.139 554.826
1184.452 466.830
1184.765 398.833
1185.078 350.836
1185.391 393.839
1185.703 345.843
1186.016 321.846
1186.329 361.849
1186.642 465.852
1186.955 556.856
1187.268 431.859
1187.581 459.862
1187.894 451.865
1188.207 485.869
1188.520 425.872
1188.833 396.875
1189.146 377.878
1189.459 381.882
1189.771 417.885
1190.084 508.888
1190.397 416.891
1190.710 448.894
1191.023 493.898
1191.336 460.901
1191.649 442.904
1191.962 477.907
1192.275 418.910
1192.588 523.914
1192.901 635.917
1193.214 439.920
1193.526 460.923
1193.839 501.926
1194.152 379.930
1194.465 477.933
1194.778 469.936
1195.091 475.939
1195.404 412.942
1195.717 440.946
1196.030 536.949
1196.343 464.952
1196.656 355.955
1196.969 439.958
1197.282 469.961
1197.594 463.964
1197.907 569.968
1198.220 580.971
1198.533 507.974
1198.846 452.977
1199.159 424.980
1199.472 438.983
1199.785 474.987
1200.098 404.990
1200.411 512.993
1200.724 470.996
1201.037 428.999
1201.350 399.002
1201.662 425.005
1201.975 489.008
1202.288 481.012
1202.601 172.015
