165.028 47.990
165.288 -23.538
165.547 55.936
165.807 72.413
166.067 -11.108
166.327 -88.626
166.587 -49.142
166.847 92.344
167.107 81.832
167.367 94.323
167.627 101.816
167.886 48.311
168.146 75.808
168.406 196.308
168.666 156.809
168.926 101.313
169.186 121.819
169.446 80.327
169.706 -10.164
169.966 106.348
170.225 114.863
170.485 143.379
170.745 184.897
171.005 263.416
171.265 121.938
171.525 65.462
171.785 -7.012
172.045 41.515
172.305 189.045
172.564 101.576
172.824 18.109
173.084 163.644
173.344 52.180
173.604 -2.281
173.864 126.259
174.124 48.800
174.384 19.344
174.644 159.889
174.903 265.435
175.163 238.984
175.423 260.534
175.683 104.085
175.943 138.638
176.203 156.193
176.463 77.749
176.723 22.306
176.983 73.865
177.242 117.426
177.502 254.988
177.762 242.551
178.022 20.115
178.282 35.682
178.542 46.249
178.802 33.818
179.062 39.388
179.322 232.959
179.581 243.531
179.841 107.105
180.101 150.680
180.361 189.257
180.621 134.834
180.881 79.413
181.141 61.992
181.401 75.573
181.661 154.155
181.920 223.738
182.180 128.322
182.440 18.908
182.700 -6.506
182.960 43.081
183.220 107.669
183.480 238.258
183.740 115.848
184.000 8.439
184.259 -12.969
184.519 111.624
184.779 88.218
185.039 144.813
185.299 247.408
185.559 281.004
185.819 225.601
186.079 171.199
186.339 134.798
186.598 130.397
186.858 42.997
187.118 56.598
187.378 198.200
187.638 135.802
187.898 198.405
188.158 235.008
188.418 89.612
188.678 77.217
188.937 135.822
189.197 196.428
189.457 178.035
189.717 120.641
189.977 33.249
190.237 9.857
190.497 172.465
190.757 180.074
191.017 152.684
191.276 92.294
191.536 107.904
191.796 74.515
192.056 96.126
192.316 114.737
192.576 94.349
192.836 63.961
193.096 47.574
193.356 79.186
193.616 89.799
193.875 100.413
194.135 127.026
194.395 238.640
194.655 235.254
194.915 201.869
195.175 176.483
195.435 235.098
195.695 58.713
195.955 -40.672
196.214 82.943
196.474 237.558
196.734 216.174
196.994 226.789
197.254 222.405
197.514 151.021
197.774 146.636
198.034 89.252
198.294 92.868
198.553 140.484
198.813 104.100
199.073 33.716
199.333 110.332
199.593 251.947
199.853 281.563
200.113 301.179
200.373 207.794
200.633 76.410
200.892 83.025
201.152 65.641
201.412 106.256
201.672 232.871
201.932 368.486
202.192 274.101
202.452 91.715
202.712 65.330
202.972 137.944
203.231 244.558
203.491 198.172
203.751 182.785
204.011 183.399
204.271 253.012
204.531 116.624
204.791 87.237
205.051 122.849
205.311 166.461
205.570 102.073
205.830 105.684
206.090 121.295
206.350 210.906
206.610 363.516
206.870 202.126
207.130 162.735
207.390 204.345
207.650 166.953
207.909 153.562
208.169 233.170
208.429 218.777
208.689 74.384
208.949 187.991
209.209 254.597
209.469 92.203
209.729 79.808
209.989 154.413
210.248 106.017
210.508 287.621
210.768 256.224
211.028 165.827
211.288 246.429
211.548 221.031
211.808 228.632
212.068 351.233
212.328 354.833
212.587 291.432
212.847 248.031
213.107 252.630
213.367 205.227
213.627 178.824
213.887 179.421
214.147 111.017
214.407 180.612
214.667 197.207
214.926 281.801
215.186 266.394
215.446 252.987
215.706 177.579
215.966 124.171
216.226 161.761
216.486 155.351
216.746 224.941
217.006 281.529
217.265 230.117
217.525 131.705
217.785 203.291
218.045 270.877
218.305 180.462
218.565 136.046
218.825 243.630
219.085 319.213
219.345 203.795
219.604 159.376
219.864 239.957
220.124 254.537
220.384 209.116
220.644 203.694
220.904 125.272
221.164 182.848
221.424 241.424
221.684 158.999
221.943 157.574
222.203 247.147
222.463 181.720
222.723 98.292
222.983 178.863
223.243 183.433
223.503 201.002
223.763 139.571
224.023 110.138
224.282 250.705
224.542 288.271
224.802 259.836
225.062 258.400
225.322 328.963
225.582 260.526
225.842 233.087
226.102 243.648
226.362 230.208
226.621 249.767
226.881 211.325
227.141 245.882
227.401 256.438
227.661 141.993
227.921 302.548
228.181 252.101
228.441 221.654
228.701 344.205
228.960 365.756
229.220 193.306
229.480 116.855
229.740 246.403
230.000 289.949
230.260 144.496
230.520 120.041
230.780 154.585
231.040 190.128
231.299 193.670
231.559 187.211
231.819 206.752
232.079 256.291
232.339 268.829
232.599 124.367
232.859 227.903
233.119 285.438
233.379 175.973
233.638 229.506
233.898 331.039
234.158 293.570
234.418 146.101
234.678 200.631
234.938 306.159
235.198 202.687
235.458 170.213
235.718 237.739
235.978 181.263
236.237 206.787
236.497 264.310
236.757 301.831
237.017 286.352
237.277 231.871
237.537 289.390
237.797 214.907
238.057 266.424
238.317 231.939
238.576 151.454
238.836 180.967
239.096 227.480
239.356 200.991
239.616 179.502
239.876 214.011
240.136 218.519
240.396 301.027
240.656 340.533
240.915 253.038
241.175 205.543
241.435 161.046
241.695 239.548
241.955 368.049
242.215 393.549
242.475 343.048
242.735 231.546
242.995 308.043
243.254 292.539
243.514 271.034
243.774 168.528
244.034 181.021
244.294 378.513
244.554 328.004
244.814 291.494
245.074 217.982
245.334 198.470
245.593 222.957
245.853 230.442
246.113 206.927
246.373 299.411
246.633 326.893
246.893 244.374
247.153 251.855
247.413 288.334
247.673 259.813
247.932 270.290
248.192 300.766
248.452 301.241
248.712 259.715
248.972 190.188
249.232 315.661
249.492 264.132
249.752 160.602
250.012 300.070
250.271 261.538
250.531 272.005
250.791 411.471
251.051 350.936
251.311 214.400
251.571 129.862
251.831 241.324
252.091 322.784
252.351 276.244
252.610 179.703
252.870 241.160
253.130 283.616
253.390 288.072
253.650 338.526
253.911 303.980
254.172 302.432
254.433 264.883
254.694 211.333
254.955 261.782
255.216 228.231
255.477 320.678
255.738 282.124
255.999 227.569
256.261 358.013
256.522 324.456
256.783 312.898
257.044 220.339
257.305 138.779
257.566 140.217
257.827 141.655
258.088 187.092
258.349 175.528
258.610 252.963
258.871 319.396
259.132 363.829
259.393 310.261
259.654 164.691
259.915 129.121
260.176 252.550
260.437 311.977
260.698 262.404
260.959 191.830
261.221 239.254
261.482 312.678
261.743 289.100
262.004 285.522
262.265 409.942
262.526 362.362
262.787 239.780
263.048 286.198
263.309 234.614
263.570 334.030
263.831 350.444
264.092 296.858
264.353 185.270
264.614 347.682
264.875 344.092
265.136 233.502
265.397 367.910
265.658 399.318
265.919 450.724
266.181 433.130
266.442 245.534
266.703 224.938
266.964 234.340
267.225 241.742
267.486 272.143
267.747 308.542
268.008 375.941
268.269 435.339
268.530 372.735
268.791 317.131
269.052 370.526
269.313 288.919
269.574 269.312
269.835 325.704
270.096 330.095
270.357 344.485
270.618 339.874
270.879 277.262
271.141 307.648
271.402 304.035
271.663 226.420
271.924 283.804
272.185 322.187
272.446 300.569
272.707 284.950
272.968 254.331
273.229 246.710
273.490 277.088
273.751 219.466
274.012 272.842
274.273 352.218
274.534 329.592
274.795 321.966
275.056 352.339
275.317 250.711
275.578 177.081
275.839 232.451
276.101 186.820
276.362 167.189
276.623 270.556
276.884 369.922
277.145 319.287
277.406 329.652
277.667 267.015
277.928 200.378
278.189 378.739
278.450 417.100
278.711 350.460
278.972 300.819
279.233 260.177
279.494 328.534
279.755 441.890
280.016 442.245
280.277 309.599
280.538 297.953
280.799 261.305
281.061 261.657
281.322 265.008
281.583 257.358
281.844 209.707
282.105 187.055
282.366 312.402
282.627 312.748
282.888 354.094
283.149 346.438
283.410 228.782
283.671 234.125
283.932 254.467
284.193 200.808
284.454 229.148
284.715 278.487
284.976 254.826
285.237 354.163
285.498 554.500
285.759 447.836
286.021 417.171
286.282 349.505
286.543 358.838
286.804 333.171
287.065 326.502
287.326 387.833
287.587 255.163
287.848 334.492
288.109 407.820
288.370 378.147
288.631 250.474
288.892 200.800
289.153 216.124
289.414 201.448
289.675 383.772
289.936 457.094
290.197 395.415
290.458 343.736
290.719 249.056
290.981 375.375
291.242 476.693
291.503 398.010
291.764 274.327
292.025 214.643
292.286 230.957
292.547 340.272
292.808 312.585
293.069 328.897
293.330 362.209
293.591 317.520
293.852 286.830
294.113 277.139
294.374 294.448
294.635 359.755
294.896 408.062
295.157 413.368
295.418 356.673
295.679 392.978
295.941 330.282
296.202 340.585
296.463 356.887
296.724 415.188
296.985 469.489
297.246 409.788
297.507 279.087
297.768 276.386
298.029 379.683
298.290 438.980
298.551 485.276
298.812 533.571
299.073 365.865
299.334 272.159
299.595 391.452
299.856 374.744
300.117 456.035
300.378 416.326
300.639 278.616
300.901 280.905
301.162 348.193
301.423 358.481
301.684 460.768
301.945 496.054
302.206 323.339
302.467 335.624
302.728 330.908
302.989 349.191
303.250 367.473
303.511 453.755
303.772 431.036
304.033 384.316
304.294 360.596
304.555 344.874
304.816 422.153
305.077 440.430
305.338 317.706
305.599 261.982
305.861 330.258
306.122 383.532
306.383 305.806
306.644 298.079
306.905 253.351
307.166 432.623
307.427 368.894
307.688 362.164
307.949 290.434
308.210 327.702
308.471 391.971
308.732 335.238
308.993 250.505
309.254 311.771
309.515 224.036
309.776 303.301
310.037 363.565
310.298 251.828
310.559 278.091
310.821 412.353
311.082 374.614
311.343 245.875
311.604 264.135
311.865 263.394
312.126 256.652
312.387 317.910
312.648 327.168
312.909 328.424
313.170 355.680
313.434 340.935
313.698 291.190
313.963 352.444
314.227 320.697
314.491 323.950
314.755 359.202
315.019 356.453
315.284 209.704
315.548 293.954
315.812 346.203
316.076 453.452
316.340 419.700
316.604 352.947
316.869 402.194
317.133 373.440
317.397 414.686
317.661 449.931
317.925 379.175
318.190 353.419
318.454 321.662
318.718 290.904
318.982 379.146
319.246 441.387
319.511 583.627
319.775 460.867
320.039 383.107
320.303 350.345
320.567 398.583
320.832 390.821
321.096 335.057
321.360 347.294
321.624 323.529
321.888 246.764
322.153 269.999
322.417 288.232
322.681 221.466
322.945 321.698
323.209 369.930
323.473 367.162
323.738 369.392
324.002 351.623
324.266 476.852
324.530 469.081
324.794 341.310
325.059 301.538
325.323 292.765
325.587 284.991
325.851 299.218
326.115 446.443
326.380 393.668
326.644 348.892
326.908 399.116
327.172 363.339
327.436 357.562
327.701 383.784
327.965 342.006
328.229 317.227
328.493 228.447
328.757 280.667
329.022 402.886
329.286 292.105
329.550 319.323
329.814 361.540
330.078 281.757
330.342 232.974
330.607 302.190
330.871 381.405
331.135 483.620
331.399 472.834
331.663 375.048
331.928 355.261
332.192 425.474
332.456 399.686
332.720 427.897
332.984 354.108
333.249 409.319
333.513 380.529
333.777 276.738
334.041 260.947
334.305 359.155
334.570 407.363
334.834 276.571
335.098 450.777
335.362 462.984
335.626 361.189
335.891 323.394
336.155 354.599
336.419 349.803
336.683 266.007
336.947 362.210
337.211 370.413
337.476 293.615
337.740 348.816
338.004 328.017
338.268 310.218
338.532 415.418
338.797 376.617
339.061 377.816
339.325 429.015
339.589 469.213
339.853 377.411
340.118 310.608
340.382 382.804
340.646 466.000
340.910 348.196
341.174 337.391
341.439 320.585
341.703 331.779
341.967 344.973
342.231 347.166
342.495 340.359
342.759 421.551
343.024 376.742
343.288 441.934
343.552 384.124
343.816 194.315
344.080 214.504
344.345 327.693
344.609 297.882
344.873 224.071
345.137 363.258
345.401 432.446
345.666 288.633
345.930 393.819
346.194 456.005
346.458 356.191
346.722 320.376
346.987 317.560
347.251 384.744
347.515 523.928
347.779 389.111
348.043 279.294
348.308 312.476
348.572 284.658
348.836 263.839
349.100 292.020
349.364 226.201
349.628 271.381
349.893 337.560
350.157 362.739
350.421 349.918
350.685 390.096
350.949 341.274
351.214 268.451
351.478 312.628
351.742 328.805
352.006 389.981
352.270 376.156
352.535 285.331
352.799 302.506
353.063 383.680
353.327 307.854
353.591 238.028
353.856 365.201
354.120 395.373
354.384 434.545
354.648 472.717
354.912 394.888
355.177 369.059
355.441 316.230
355.705 465.400
355.969 492.569
356.233 407.738
356.497 371.907
356.762 356.076
357.026 347.243
357.290 381.411
357.554 396.578
357.818 381.745
358.083 351.911
358.347 341.077
358.611 346.242
358.875 372.407
359.139 377.572
359.404 330.736
359.668 388.900
359.932 471.064
360.196 491.227
360.460 361.389
360.725 378.552
360.989 424.714
361.253 448.875
361.517 476.036
361.781 438.197
362.046 415.357
362.310 467.517
362.574 443.676
362.838 366.836
363.102 411.994
363.366 409.153
363.631 330.311
363.895 386.468
364.159 475.625
364.423 476.782
364.687 455.939
364.952 510.095
365.216 502.250
365.480 429.405
365.747 349.560
366.013 382.715
366.280 342.869
366.546 377.023
366.813 296.176
367.079 381.329
367.346 457.482
367.612 395.634
367.879 429.786
368.145 484.938
368.412 398.089
368.678 346.240
368.945 435.390
369.211 423.540
369.478 461.690
369.744 384.839
370.011 366.989
370.278 376.137
370.544 329.285
370.811 377.433
371.077 390.581
371.344 342.728
371.610 381.875
371.877 377.022
372.143 428.168
372.410 465.314
372.676 436.459
372.943 471.604
373.209 430.749
373.476 362.893
373.742 331.038
374.009 423.181
374.276 514.325
374.542 486.468
374.809 357.610
375.075 217.753
375.342 214.895
375.608 287.037
375.875 287.178
376.141 453.319
376.408 459.460
376.674 452.600
376.941 418.740
377.207 420.880
377.474 694.019
377.740 588.158
378.007 346.297
378.273 387.435
378.540 460.573
378.807 392.711
379.073 323.848
379.340 305.985
379.606 352.122
379.873 332.258
380.139 356.395
380.406 405.530
380.672 355.666
380.939 279.801
381.205 302.936
381.472 252.070
381.738 218.204
382.005 316.338
382.271 375.472
382.538 376.605
382.804 512.738
383.071 485.870
383.338 369.003
383.604 353.135
383.871 441.266
384.137 447.398
384.404 393.529
384.670 405.659
384.937 328.790
385.203 391.920
385.470 395.050
385.736 383.179
386.003 400.309
386.269 374.437
386.536 351.566
386.802 333.694
387.069 436.822
387.336 591.950
387.602 492.077
387.869 266.205
388.135 262.331
388.402 281.458
388.668 352.584
388.935 396.710
389.201 483.836
389.468 452.961
389.734 456.086
390.001 404.211
390.267 335.335
390.534 366.460
390.800 382.583
391.067 459.707
391.333 471.830
391.600 370.953
391.867 402.076
392.133 374.199
392.400 350.321
392.666 311.443
392.933 428.564
393.199 493.686
393.466 396.807
393.732 379.928
393.999 434.048
394.265 448.168
394.532 341.288
394.798 397.408
395.065 335.527
395.331 361.646
395.598 408.765
395.864 371.884
396.131 402.002
396.398 446.120
396.664 425.238
396.931 438.355
397.197 507.473
397.464 444.590
397.730 531.706
397.997 518.823
398.263 417.939
398.530 392.055
398.796 511.170
399.063 515.286
399.329 407.401
399.596 554.516
399.862 477.630
400.129 481.745
400.396 539.859
400.662 315.972
400.929 328.086
401.195 471.199
401.462 486.312
401.728 500.425
401.995 587.537
402.261 504.650
402.528 473.762
402.794 529.873
403.061 641.985
403.327 766.096
403.594 690.207
403.860 622.318
404.127 666.428
404.393 885.539
404.660 943.649
404.931 1019.758
405.202 1020.868
405.473 1004.977
405.745 1116.086
406.016 1307.195
406.287 1304.303
406.558 1251.412
406.829 1332.520
407.100 1279.627
407.371 1486.735
407.642 1535.842
407.914 1451.949
408.185 1431.056
408.456 1477.163
408.727 1600.269
408.998 1541.375
409.269 1677.481
409.540 1778.587
409.811 1558.692
410.083 1547.797
410.354 1491.902
410.625 1336.007
410.896 1320.111
411.167 1393.215
411.438 1421.319
411.709 1212.423
411.981 1340.527
412.252 1153.630
412.523 994.733
412.794 1065.836
413.065 1120.938
413.336 953.041
413.607 945.143
413.878 958.245
414.150 918.346
414.421 777.448
414.692 690.549
414.963 629.650
415.234 726.751
415.505 688.852
415.776 740.952
416.047 732.052
416.319 671.152
416.590 570.252
416.861 392.351
417.132 526.450
417.403 563.549
417.674 488.648
417.945 385.747
418.217 345.845
418.488 487.943
418.759 430.041
419.030 409.139
419.301 449.237
419.572 495.334
419.843 498.431
420.114 398.528
420.386 392.624
420.657 487.721
420.928 417.817
421.199 379.913
421.470 352.009
421.741 303.105
422.012 296.200
422.283 319.295
422.555 346.390
422.826 442.485
423.097 490.580
423.368 433.674
423.639 359.768
423.910 423.862
424.181 376.956
424.453 336.049
424.724 550.143
424.995 600.236
425.266 409.329
425.537 320.422
425.808 461.514
426.079 483.606
426.350 429.699
426.622 411.790
426.893 485.882
427.164 434.974
427.435 393.065
427.706 386.156
427.977 381.247
428.248 342.338
428.519 415.429
428.791 392.519
429.062 437.609
429.333 354.699
429.604 325.789
429.875 446.878
430.146 486.968
430.417 473.057
430.689 410.146
430.960 297.235
431.231 310.324
431.502 487.412
431.773 489.500
432.044 443.588
432.315 550.676
432.586 487.764
432.858 504.851
433.129 415.939
433.400 443.026
433.671 416.113
433.942 372.199
434.213 330.286
434.484 354.372
434.755 436.459
435.027 290.545
435.298 395.631
435.569 410.716
435.840 347.802
436.116 370.887
436.391 367.972
436.667 422.057
436.942 513.142
437.218 521.226
437.493 540.311
437.769 546.395
438.045 445.479
438.320 372.563
438.596 464.646
438.871 444.730
439.147 429.813
439.422 378.896
439.698 338.979
439.974 412.062
440.249 542.145
440.525 537.227
440.800 314.310
441.076 415.392
441.351 621.474
441.627 590.555
441.903 499.637
442.178 427.718
442.454 436.800
442.729 599.881
443.005 471.962
443.281 532.042
443.556 671.123
443.832 577.203
444.107 463.284
444.383 436.364
444.658 399.444
444.934 347.523
445.210 561.603
445.485 609.682
445.761 588.762
446.036 510.841
446.312 545.919
446.587 533.998
446.863 420.077
447.139 484.155
447.414 483.233
447.690 510.312
447.965 555.390
448.241 481.467
448.516 478.545
448.792 469.622
449.068 483.700
449.343 479.777
449.619 414.854
449.894 495.931
450.170 490.007
450.445 549.084
450.721 618.160
450.997 377.236
451.272 463.312
451.548 444.388
451.823 408.464
452.099 508.539
452.375 463.615
452.650 467.690
452.926 494.765
453.201 528.840
453.477 705.915
453.752 643.989
454.028 514.064
454.304 524.138
454.579 590.212
454.855 558.286
455.130 552.360
455.406 654.434
455.681 610.507
455.957 536.581
456.233 497.654
456.508 497.727
456.784 499.800
457.059 522.873
457.335 640.946
457.610 585.018
457.886 536.091
458.162 480.163
458.437 469.235
458.713 594.307
458.988 527.379
459.264 532.450
459.539 557.522
459.815 518.593
460.091 437.664
460.366 403.735
460.642 408.806
460.917 499.877
461.193 512.948
461.468 440.018
461.744 440.088
462.020 401.159
462.295 440.229
462.571 415.299
462.846 441.368
463.122 604.438
463.397 627.508
463.673 498.079
463.949 464.182
464.224 440.275
464.500 513.271
464.775 480.853
465.051 450.022
465.327 454.536
465.602 509.040
465.878 541.585
466.153 414.366
466.429 545.717
466.704 658.015
466.980 607.398
467.256 636.466
467.531 697.231
467.807 665.933
468.082 582.834
468.358 512.247
468.633 558.034
468.909 476.776
469.185 455.211
469.460 572.436
469.736 569.051
470.011 427.124
470.287 506.238
470.562 576.882
470.838 451.395
471.114 466.059
471.389 469.155
471.665 482.840
471.940 508.699
472.216 484.473
472.491 428.292
472.767 463.275
473.043 606.343
473.318 623.650
473.594 517.260
473.869 465.970
474.145 476.208
474.421 490.515
474.696 422.422
474.972 344.506
475.247 417.297
475.523 523.861
475.798 559.119
476.074 551.486
476.350 525.074
476.625 533.828
476.901 568.551
477.176 531.376
477.452 445.447
477.727 409.905
478.003 314.024
478.279 470.591
478.554 536.712
478.830 543.425
479.105 571.826
479.381 514.514
479.656 413.156
479.932 429.011
480.208 512.647
480.483 528.369
480.759 527.420
481.034 451.191
481.310 393.677
481.585 455.445
481.861 541.192
482.137 462.158
482.412 487.911
482.688 513.097
482.963 549.754
483.239 617.400
483.514 446.118
483.790 449.285
484.066 594.751
484.341 504.396
484.617 469.058
484.892 562.711
485.168 507.049
485.443 416.146
485.719 488.770
485.995 537.462
486.270 541.943
486.546 476.637
486.821 388.663
487.097 346.493
487.373 421.159
487.648 494.207
487.924 504.594
488.199 365.649
488.475 256.669
488.750 289.556
489.026 388.032
489.302 388.089
489.577 408.353
489.853 453.063
490.128 542.248
490.404 473.280
490.679 343.199
490.955 533.535
491.231 609.838
491.506 539.061
491.782 450.517
492.057 432.519
492.333 493.239
492.608 441.436
492.884 466.931
493.160 326.086
493.435 350.310
493.711 456.247
493.986 409.822
494.262 424.004
494.537 407.392
494.813 475.560
495.089 359.185
495.364 379.868
495.640 392.693
495.915 401.588
496.191 545.149
496.467 463.967
496.742 436.435
497.018 499.542
497.293 445.302
497.569 495.203
497.844 450.693
498.120 505.203
498.396 483.441
498.671 376.726
498.947 452.251
499.222 511.403
499.498 447.288
499.773 504.058
500.049 504.120
500.325 415.854
500.600 478.739
500.876 462.255
501.151 558.522
501.427 536.043
501.702 555.731
501.978 566.839
502.254 577.098
502.529 441.761
502.805 570.155
503.080 659.492
503.356 535.084
503.631 497.294
503.907 556.046
504.183 550.026
504.458 620.929
504.734 567.775
505.009 613.328
505.285 584.649
505.560 517.376
505.836 512.891
506.112 537.235
506.387 500.850
506.663 453.883
506.938 430.679
507.214 436.798
507.490 510.146
507.765 518.764
508.041 522.852
508.316 594.548
508.592 499.745
508.867 491.245
509.143 597.335
509.419 586.330
509.694 503.961
509.970 468.906
510.245 461.010
510.521 555.599
510.796 404.245
511.072 347.352
511.348 461.365
511.623 534.196
511.899 503.825
512.174 506.353
512.450 576.336
512.725 553.568
513.001 431.165
513.277 371.381
513.552 516.940
513.828 508.079
514.103 456.395
514.379 587.071
514.654 511.160
514.930 505.292
515.206 752.145
515.481 720.789
515.757 520.600
516.032 433.053
516.308 512.333
516.583 557.733
516.859 525.535
517.135 574.267
517.410 595.549
517.686 610.173
517.961 594.670
518.237 627.510
518.513 522.759
518.788 678.973
519.064 724.040
519.339 662.949
519.615 617.953
519.890 707.084
520.166 784.483
520.442 853.070
520.717 924.338
520.993 924.310
521.268 781.983
521.544 758.928
521.819 700.839
522.095 747.235
522.371 856.822
522.646 862.619
522.922 954.749
523.197 930.847
523.473 978.804
523.748 879.326
524.024 804.729
524.300 811.471
524.575 786.634
524.851 850.792
525.126 858.627
525.402 829.827
525.677 853.793
525.953 890.305
526.229 851.151
526.504 766.842
526.780 847.413
527.055 808.076
527.331 809.076
527.606 827.135
527.882 806.290
528.158 779.327
528.433 873.956
528.709 806.820
528.984 740.644
529.260 745.957
529.535 781.786
529.811 688.649
530.087 594.733
530.362 565.483
530.638 702.613
530.913 809.122
531.189 718.246
531.465 592.805
531.740 605.981
532.016 659.800
532.291 610.519
532.567 650.504
532.842 643.763
533.118 608.542
533.394 679.077
533.669 594.837
533.945 537.486
534.220 529.745
534.496 618.910
534.771 591.290
535.047 634.835
535.323 612.059
535.598 689.552
535.874 786.947
536.149 847.386
536.425 863.912
536.700 876.674
536.976 1035.297
537.252 1249.308
537.527 1230.930
537.803 1396.000
538.078 1713.048
538.354 1926.462
538.629 2029.777
538.905 2161.708
539.181 2309.997
539.456 2321.872
539.732 2506.831
540.007 2612.498
540.283 2569.666
540.558 2506.953
540.834 2527.779
541.110 2547.154
541.385 2547.194
541.661 2635.353
541.936 2607.282
542.212 2435.866
542.488 2464.647
542.763 2647.046
543.039 2637.808
543.314 2495.983
543.590 2395.225
543.865 2502.514
544.141 2472.762
544.417 2441.025
544.692 2403.329
544.968 2517.569
545.243 2479.356
545.519 2331.948
545.794 2395.936
546.070 2431.761
546.348 2382.479
546.627 2296.651
546.905 2387.533
547.183 2414.607
547.461 2524.875
547.740 2603.365
548.018 2570.207
548.296 2555.777
548.575 2539.927
548.853 2551.882
549.131 2629.379
549.409 2736.928
549.688 2818.315
549.966 2785.616
550.244 2883.869
550.523 2841.406
550.801 2726.749
551.079 2802.231
551.357 2897.224
551.636 2828.194
551.914 2745.730
552.192 2586.991
552.471 2678.428
552.749 2713.582
553.027 2663.704
553.306 2679.805
553.584 2760.471
553.862 2792.178
554.140 2878.659
554.419 2802.657
554.697 2832.077
554.975 2848.912
555.254 2794.356
555.532 2562.171
555.810 2654.342
556.088 2758.265
556.367 2554.796
556.645 2348.067
556.923 2271.255
557.202 2243.816
557.480 2190.218
557.758 1969.894
558.036 1780.794
558.315 1666.055
558.593 1600.263
558.871 1524.791
559.150 1402.073
559.428 1333.187
559.706 1224.366
559.984 1159.513
560.263 1179.645
560.541 1098.487
560.819 1049.484
561.098 938.847
561.376 929.266
561.654 842.762
561.932 700.201
562.211 739.236
562.489 793.065
562.767 694.450
563.046 568.350
563.324 551.524
563.602 638.544
563.880 633.167
564.159 672.548
564.437 716.041
564.715 586.244
564.994 531.576
565.272 600.708
565.550 536.887
565.828 449.144
566.107 504.356
566.385 533.216
566.663 475.157
566.942 474.686
567.220 540.042
567.498 665.594
567.776 575.243
568.055 484.892
568.333 565.695
568.611 611.134
568.890 525.426
569.168 511.029
569.446 552.136
569.725 548.305
570.003 449.787
570.281 435.749
570.559 500.579
570.838 568.860
571.116 597.545
571.394 544.284
571.673 636.988
571.951 629.873
572.229 586.216
572.507 614.030
572.786 584.505
573.064 566.606
573.342 541.322
573.621 446.802
573.899 460.493
574.177 651.405
574.455 643.277
574.734 550.006
575.012 618.532
575.290 601.540
575.569 618.829
575.847 604.749
576.125 567.490
576.403 510.123
576.682 531.306
576.960 593.469
577.243 641.146
577.527 575.800
577.810 475.340
578.093 496.551
578.377 490.648
578.660 496.609
578.944 507.511
579.227 529.340
579.510 578.460
579.794 504.661
580.077 502.211
580.360 514.646
580.644 510.224
580.927 544.561
581.210 566.462
581.494 506.865
581.777 532.263
582.061 537.805
582.344 516.439
582.627 477.588
582.911 506.533
583.194 512.060
583.477 597.920
583.761 603.940
584.044 658.862
584.327 622.589
584.611 540.702
584.894 535.739
585.178 508.797
585.461 520.817
585.744 578.790
586.028 498.400
586.311 518.431
586.594 556.463
586.878 512.494
587.161 499.525
587.444 577.556
587.728 577.587
588.011 588.618
588.295 481.649
588.578 539.141
588.861 621.090
589.145 561.742
589.428 573.346
589.711 495.803
589.995 437.396
590.278 556.308
590.562 502.895
590.845 467.458
591.128 668.619
591.412 625.735
591.695 526.490
591.978 587.871
592.262 570.507
592.545 436.797
592.828 576.984
593.112 530.576
593.395 468.791
593.679 452.418
593.962 553.046
594.245 522.674
594.529 456.037
594.812 394.978
595.095 407.341
595.379 546.581
595.662 531.249
595.945 494.008
596.229 430.056
596.512 470.817
596.796 525.823
597.079 511.470
597.362 565.954
597.646 584.217
597.929 543.692
598.212 518.480
598.496 495.782
598.779 578.243
599.062 666.130
599.346 546.711
599.629 440.678
599.913 491.504
600.196 532.912
600.479 545.211
600.763 517.205
601.046 390.356
601.329 488.210
601.613 585.103
601.896 507.452
602.179 542.345
602.463 470.664
602.746 533.560
603.030 607.262
603.313 540.943
603.596 433.022
603.880 474.782
604.163 507.163
604.446 487.105
604.730 464.606
605.013 506.253
605.296 563.584
605.580 495.051
605.863 494.099
606.147 425.566
606.430 501.990
606.713 550.449
606.997 493.229
607.280 677.706
607.563 602.390
607.847 487.459
608.130 533.495
608.414 582.902
608.697 527.156
608.980 494.399
609.264 585.107
609.547 520.897
609.830 546.390
610.114 562.087
610.397 497.472
610.680 500.926
610.964 525.464
611.247 511.765
611.531 476.965
611.814 400.446
612.097 385.753
612.381 537.362
612.664 667.455
612.947 526.166
613.231 458.479
613.514 454.044
613.797 494.346
614.081 510.089
614.364 525.833
614.648 469.867
614.931 383.449
615.214 362.846
615.498 413.377
615.781 473.849
616.064 469.939
616.348 534.925
616.631 564.050
616.914 615.686
617.198 508.929
617.481 450.827
617.765 503.566
618.048 537.653
618.331 476.474
618.615 443.374
618.898 539.250
619.181 575.837
619.465 515.107
619.748 436.003
620.031 434.480
620.315 447.821
620.598 506.822
620.882 542.108
621.165 617.225
621.448 554.627
621.732 506.448
622.015 458.712
622.298 494.548
622.582 575.905
622.865 539.543
623.148 529.579
623.432 586.721
623.715 447.607
623.999 582.934
624.282 580.533
624.565 608.889
624.849 531.450
625.132 427.708
625.415 643.459
625.699 745.042
625.982 642.141
626.265 511.008
626.549 509.507
626.832 583.270
627.116 603.497
627.399 549.987
627.682 968.258
627.966 779.997
628.249 529.741
628.532 473.957
628.816 619.470
629.099 541.720
629.383 475.137
629.666 487.199
629.949 489.752
630.233 495.761
630.516 532.963
630.799 559.629
631.083 488.964
631.366 398.458
631.649 342.018
631.933 397.534
632.216 522.836
632.500 575.395
632.783 572.772
633.066 526.143
633.350 532.371
633.633 592.691
633.916 558.704
634.200 489.047
634.483 525.958
634.766 534.980
635.050 482.999
635.333 411.201
635.617 414.242
635.900 515.849
636.183 606.664
636.467 572.087
636.750 551.219
637.033 545.581
637.317 529.012
637.600 509.740
637.883 491.443
638.167 516.332
638.450 468.571
638.734 450.803
639.017 572.548
639.300 595.978
639.584 460.737
639.867 587.045
640.150 549.649
640.434 537.510
640.717 568.805
641.000 523.032
641.284 561.372
641.567 531.049
641.851 564.626
642.134 640.540
642.417 618.468
642.701 758.451
642.984 771.782
643.267 690.852
643.551 600.049
643.834 581.889
644.117 647.845
644.401 687.836
644.684 732.844
644.968 859.124
645.251 837.702
645.534 809.580
645.818 875.268
646.101 1035.735
646.384 1155.944
646.668 1256.435
646.951 1271.480
647.235 1348.824
647.518 1424.033
647.801 1537.776
648.085 1666.869
648.368 1784.058
648.651 1738.967
648.935 1835.483
649.218 1969.214
649.501 2004.079
649.785 2080.367
650.068 2322.049
650.352 2456.463
650.635 2529.694
650.918 2514.133
651.202 2801.196
651.485 3100.173
651.768 3126.906
652.052 3177.814
652.335 3207.783
652.618 3290.220
652.902 3469.858
653.185 3567.898
653.469 3515.093
653.752 3436.261
654.035 3505.514
654.319 3649.515
654.602 3588.597
654.885 3499.750
655.169 3496.824
655.452 3442.705
655.735 3445.464
656.019 3570.695
656.302 3566.023
656.586 3533.275
656.869 3702.896
657.152 3648.214
657.436 3568.783
657.719 3660.926
658.002 3807.247
658.286 3709.094
658.569 3642.375
658.852 3620.107
659.136 3679.255
659.419 3739.175
659.703 3686.405
659.986 3760.538
660.269 3770.245
660.553 3661.760
660.836 3619.099
661.119 3638.429
661.403 3620.402
661.686 3516.029
661.969 3487.566
662.253 3381.400
662.536 3336.706
662.820 3323.874
663.103 3196.106
663.386 3167.729
663.670 3026.777
663.953 2807.108
664.236 2825.171
664.520 2780.612
664.803 2721.869
665.086 2595.653
665.370 2529.408
665.653 2490.929
665.937 2294.693
666.220 2164.896
666.503 2074.653
666.787 1903.274
667.070 1847.204
667.353 1769.989
667.637 1567.636
667.920 1613.296
668.204 1432.075
668.487 1353.764
668.770 1439.685
669.054 1183.086
669.337 1087.473
669.620 1073.222
669.904 977.445
670.187 1036.566
670.470 1101.930
670.754 1016.236
671.037 880.298
671.321 755.824
671.604 830.236
671.887 886.378
672.171 814.750
672.454 835.410
672.737 845.339
673.021 731.354
673.304 706.458
673.587 765.000
673.871 776.883
674.154 772.227
674.438 743.237
674.721 712.424
675.004 710.091
675.288 672.045
675.571 626.414
675.854 557.433
676.138 593.079
676.421 573.071
676.704 515.832
676.988 587.559
677.271 737.980
677.555 659.135
677.838 573.323
678.121 587.213
678.405 559.464
678.688 591.575
678.971 468.341
679.255 580.394
679.538 675.849
679.821 672.757
680.105 527.058
680.388 495.925
680.672 507.895
680.955 474.651
681.238 511.585
681.522 495.480
681.805 551.273
682.088 624.677
682.372 585.724
682.655 533.119
682.938 595.769
683.222 523.764
683.505 456.410
683.789 568.237
684.072 604.830
684.355 598.999
684.639 566.659
684.922 510.311
685.205 521.813
685.489 634.567
685.772 628.980
686.056 620.243
686.339 649.552
686.622 554.269
686.906 566.815
687.189 633.640
687.472 678.544
687.756 588.179
688.039 465.639
688.322 401.984
688.606 617.034
688.889 624.360
689.173 580.538
689.456 668.240
689.739 659.908
690.023 625.871
690.306 615.462
690.589 512.757
690.873 553.866
691.156 589.264
691.439 555.985
691.723 495.650
692.006 577.435
692.290 560.660
692.573 599.557
692.856 632.530
693.140 585.916
693.423 560.484
693.706 491.653
693.990 493.757
694.273 489.133
694.556 612.486
694.840 672.716
695.123 581.131
695.407 621.829
695.690 531.998
695.973 507.822
696.257 572.199
696.540 716.690
696.830 624.502
697.120 587.521
697.410 679.339
697.699 571.993
697.989 693.351
698.279 627.414
698.569 486.420
698.859 542.791
699.149 609.183
699.439 554.442
699.729 495.731
700.018 495.748
700.308 556.423
700.598 467.755
700.888 371.835
701.178 492.287
701.468 468.479
701.758 361.639
702.048 421.166
702.337 411.498
702.627 489.393
702.917 481.338
703.207 438.090
703.497 494.004
703.787 441.264
704.077 449.773
704.366 496.076
704.656 438.424
704.946 384.126
705.236 395.747
705.526 541.077
705.816 571.034
706.106 421.928
706.396 456.385
706.685 455.042
706.975 371.642
707.265 369.931
707.555 539.501
707.845 445.287
708.135 378.901
708.425 343.209
708.715 383.130
709.004 579.408
709.294 533.970
709.584 476.720
709.874 545.770
710.164 514.229
710.454 469.807
710.744 463.436
711.034 485.678
711.323 506.392
711.613 425.699
711.903 545.258
712.193 626.886
712.483 485.310
712.773 455.827
713.063 437.284
713.352 487.374
713.642 457.112
713.932 496.236
714.222 489.443
714.512 429.644
714.802 433.809
715.092 523.941
715.382 408.823
715.671 392.605
715.961 458.338
716.251 380.319
716.541 374.194
716.831 423.850
717.121 365.120
717.411 457.259
717.701 518.519
717.990 426.668
718.280 430.644
718.570 429.704
718.860 422.630
719.150 402.036
719.440 433.156
719.730 457.463
720.019 599.217
720.309 514.800
720.599 435.541
720.889 412.466
721.179 490.950
721.469 482.815
721.759 457.406
722.049 509.195
722.338 402.786
722.628 396.851
722.918 431.034
723.208 518.416
723.498 367.470
723.788 349.552
724.078 504.523
724.368 497.797
724.657 423.151
724.947 451.539
725.237 488.670
725.527 506.059
725.817 481.478
726.107 449.041
726.397 420.042
726.686 364.932
726.976 449.086
727.266 530.338
727.556 410.431
727.846 487.319
728.136 476.224
728.426 404.488
728.716 341.518
729.005 454.905
729.295 426.819
729.585 373.293
729.875 390.996
730.165 445.706
730.455 497.127
730.745 489.857
731.035 444.241
731.324 529.750
731.614 502.523
731.904 400.985
732.194 495.266
732.484 478.252
732.774 410.173
733.064 414.079
733.354 363.510
733.643 391.906
733.933 390.564
734.223 417.868
734.513 562.133
734.803 559.769
735.093 394.905
735.383 411.907
735.672 480.281
735.962 524.288
736.252 396.713
736.542 419.052
736.832 401.436
737.122 326.354
737.412 427.349
737.702 519.049
737.991 487.660
738.281 471.917
738.571 459.680
738.861 498.985
739.151 446.834
739.441 489.674
739.731 419.875
740.021 422.687
740.310 488.207
740.600 518.318
740.890 354.750
741.180 398.900
741.470 453.208
741.760 486.786
742.050 555.902
742.339 517.451
742.629 442.292
742.919 540.229
743.209 398.405
743.499 385.955
743.789 437.836
744.079 459.633
744.369 481.942
744.658 468.045
744.948 340.863
745.238 455.189
745.528 481.962
745.818 578.685
746.108 534.056
746.398 510.767
746.688 483.969
746.977 584.281
747.267 486.976
747.557 529.223
747.847 504.387
748.137 437.241
748.427 432.280
748.717 371.967
749.006 326.835
749.296 416.816
749.586 438.305
749.876 520.429
750.166 416.857
750.456 384.385
750.746 470.611
751.036 383.799
751.325 487.605
751.615 496.098
751.905 526.082
752.195 522.621
752.485 429.635
752.775 411.060
753.065 407.070
753.355 561.238
753.644 514.204
753.934 438.458
754.224 463.107
754.514 588.084
754.804 399.945
755.094 305.675
755.384 350.825
755.674 453.145
755.963 523.369
756.253 507.844
756.543 515.372
756.833 547.578
757.123 521.941
757.413 473.233
757.703 409.930
757.992 386.828
758.282 441.674
758.572 464.242
758.862 417.019
759.152 446.178
759.442 458.796
759.732 504.497
760.022 488.430
760.311 421.530
760.601 380.296
760.891 497.009
761.181 500.543
761.471 466.855
761.761 384.760
762.051 389.809
762.341 491.040
762.630 535.858
762.920 485.518
763.210 462.836
763.500 455.333
763.793 370.755
764.086 448.310
764.379 456.927
764.671 533.399
764.964 462.989
765.257 504.250
765.550 521.409
765.843 396.422
766.136 453.895
766.429 424.674
766.722 428.288
767.014 387.628
767.307 301.425
767.600 323.594
767.893 376.352
768.186 421.728
768.479 460.047
768.772 533.649
769.064 503.420
769.357 466.672
769.650 437.922
769.943 536.184
770.236 472.753
770.529 388.565
770.822 435.957
771.115 514.599
771.407 615.030
771.700 605.961
771.993 573.253
772.286 501.042
772.579 528.776
772.872 408.829
773.165 373.559
773.457 490.507
773.750 497.070
774.043 414.338
774.336 449.112
774.629 431.082
774.922 459.784
775.215 420.443
775.508 394.432
775.800 430.265
776.093 521.346
776.386 534.918
776.679 427.715
776.972 480.094
777.265 610.016
777.558 652.674
777.850 528.413
778.143 462.093
778.436 472.631
778.729 485.234
779.022 525.447
779.315 460.133
779.608 386.779
779.900 429.002
780.193 412.934
780.486 422.572
780.779 439.211
781.072 382.671
781.365 428.203
781.658 446.717
781.951 409.581
782.243 450.856
782.536 495.951
782.829 489.939
783.122 462.842
783.415 508.529
783.708 509.544
784.001 492.505
784.293 500.541
784.586 497.045
784.879 535.134
785.172 464.540
785.465 420.929
785.758 447.995
786.051 459.029
786.344 498.123
786.636 623.759
786.929 495.643
787.222 421.423
787.515 401.573
787.808 406.776
788.101 414.780
788.394 515.691
788.686 569.649
788.979 543.230
789.272 509.732
789.565 509.235
789.858 387.491
790.151 356.920
790.444 402.886
790.737 400.301
791.029 397.518
791.322 424.475
791.615 385.181
791.908 460.887
792.201 480.399
792.494 457.997
792.787 512.333
793.079 608.569
793.372 478.492
793.665 497.924
793.958 442.103
794.251 468.037
794.544 542.283
794.837 640.542
795.130 515.928
795.422 484.035
795.715 463.109
796.008 484.541
796.301 487.571
796.594 448.738
796.887 494.566
797.180 518.002
797.472 426.288
797.765 340.557
798.058 401.982
798.351 419.343
798.644 389.445
798.937 344.590
799.230 410.992
799.523 711.512
799.815 643.727
800.108 414.426
800.401 329.692
800.694 478.735
800.987 493.224
801.280 509.205
801.573 539.187
801.865 531.206
802.158 484.779
802.451 418.922
802.744 418.933
803.037 469.842
803.330 488.305
803.623 531.741
803.915 489.836
804.208 403.423
804.501 480.318
804.794 513.362
805.087 404.860
805.380 333.538
805.673 350.232
805.966 446.339
806.258 430.766
806.551 474.814
806.844 459.765
807.137 500.439
807.430 383.482
807.723 368.433
808.016 567.239
808.308 553.301
808.601 459.831
808.894 454.731
809.187 471.313
809.480 504.049
809.773 469.382
810.066 502.059
810.359 556.956
810.651 496.537
810.944 285.362
811.237 352.260
811.530 479.415
811.825 427.385
812.119 413.847
812.414 380.558
812.709 433.478
813.003 461.695
813.298 402.594
813.593 454.079
813.887 429.339
814.182 589.450
814.476 554.526
814.771 537.278
815.066 488.534
815.360 424.024
815.655 353.913
815.950 371.578
816.244 464.163
816.539 548.708
816.834 507.944
817.128 503.371
817.423 578.302
817.718 703.809
818.012 585.985
818.307 416.338
818.602 458.357
818.896 487.030
819.191 425.876
819.486 433.973
819.780 535.941
820.075 611.361
820.369 633.319
820.664 482.846
820.959 547.039
821.253 552.798
821.548 470.944
821.843 514.508
822.137 481.790
822.432 448.429
822.727 449.950
823.021 452.518
823.316 565.855
823.611 628.831
823.905 516.835
824.200 405.846
824.495 507.979
824.789 561.787
825.084 549.615
825.379 441.556
825.673 444.145
825.968 499.064
826.262 464.646
826.557 488.455
826.852 531.471
827.146 466.726
827.441 468.363
827.736 539.996
828.030 442.813
828.325 289.487
828.620 508.181
828.914 608.626
829.209 462.635
829.504 569.180
829.798 585.976
830.093 475.431
830.388 399.331
830.682 295.435
830.977 466.092
831.271 613.233
831.566 471.556
831.861 415.258
832.155 397.949
832.450 460.494
832.745 550.358
833.039 476.729
833.334 413.975
833.629 506.989
833.923 447.361
834.218 386.831
834.513 382.289
834.807 427.634
835.102 341.850
835.397 349.394
835.691 361.796
835.986 384.043
836.281 355.500
836.575 376.689
836.870 427.720
837.164 447.698
837.459 398.443
837.754 411.147
838.048 402.177
838.343 418.251
838.638 422.026
838.932 448.329
839.227 441.326
839.522 490.657
839.816 477.220
840.111 444.093
840.406 462.954
840.700 515.754
840.995 601.543
841.290 625.262
841.584 522.685
841.879 545.047
842.174 492.378
842.468 516.374
842.763 425.162
843.057 501.787
843.352 511.369
843.647 471.376
843.941 462.600
844.236 527.302
844.531 515.475
844.825 492.072
845.120 508.513
845.415 596.764
845.709 575.525
846.004 542.029
846.299 456.801
846.593 552.411
846.888 561.656
847.183 524.602
847.477 411.209
847.772 451.011
848.066 506.080
848.361 486.742
848.656 504.412
848.950 447.290
849.245 547.354
849.540 522.193
849.834 598.404
850.129 585.339
850.424 490.729
850.718 530.384
851.013 632.694
851.308 522.908
851.602 525.215
851.897 604.685
852.192 702.044
852.486 561.844
852.781 477.090
853.076 588.211
853.370 565.810
853.665 619.596
853.959 661.571
854.254 526.277
854.549 636.167
854.843 545.061
855.138 484.776
855.433 554.453
855.727 616.053
856.022 503.503
856.317 515.360
856.611 505.201
856.906 457.494
857.201 520.893
857.495 585.733
857.790 615.257
858.085 564.214
858.379 554.576
858.674 432.499
858.969 364.402
859.263 441.657
859.558 482.058
859.852 417.272
860.147 484.350
860.442 592.061
860.736 392.968
861.031 498.104
861.326 655.925
861.620 530.498
861.915 610.097
862.210 613.508
862.504 502.996
862.799 573.355
863.094 549.804
863.388 455.228
863.683 448.392
863.978 416.501
864.272 451.423
864.567 501.428
864.861 477.350
865.156 414.889
865.451 378.654
865.745 489.011
866.040 571.625
866.335 546.770
866.629 537.986
866.924 462.493
867.219 467.697
867.513 594.431
867.808 533.018
868.103 462.985
868.397 479.731
868.692 478.771
868.987 399.588
869.281 411.056
869.576 493.997
869.871 551.570
870.165 460.645
870.460 390.473
870.754 467.241
871.049 396.878
871.344 419.863
871.638 466.012
871.933 422.737
872.228 454.810
872.522 432.314
872.817 551.961
873.112 700.697
873.406 530.850
873.701 595.249
873.996 559.044
874.290 448.587
874.585 430.248
874.880 509.373
875.174 448.910
875.469 463.943
875.764 531.071
876.058 460.172
876.353 374.478
876.647 378.689
876.942 426.318
877.237 421.274
877.531 442.023
877.826 466.395
878.121 471.727
878.415 439.948
878.710 383.782
879.005 515.390
879.299 417.805
879.594 401.034
879.889 323.597
880.183 335.193
880.478 396.000
880.773 431.683
881.067 413.179
881.362 435.674
881.656 391.434
881.951 435.524
882.246 377.077
882.540 392.979
882.835 389.146
883.130 415.426
883.424 419.787
883.719 408.972
884.014 466.202
884.308 432.087
884.603 430.009
884.898 437.906
885.192 421.370
885.487 406.020
885.782 394.120
886.076 531.008
886.371 490.565
886.666 319.729
886.960 342.747
887.255 348.714
887.549 374.014
887.844 479.473
888.139 540.586
888.433 496.927
888.728 375.270
889.023 404.585
889.317 445.541
889.612 337.979
889.907 363.351
890.201 458.048
890.496 452.345
890.791 427.218
891.085 402.135
891.380 351.833
891.675 374.236
891.969 454.631
892.264 350.353
892.559 356.842
892.853 469.256
893.148 398.654
893.442 349.500
893.737 421.244
894.032 393.567
894.326 271.107
894.621 359.220
894.916 333.089
895.210 358.353
895.505 459.133
895.800 430.368
896.094 353.711
896.389 363.426
896.684 384.956
896.978 356.379
897.273 308.387
897.568 411.478
897.862 463.131
898.157 411.856
898.451 532.581
898.746 487.455
899.041 452.465
899.335 442.728
899.630 407.667
899.925 430.342
900.219 447.178
900.514 525.174
900.809 428.718
901.103 308.070
901.398 452.837
901.693 412.202
901.987 359.100
902.282 496.810
902.577 401.361
902.871 300.297
903.166 420.108
903.461 477.633
903.755 469.130
904.050 416.634
904.344 271.967
904.639 272.627
904.934 342.897
905.228 379.492
905.523 310.191
905.818 339.649
906.112 459.475
906.407 430.528
906.702 366.214
906.996 396.604
907.291 366.650
907.586 327.949
907.880 449.649
908.175 448.246
908.470 456.435
908.764 503.257
909.059 541.979
909.354 439.873
909.648 374.528
909.943 391.887
910.237 468.548
910.532 530.826
910.827 603.243
911.121 549.675
911.416 453.266
911.711 428.457
912.005 453.194
912.300 432.819
912.599 496.932
912.898 445.135
913.196 444.525
913.495 479.782
913.794 540.161
914.093 467.243
914.391 446.723
914.690 510.480
914.989 487.621
915.288 559.002
915.586 487.156
915.885 365.416
916.184 298.567
916.483 324.840
916.782 407.224
917.080 467.382
917.379 445.670
917.678 422.534
917.977 488.011
918.275 528.215
918.574 501.262
918.873 489.400
919.172 465.600
919.471 361.552
919.769 402.631
920.068 394.811
920.367 390.789
920.666 410.549
920.964 463.835
921.263 369.360
921.562 393.246
921.861 481.520
922.159 408.746
922.458 407.783
922.757 408.008
923.056 432.069
923.355 442.161
923.653 526.399
923.952 497.011
924.251 418.768
924.550 523.621
924.848 502.453
925.147 404.846
925.446 391.365
925.745 460.739
926.043 454.692
926.342 433.085
926.641 399.525
926.940 437.845
927.239 474.385
927.537 533.885
927.836 458.050
928.135 398.134
928.434 515.820
928.732 482.219
929.031 479.612
929.330 501.116
929.629 432.267
929.927 434.194
930.226 428.167
930.525 461.140
930.824 539.753
931.123 509.028
931.421 570.899
931.720 560.343
932.019 578.634
932.318 576.846
932.616 466.451
932.915 415.595
933.214 480.129
933.513 457.673
933.812 507.896
934.110 550.553
934.409 608.369
934.708 542.471
935.007 661.065
935.305 654.900
935.604 502.595
935.903 604.867
936.202 649.761
936.500 671.169
936.799 763.988
937.098 734.610
937.397 670.558
937.696 597.193
937.994 531.021
938.293 601.804
938.592 478.174
938.891 437.414
939.189 557.395
939.488 671.383
939.787 765.842
940.086 653.514
940.384 643.237
940.683 649.579
940.982 540.875
941.281 595.824
941.580 853.893
941.878 849.968
942.177 733.552
942.476 721.821
942.775 664.565
943.073 534.368
943.372 476.410
943.671 573.194
943.970 705.600
944.268 708.538
944.567 605.173
944.866 691.440
945.165 674.382
945.464 597.019
945.762 534.056
946.061 697.936
946.360 756.803
946.659 720.609
946.957 691.857
947.256 687.497
947.555 612.454
947.854 670.920
948.153 608.171
948.451 520.984
948.750 596.437
949.049 605.279
949.348 753.485
949.646 647.208
949.945 575.179
950.244 681.598
950.543 616.717
950.841 592.103
951.140 614.169
951.439 520.486
951.738 513.816
952.037 550.199
952.335 604.013
952.634 600.406
952.933 601.180
953.232 566.491
953.530 337.719
953.829 617.493
954.128 724.842
954.427 642.429
954.725 707.096
955.024 687.323
955.323 668.909
955.622 520.851
955.921 428.970
956.219 503.250
956.518 484.110
956.817 544.729
957.116 558.832
957.414 514.410
957.713 387.589
958.012 372.202
958.311 407.729
958.610 541.516
958.908 537.776
959.207 530.112
959.506 590.484
959.805 636.671
960.103 564.446
960.402 556.380
960.701 470.384
961.000 435.654
961.298 429.230
961.597 496.426
961.896 442.316
962.195 504.241
962.494 570.053
962.792 475.615
963.091 459.030
963.390 486.095
963.689 472.517
963.987 459.586
964.286 569.962
964.585 666.346
964.884 579.586
965.182 500.954
965.481 777.839
965.780 861.865
966.080 729.465
966.380 607.314
966.680 555.524
966.981 525.023
967.281 521.778
967.581 489.802
967.881 526.056
968.181 506.872
968.481 447.402
968.781 453.778
969.082 442.941
969.382 458.787
969.682 523.110
969.982 564.125
970.282 588.069
970.582 473.040
970.882 420.421
971.183 558.770
971.483 521.503
971.783 493.236
972.083 548.465
972.383 518.725
972.683 494.880
972.983 583.379
973.284 474.795
973.584 457.834
973.884 505.735
974.184 564.239
974.484 559.356
974.784 416.836
975.084 364.982
975.385 378.790
975.685 528.105
975.985 522.046
976.285 484.823
976.585 480.302
976.885 466.623
977.185 456.476
977.486 430.228
977.786 485.930
978.086 565.739
978.386 569.781
978.686 442.080
978.986 370.665
979.286 443.671
979.587 457.677
979.887 439.683
980.187 440.689
980.487 410.695
980.787 475.701
981.087 478.707
981.387 647.713
981.688 517.719
981.988 331.725
982.288 401.731
982.588 519.737
982.888 492.743
983.188 449.748
983.488 529.754
983.789 535.760
984.089 519.766
984.389 445.772
984.689 413.778
984.989 391.784
985.289 408.790
985.589 524.795
985.890 467.801
986.190 392.807
986.490 471.813
986.790 534.819
987.090 455.825
987.390 480.831
987.690 508.836
987.991 416.842
988.291 439.848
988.591 410.854
988.891 346.860
989.191 386.865
989.491 476.871
989.791 456.877
990.092 465.883
990.392 503.888
990.692 507.894
990.992 456.900
991.292 393.906
991.592 494.911
991.892 491.917
992.193 554.923
992.493 568.929
992.793 466.934
993.093 431.940
993.393 439.946
993.693 491.952
993.993 548.957
994.294 555.963
994.594 470.969
994.894 378.974
995.194 373.980
995.494 377.986
995.794 444.991
996.094 453.997
996.395 479.003
996.695 529.008
996.995 417.014
997.295 350.020
997.595 390.025
997.895 349.031
998.195 357.037
998.496 422.042
998.796 427.048
999.096 599.053
999.396 513.059
999.696 477.065
999.996 509.070
1000.296 570.076
1000.597 577.081
1000.897 464.087
1001.197 465.093
1001.497 598.098
1001.797 455.104
1002.097 375.109
1002.397 437.115
1002.698 455.120
1002.998 497.126
1003.298 472.131
1003.598 403.137
1003.898 392.143
1004.198 493.148
1004.498 501.154
1004.799 474.159
1005.099 542.165
1005.399 565.170
1005.699 550.176
1005.999 552.181
1006.299 461.187
1006.599 629.192
1006.900 658.198
1007.200 501.203
1007.500 517.209
1007.800 525.214
1008.100 465.219
1008.400 405.225
1008.700 409.230
1009.001 418.236
1009.301 412.241
1009.601 582.247
1009.901 613.252
1010.201 534.258
1010.501 529.263
1010.801 589.268
1011.102 429.274
1011.402 437.279
1011.702 415.285
1012.002 401.290
1012.302 458.295
1012.602 482.301
1012.902 460.306
1013.203 503.312
1013.503 562.317
1013.803 554.322
1014.103 444.328
1014.403 533.333
1014.703 417.338
1015.003 415.344
1015.304 553.349
1015.604 541.354
1015.904 444.360
1016.204 423.365
1016.504 437.370
1016.804 420.376
1017.104 440.381
1017.405 450.386
1017.705 405.392
1018.005 395.397
1018.305 504.402
1018.605 492.407
1018.905 410.413
1019.205 391.418
1019.506 593.423
1019.806 558.429
1020.106 470.434
1020.406 566.439
1020.706 552.444
1021.006 534.450
1021.306 629.455
1021.607 509.460
1021.907 567.465
1022.207 562.471
1022.507 467.476
1022.807 456.481
1023.107 466.486
1023.407 456.491
1023.708 460.497
1024.008 419.502
1024.308 448.507
1024.608 444.512
1024.908 360.517
1025.208 439.523
1025.508 556.528
1025.809 538.533
1026.109 439.538
1026.409 528.543
1026.709 521.548
1027.009 471.554
1027.309 485.559
1027.609 355.564
1027.910 345.569
1028.210 458.574
1028.510 587.579
1028.810 738.584
1029.110 626.589
1029.410 466.595
1029.710 561.600
1030.011 569.605
1030.311 592.610
1030.611 478.615
1030.911 473.620
1031.211 501.625
1031.511 434.630
1031.811 574.635
1032.112 604.640
1032.412 521.646
1032.712 380.651
1033.012 443.656
1033.312 577.661
1033.612 529.666
1033.912 484.671
1034.212 461.676
1034.513 430.681
1034.813 377.686
1035.113 467.691
1035.413 390.696
1035.713 407.701
1036.013 497.706
1036.313 453.711
1036.614 494.716
1036.914 456.721
1037.214 396.726
1037.514 464.731
1037.814 430.736
1038.114 465.741
1038.414 481.746
1038.715 577.751
1039.015 424.756
1039.315 330.761
1039.615 424.766
1039.915 431.771
1040.215 436.776
1040.515 445.781
1040.816 547.786
1041.116 554.791
1041.416 446.796
1041.716 337.800
1042.016 368.805
1042.316 511.810
1042.616 483.815
1042.917 392.820
1043.217 416.825
1043.517 478.830
1043.817 547.835
1044.117 511.840
1044.417 465.845
1044.717 441.850
1045.018 430.854
1045.318 501.859
1045.618 555.864
1045.918 425.869
1046.218 345.874
1046.518 412.879
1046.818 494.884
1047.119 413.888
1047.419 570.893
1047.719 532.898
1048.019 394.903
1048.319 471.908
1048.619 433.913
1048.919 455.917
1049.220 462.922
1049.520 489.927
1049.820 441.932
1050.120 373.937
1050.420 565.942
1050.720 487.946
1051.020 505.951
1051.321 542.956
1051.621 613.961
1051.921 505.966
1052.221 367.970
1052.521 375.975
1052.821 407.980
1053.121 489.985
1053.422 542.989
1053.722 548.994
1054.022 500.999
1054.322 624.004
1054.622 462.008
1054.922 374.013
1055.222 523.018
1055.523 517.023
1055.823 526.027
1056.123 557.032
1056.423 476.037
1056.723 554.041
1057.023 483.046
1057.323 357.051
1057.624 451.056
1057.924 497.060
1058.224 488.065
1058.524 466.070
1058.824 540.074
1059.124 494.079
1059.424 439.084
1059.725 454.088
1060.025 456.093
1060.325 499.098
1060.625 466.102
1060.925 482.107
1061.225 490.112
1061.525 558.116
1061.826 476.121
1062.126 527.126
1062.426 559.130
1062.726 522.135
1063.026 516.140
1063.326 634.144
1063.626 577.149
1063.927 491.153
1064.227 462.158
1064.527 390.163
1064.827 521.167
1065.127 494.172
1065.427 348.176
1065.727 392.181
1066.028 556.186
1066.328 575.190
1066.628 442.195
1066.928 411.199
1067.228 407.204
1067.528 410.209
1067.828 416.213
1068.129 364.218
1068.429 473.222
1068.729 528.227
1069.029 479.231
1069.329 386.236
1069.629 470.240
1069.929 551.245
1070.230 576.249
1070.530 526.254
1070.830 424.259
1071.130 488.263
1071.430 446.268
1071.730 502.272
1072.030 576.277
1072.331 446.281
1072.631 459.286
1072.931 517.290
1073.231 489.295
1073.531 415.299
1073.831 383.304
1074.131 506.308
1074.432 610.313
1074.732 533.317
1075.032 406.321
1075.332 389.326
1075.632 433.330
1075.932 404.335
1076.232 417.339
1076.533 415.344
1076.833 436.348
1077.133 414.353
1077.433 391.357
1077.733 410.362
1078.033 528.366
1078.333 518.370
1078.634 512.375
1078.934 485.379
1079.234 415.384
1079.534 539.388
1079.834 554.392
1080.134 490.397
1080.434 501.401
1080.735 456.406
1081.035 458.410
1081.335 338.414
1081.635 383.419
1081.935 443.423
1082.235 442.428
1082.535 437.432
1082.836 470.436
1083.136 483.441
1083.436 551.445
1083.736 561.449
1084.036 480.454
1084.336 437.458
1084.636 465.463
1084.937 537.467
1085.237 557.471
1085.537 481.476
1085.837 526.480
1086.137 472.484
1086.437 589.489
1086.737 554.493
1087.038 496.497
1087.338 545.502
1087.638 532.506
1087.938 401.510
1088.238 314.514
1088.538 460.519
1088.838 556.523
1089.139 568.527
1089.439 433.532
1089.739 553.536
1090.039 527.540
1090.339 532.544
1090.639 456.549
1090.939 472.553
1091.240 419.557
1091.540 457.562
1091.840 473.566
1092.140 541.570
1092.453 557.574
1092.766 474.579
1093.079 415.583
1093.392 484.587
1093.705 489.591
1094.018 492.596
1094.330 622.600
1094.643 570.604
1094.956 590.608
1095.269 482.612
1095.582 484.617
1095.895 456.621
1096.208 424.625
1096.521 482.629
1096.834 563.633
1097.147 501.638
1097.460 495.642
1097.773 579.646
1098.085 487.650
1098.398 420.654
1098.711 426.659
1099.024 369.663
1099.337 451.667
1099.650 577.671
1099.963 561.675
1100.276 424.679
1100.589 400.684
1100.902 498.688
1101.215 490.692
1101.528 527.696
1101.841 458.700
1102.153 453.704
1102.466 530.709
1102.779 413.713
1103.092 397.717
1103.405 489.721
1103.718 479.725
1104.031 443.729
1104.344 495.733
1104.657 501.737
1104.970 714.742
1105.283 558.746
1105.596 438.750
1105.909 449.754
1106.221 493.758
1106.534 503.762
1106.847 427.766
1107.160 373.770
1107.473 376.774
1107.786 441.778
1108.099 381.782
1108.412 430.787
1108.725 471.791
1109.038 388.795
1109.351 474.799
1109.664 515.803
1109.977 393.807
1110.289 421.811
1110.602 446.815
1110.915 397.819
1111.228 361.823
1111.541 368.827
1111.854 378.831
1112.167 365.835
1112.480 363.839
1112.793 424.843
1113.106 416.847
1113.419 434.851
1113.732 413.855
1114.044 401.859
1114.357 469.863
1114.670 480.867
1114.983 406.871
1115.296 428.875
1115.609 513.879
1115.922 485.883
1116.235 490.887
1116.548 458.891
1116.861 425.895
1117.174 456.899
1117.487 479.903
1117.800 584.907
1118.112 486.911
1118.425 481.915
1118.738 458.919
1119.051 428.923
1119.364 473.927
1119.677 468.931
1119.990 477.935
1120.303 543.939
1120.616 554.943
1120.929 460.947
1121.242 553.951
1121.555 555.955
1121.868 516.958
1122.180 476.962
1122.493 280.966
1122.806 295.970
1123.119 424.974
1123.432 505.978
1123.745 498.982
1124.058 428.986
1124.371 406.990
1124.684 551.994
1124.997 554.998
1125.310 437.001
1125.623 331.005
1125.935 343.009
1126.248 458.013
1126.561 475.017
1126.874 468.021
1127.187 562.025
1127.500 571.029
1127.813 468.033
1128.126 443.036
1128.439 479.040
1128.752 564.044
1129.065 450.048
1129.378 299.052
1129.691 402.056
1130.003 512.059
1130.316 481.063
1130.629 430.067
1130.942 489.071
1131.255 456.075
1131.568 380.079
1131.881 391.083
1132.194 494.086
1132.507 457.090
1132.820 433.094
1133.133 532.098
1133.446 422.102
1133.759 568.105
1134.071 943.109
1134.384 638.113
1134.697 487.117
1135.010 554.121
1135.323 439.124
1135.636 382.128
1135.949 377.132
1136.262 390.136
1136.575 404.140
1136.888 460.143
1137.201 470.147
1137.514 450.151
1137.826 497.155
1138.139 440.158
1138.452 454.162
1138.765 621.166
1139.078 640.170
1139.391 546.173
1139.704 537.177
1140.017 543.181
1140.330 427.185
1140.643 373.188
1140.956 394.192
1141.269 425.196
1141.582 497.200
1141.894 464.203
1142.207 598.207
1142.520 541.211
1142.833 575.214
1143.146 481.218
1143.459 383.222
1143.772 431.226
1144.085 515.229
1144.398 461.233
1144.711 442.237
1145.024 444.240
1145.337 433.244
1145.650 491.248
1145.962 405.251
1146.275 453.255
1146.588 401.259
1146.901 518.263
1147.214 522.266
1147.527 405.270
1147.840 443.274
1148.153 459.277
1148.466 486.281
1148.779 434.285
1149.092 531.288
1149.405 482.292
1149.718 458.296
1150.030 531.299
1150.343 522.303
1150.656 442.306
1150.969 423.310
1151.282 487.314
1151.595 489.317
1151.908 429.321
1152.221 328.325
1152.534 365.328
1152.847 617.332
1153.160 545.335
1153.473 540.339
1153.785 518.343
1154.098 484.346
1154.411 547.350
1154.724 487.354
1155.037 540.357
1155.350 485.361
1155.663 517.364
1155.976 442.368
1156.289 510.372
1156.602 440.375
1156.915 375.379
1157.228 336.382
1157.541 430.386
1157.853 421.389
1158.166 450.393
1158.479 513.397
1158.792 504.400
1159.105 513.404
1159.418 487.407
1159.731 442.411
1160.044 458.414
1160.357 574.418
1160.670 549.421
1160.983 412.425
1161.296 479.429
1161.609 502.432
1161.921 449.436
1162.234 414.439
1162.547 378.443
1162.860 372.446
1163.173 361.450
1163.486 469.453
1163.799 486.457
1164.112 463.460
1164.425 483.464
1164.738 411.467
1165.051 363.471
1165.364 405.474
1165.676 449.478
1165.989 504.481
1166.302 495.485
1166.615 529.488
1166.928 476.492
1167.241 498.495
1167.554 517.499
1167.867 527.502
1168.180 461.506
1168.493 371.509
1168.806 431.513
1169.119 449.516
1169.432 495.520
1169.744 480.523
1170.057 454.527
1170.370 586.530
1170.683 576.534
1170.996 489.537
1171.309 502.541
1171.622 450.544
1171.935 430.547
1172.248 570.551
1172.561 535.554
1172.874 501.558
1173.187 521.561
1173.500 505.565
1173.812 548.568
1174.125 510.571
1174.438 525.575
1174.751 442.578
1175.064 435.582
1175.377 514.585
1175.690 470.589
1176.003 389.592
1176.316 418.595
1176.629 427.599
1176.942 439.602
1177.255 405.606
1177.567 396.609
1177.880 422.612
1178.193 470.616
1178.506 412.619
1178.819 471.623
1179.132 511.626
1179.445 410.629
1179.758 538.633
1180.071 532.636
1180.384 404.640
1180.697 484.643
1181.010 509.646
1181.323 539.650
1181.635 579.653
1181.948 569.656
1182.261 492.660
1182.574 395.663
1182.887 445.666
1183.200 580.670
1183.513 558.673
1183.826 463.676
1184.139 466.680
1184.452 443.683
1184.765 410.686
1185.078 393.690
1185.391 445.693
1185.703 401.696
1186.016 319.700
1186.329 365.703
1186.642 448.706
1186.955 554.710
1187.268 435.713
1187.581 510.716
1187.894 525.720
1188.207 479.723
1188.520 445.726
1188.833 449.730
1189.146 361.733
1189.459 352.736
1189.771 455.740
1190.084 527.743
1190.397 406.746
1190.710 440.749
1191.023 543.753
1191.336 511.756
1191.649 463.759
1191.962 521.763
1192.275 458.766
1192.588 507.769
1192.901 563.772
1193.214 405.776
1193.526 411.779
1193.839 481.782
1194.152 443.785
1194.465 523.789
1194.778 440.792
1195.091 455.795
1195.404 435.798
1195.717 463.802
1196.030 539.805
1196.343 481.808
1196.656 391.811
1196.969 425.815
1197.282 507.818
1197.594 484.821
1197.907 544.824
1198.220 516.828
1198.533 503.831
1198.846 456.834
1199.159 415.837
1199.472 427.840
1199.785 531.844
1200.098 435.847
1200.411 504.850
1200.724 494.853
1201.037 471.857
1201.350 444.860
1201.662 385.863
1201.975 446.866
1202.288 441.869
1202.601 138.873
