165.028 23.883
165.288 -38.619
165.547 28.882
165.807 87.385
166.067 -23.109
166.327 -103.601
166.587 -87.090
166.847 -5.577
167.107 94.939
167.367 105.457
167.627 123.977
167.886 96.500
168.146 72.025
168.406 157.552
168.666 97.082
168.926 50.613
169.186 94.147
169.446 97.683
169.706 12.222
169.966 62.762
170.225 72.305
170.485 109.850
170.745 125.397
171.005 179.945
171.265 65.496
171.525 68.049
171.785 46.604
172.045 -6.839
172.305 130.720
172.564 116.281
172.824 -36.157
173.084 71.408
173.344 43.974
173.604 67.543
173.864 152.113
174.124 66.685
174.384 68.258
174.644 133.834
174.903 240.411
175.163 218.990
175.423 189.570
175.683 48.152
175.943 99.736
176.203 68.322
176.463 40.909
176.723 67.497
176.983 87.087
177.242 111.679
177.502 241.272
177.762 299.867
178.022 115.463
178.282 67.061
178.542 42.660
178.802 53.260
179.062 51.862
179.322 187.465
179.581 207.069
179.841 81.675
180.101 100.282
180.361 170.890
180.621 86.500
180.881 61.111
181.141 68.723
181.401 79.336
181.661 130.950
181.920 193.566
182.180 141.183
182.440 76.800
182.700 89.419
182.960 23.039
183.220 78.660
183.480 288.282
183.740 134.905
184.000 19.529
184.259 -46.846
184.519 46.780
184.779 89.406
185.039 129.034
185.299 201.663
185.559 196.292
185.819 213.923
186.079 190.554
186.339 170.186
186.598 138.818
186.858 13.452
187.118 42.086
187.378 149.721
187.638 89.357
187.898 183.993
188.158 263.630
188.418 110.268
188.678 51.906
188.937 103.545
189.197 175.185
189.457 202.825
189.717 151.466
189.977 7.107
190.237 26.749
190.497 189.392
190.757 169.034
191.017 137.678
191.276 92.322
191.536 124.966
191.796 75.611
192.056 81.256
192.316 147.901
192.576 62.547
192.836 -6.807
193.096 52.840
193.356 31.487
193.616 91.134
193.875 154.781
194.135 192.429
194.395 245.077
194.655 217.726
194.915 198.374
195.175 160.023
195.435 204.672
195.695 25.321
195.955 -51.030
196.214 61.620
196.474 190.269
196.734 219.919
196.994 235.569
197.254 197.219
197.514 130.869
197.774 165.519
198.034 77.169
198.294 93.819
198.553 195.469
198.813 146.119
199.073 34.769
199.333 52.420
199.593 225.070
199.853 204.720
200.113 251.370
200.373 280.020
200.633 104.670
200.892 109.319
201.152 122.969
201.412 110.618
201.672 214.268
201.932 344.917
202.192 277.566
202.452 130.215
202.712 92.863
202.972 146.512
203.231 247.160
203.491 263.808
203.751 203.456
204.011 220.103
204.271 282.750
204.531 113.397
204.791 73.044
205.051 83.690
205.311 172.336
205.570 132.982
205.830 182.627
206.090 123.272
206.350 168.917
206.610 405.561
206.870 233.205
207.130 152.848
207.390 176.491
207.650 162.134
207.909 164.776
208.169 225.418
208.429 190.059
208.689 130.700
208.949 220.341
209.209 261.981
209.469 89.620
209.729 110.259
209.989 171.898
210.248 70.535
210.508 252.173
210.768 228.810
211.028 158.446
211.288 231.082
211.548 198.717
211.808 214.352
212.068 339.986
212.328 320.619
212.587 342.252
212.847 241.884
213.107 279.516
213.367 270.147
213.627 198.778
213.887 222.407
214.147 158.036
214.407 183.665
214.667 172.293
214.926 326.920
215.186 245.546
215.446 226.172
215.706 159.797
215.966 177.421
216.226 184.045
216.486 188.668
216.746 210.290
217.006 244.912
217.265 160.532
217.525 107.152
217.785 188.771
218.045 220.390
218.305 172.008
218.565 136.624
218.825 218.241
219.085 292.856
219.345 165.470
219.604 112.084
219.864 171.697
220.124 185.309
220.384 168.921
220.644 165.531
220.904 157.141
221.164 218.749
221.424 204.357
221.684 114.965
221.943 162.571
222.203 218.176
222.463 144.781
222.723 86.384
222.983 180.987
223.243 180.589
223.503 216.190
223.763 150.790
224.023 122.390
224.282 250.988
224.542 296.585
224.802 292.182
225.062 263.777
225.322 342.372
225.582 297.966
225.842 228.559
226.102 220.151
226.362 250.742
226.621 269.332
226.881 177.921
227.141 193.509
227.401 238.096
227.661 198.682
227.921 285.267
228.181 238.852
228.441 204.435
228.701 309.017
228.960 263.599
229.220 137.179
229.480 135.758
229.740 255.337
230.000 350.914
230.260 197.491
230.520 166.066
230.780 186.640
231.040 196.214
231.299 183.786
231.559 219.358
231.819 210.928
232.079 254.497
232.339 225.066
232.599 95.633
232.859 222.199
233.119 358.765
233.379 234.329
233.638 202.892
233.898 266.454
234.158 230.015
234.418 100.575
234.678 197.134
234.938 250.692
235.198 150.249
235.458 180.805
235.718 197.360
235.978 168.914
236.237 182.467
236.497 238.018
236.757 303.569
237.017 271.118
237.277 262.667
237.537 296.214
237.797 162.761
238.057 201.306
238.317 207.850
238.576 146.393
238.836 236.935
239.096 274.476
239.356 238.016
239.616 232.555
239.876 198.093
240.136 217.629
240.396 294.165
240.656 343.700
240.915 347.233
241.175 268.765
241.435 161.297
241.695 219.827
241.955 377.356
242.215 435.884
242.475 350.411
242.735 222.937
242.995 262.461
243.254 333.985
243.514 297.507
243.774 81.029
244.034 134.549
244.294 389.068
244.554 297.587
244.814 268.104
245.074 239.620
245.334 239.134
245.593 255.648
245.853 262.161
246.113 179.672
246.373 261.183
246.633 327.692
246.893 232.200
247.153 234.708
247.413 289.214
247.673 274.719
247.932 236.222
248.192 241.725
248.452 313.227
248.712 284.727
248.972 182.227
249.232 346.725
249.492 263.222
249.752 140.719
250.012 334.214
250.271 277.708
250.531 276.200
250.791 470.692
251.051 425.183
251.311 247.672
251.571 119.161
251.831 208.648
252.091 318.134
252.351 254.620
252.610 222.104
252.870 307.587
253.130 253.068
253.390 260.549
253.650 356.029
253.911 359.507
254.172 337.985
254.433 267.461
254.694 229.937
254.955 290.411
255.216 230.884
255.477 305.356
255.738 287.827
255.999 203.297
256.261 311.765
256.522 312.233
256.783 325.700
257.044 210.165
257.305 130.629
257.566 160.093
257.827 114.555
258.088 173.016
258.349 219.476
258.610 274.935
258.871 331.393
259.132 379.850
259.393 299.305
259.654 206.760
259.915 157.214
260.176 230.666
260.437 307.118
260.698 284.568
260.959 232.017
261.221 220.465
261.482 309.913
261.743 334.359
262.004 340.804
262.265 425.248
262.526 373.691
262.787 226.132
263.048 202.573
263.309 213.013
263.570 326.451
263.831 314.889
264.092 231.326
264.353 133.761
264.614 364.195
264.875 374.629
265.136 270.061
265.397 448.492
265.658 473.922
265.919 456.352
266.181 404.780
266.442 289.207
266.703 254.633
266.964 239.058
267.225 237.482
267.486 265.905
267.747 325.326
268.008 385.747
268.269 406.167
268.530 347.586
268.791 340.004
269.052 357.420
269.313 309.836
269.574 331.251
269.835 346.664
270.096 369.077
270.357 378.488
270.618 301.899
270.879 223.309
271.141 271.717
271.402 294.125
271.663 245.531
271.924 288.937
272.185 281.341
272.446 299.745
272.707 339.147
272.968 286.548
273.229 256.949
273.490 293.348
273.751 240.747
274.012 245.144
274.273 380.541
274.534 332.936
274.795 254.331
275.056 311.724
275.317 248.117
275.578 171.508
275.839 232.899
276.101 254.288
276.362 226.677
276.623 297.065
276.884 364.451
277.145 335.837
277.406 351.222
277.667 231.605
277.928 142.988
278.189 353.370
278.450 352.751
278.711 317.130
278.972 360.509
279.233 283.887
279.494 338.264
279.755 438.640
280.016 467.015
280.277 341.389
280.538 347.762
280.799 241.135
281.061 247.506
281.322 259.876
281.583 283.245
281.844 238.614
282.105 219.981
282.366 355.348
282.627 333.714
282.888 381.078
283.149 369.442
283.410 309.805
283.671 330.167
283.932 290.528
284.193 155.888
284.454 213.247
284.715 328.605
284.976 291.962
285.237 346.319
285.498 512.674
285.759 409.029
286.021 369.382
286.282 370.735
286.543 359.087
286.804 347.438
287.065 368.788
287.326 368.137
287.587 239.485
287.848 303.833
288.109 386.179
288.370 321.525
288.631 192.869
288.892 186.213
289.153 249.556
289.414 261.898
289.675 388.239
289.936 455.579
290.197 414.919
290.458 376.257
290.719 253.595
290.981 347.932
291.242 422.267
291.503 434.603
291.764 339.937
292.025 228.270
292.286 236.602
292.547 324.934
292.808 321.265
293.069 359.595
293.330 348.924
293.591 290.252
293.852 290.579
294.113 312.906
294.374 309.231
294.635 374.556
294.896 396.880
295.157 383.203
295.418 375.525
295.679 392.847
295.941 376.167
296.202 382.487
296.463 327.806
296.724 379.124
296.985 389.442
297.246 369.758
297.507 265.074
297.768 259.389
298.029 342.703
298.290 462.016
298.551 511.328
298.812 474.640
299.073 332.951
299.334 265.261
299.595 395.570
299.856 419.878
300.117 481.186
300.378 384.493
300.639 287.799
300.901 222.104
301.162 315.408
301.423 378.712
301.684 432.015
301.945 483.317
302.206 279.618
302.467 293.918
302.728 314.218
302.989 291.517
303.250 384.815
303.511 448.113
303.772 416.409
304.033 340.705
304.294 310.000
304.555 297.294
304.816 389.588
305.077 389.881
305.338 252.173
305.599 280.464
305.861 316.755
306.122 377.044
306.383 351.333
306.644 378.622
306.905 260.909
307.166 388.196
307.427 419.482
307.688 307.767
307.949 315.052
308.210 349.335
308.471 351.619
308.732 346.901
308.993 249.182
309.254 259.463
309.515 202.744
309.776 305.023
310.037 364.302
310.298 253.580
310.559 268.857
310.821 375.133
311.082 408.409
311.343 278.684
311.604 309.959
311.865 272.232
312.126 256.505
312.387 329.778
312.648 271.049
312.909 302.320
313.170 357.590
313.434 378.860
313.698 256.128
313.963 388.397
314.227 345.664
314.491 278.931
314.755 345.197
315.019 354.462
315.284 216.727
315.548 313.991
315.812 354.254
316.076 410.516
316.340 414.778
316.604 393.039
316.869 398.300
317.133 367.560
317.397 455.819
317.661 356.078
317.925 302.335
318.190 345.593
318.454 370.849
318.718 316.105
318.982 388.360
319.246 461.615
319.511 549.869
319.775 402.122
320.039 370.375
320.303 359.627
320.567 378.878
320.832 400.129
321.096 355.379
321.360 379.628
321.624 343.877
321.888 278.125
322.153 318.372
322.417 280.619
322.681 234.865
322.945 329.111
323.209 350.356
323.473 296.600
323.738 270.844
324.002 338.087
324.266 524.329
324.530 489.571
324.794 376.812
325.059 308.052
325.323 235.292
325.587 287.532
325.851 310.770
326.115 500.008
326.380 404.246
326.644 388.483
326.908 419.719
327.172 340.955
327.436 366.190
327.701 381.424
327.965 337.658
328.229 355.891
328.493 220.124
328.757 263.356
329.022 420.587
329.286 357.818
329.550 341.049
329.814 345.278
330.078 370.507
330.342 303.736
330.607 341.964
330.871 363.191
331.135 464.418
331.399 503.644
331.663 399.870
331.928 378.095
332.192 426.319
332.456 422.543
332.720 398.766
332.984 301.989
333.249 362.211
333.513 362.433
333.777 273.654
334.041 248.875
334.305 332.095
334.570 382.314
334.834 318.533
335.098 471.751
335.362 480.969
335.626 439.186
335.891 383.402
336.155 376.619
336.419 372.834
336.683 275.049
336.947 357.263
337.211 382.477
337.476 271.691
337.740 303.903
338.004 318.116
338.268 337.327
338.532 376.539
338.797 320.749
339.061 357.959
339.325 417.169
339.589 477.378
339.853 398.587
340.118 344.795
340.382 435.002
340.646 472.209
340.910 381.415
341.174 345.621
341.439 315.827
341.703 367.032
341.967 343.236
342.231 325.440
342.495 317.643
342.759 427.846
343.024 392.048
343.288 423.250
343.552 371.451
343.816 259.652
344.080 324.853
344.345 319.052
344.609 230.252
344.873 200.450
345.137 311.649
345.401 361.846
345.666 254.044
345.930 390.241
346.194 446.437
346.458 306.633
346.722 334.828
346.987 371.023
347.251 428.217
347.515 532.411
347.779 376.604
348.043 321.797
348.308 395.990
348.572 356.182
348.836 257.373
349.100 313.564
349.364 306.755
349.628 311.945
349.893 339.134
350.157 363.323
350.421 377.512
350.685 375.700
350.949 337.888
351.214 310.075
351.478 368.262
351.742 407.448
352.006 393.634
352.270 370.819
352.535 274.004
352.799 273.189
353.063 336.373
353.327 290.556
353.591 299.739
353.856 382.922
354.120 410.104
354.384 496.286
354.648 544.467
354.912 408.648
355.177 336.828
355.441 285.008
355.705 475.188
355.969 474.367
356.233 372.545
356.497 377.723
356.762 384.901
357.026 358.078
357.290 314.255
357.554 359.432
357.818 398.608
358.083 343.783
358.347 311.958
358.611 352.133
358.875 348.307
359.139 368.481
359.404 319.654
359.668 399.827
359.932 489.000
360.196 477.172
360.460 365.344
360.725 372.515
360.989 372.686
361.253 487.856
361.517 495.026
361.781 509.196
362.046 514.365
362.310 496.534
362.574 483.702
362.838 363.870
363.102 382.038
363.366 418.205
363.631 343.372
363.895 368.538
364.159 438.704
364.423 431.870
364.687 461.035
364.952 477.200
365.216 474.364
365.480 409.528
365.747 321.691
366.013 360.855
366.280 364.017
366.546 448.180
366.813 357.342
367.079 362.503
367.346 457.664
367.612 416.825
367.879 415.985
368.145 493.145
368.412 409.305
368.678 361.464
368.945 502.623
369.211 460.782
369.478 430.940
369.744 381.097
370.011 413.255
370.278 411.412
370.544 357.568
370.811 378.724
371.077 400.880
371.344 349.036
371.610 368.191
371.877 418.345
372.143 499.500
372.410 515.654
372.676 523.807
372.943 464.960
373.209 417.113
373.476 377.266
373.742 382.418
374.009 497.570
374.276 478.721
374.542 412.872
374.809 285.023
375.075 260.173
375.342 259.323
375.608 261.473
375.875 313.622
376.141 476.771
376.408 422.919
376.674 447.067
376.941 432.215
377.207 396.363
377.474 655.510
377.740 579.656
378.007 366.803
378.273 426.949
378.540 514.095
378.807 401.240
379.073 348.385
379.340 327.530
379.606 366.674
379.873 342.818
380.139 406.962
380.406 427.105
380.672 417.248
380.939 352.391
381.205 350.533
381.472 303.675
381.738 264.817
382.005 385.958
382.271 413.099
382.538 411.240
382.804 524.380
383.071 446.520
383.338 398.659
383.604 389.799
383.871 509.938
384.137 525.076
384.404 412.215
384.670 440.353
384.937 352.490
385.203 399.628
385.470 416.765
385.736 392.902
386.003 444.038
386.269 432.174
386.536 381.310
386.802 420.445
387.069 480.580
387.336 560.715
387.602 525.850
387.869 282.984
388.135 259.118
388.402 272.251
388.668 386.385
388.935 491.518
389.201 569.650
389.468 498.783
389.734 479.915
390.001 415.046
390.267 357.178
390.534 455.309
390.800 461.440
391.067 461.570
391.333 448.700
391.600 366.830
391.867 412.960
392.133 389.089
392.400 335.218
392.666 276.347
392.933 442.475
393.199 497.603
393.466 386.731
393.732 339.859
393.999 416.986
394.265 419.113
394.532 360.239
394.798 438.366
395.065 389.492
395.331 410.617
395.598 413.743
395.864 361.868
396.131 371.993
396.398 452.118
396.664 486.242
396.931 505.366
397.197 525.490
397.464 407.613
397.730 532.736
397.997 507.859
398.263 446.982
398.530 484.104
398.796 613.226
399.063 574.348
399.329 453.470
399.596 575.591
399.862 556.712
400.129 581.832
400.396 628.953
400.662 463.073
400.929 479.193
401.195 577.312
401.462 664.432
401.728 698.551
401.995 736.670
402.261 716.788
402.528 745.906
402.794 858.024
403.061 1036.142
403.327 1157.259
403.594 1081.376
403.860 1080.493
404.127 1191.610
404.393 1398.726
404.660 1691.843
404.931 1785.958
405.202 1848.074
405.473 1777.189
405.745 1975.304
406.016 2351.419
406.287 2366.534
406.558 2350.648
406.829 2500.762
407.100 2420.876
407.371 2624.989
407.642 2734.103
407.914 2698.216
408.185 2712.328
408.456 2758.441
408.727 2897.553
408.998 2956.665
409.269 3044.777
409.540 3084.888
409.811 2852.000
410.083 2764.111
410.354 2675.221
410.625 2617.332
410.896 2608.442
411.167 2549.552
411.438 2448.662
411.709 2203.771
411.981 2185.881
412.252 1947.990
412.523 1774.099
412.794 1843.207
413.065 1796.315
413.336 1540.424
413.607 1509.531
413.878 1427.639
414.150 1321.746
414.421 1211.853
414.692 1131.960
414.963 1016.067
415.234 1047.173
415.505 982.280
415.776 971.385
416.047 927.491
416.319 857.597
416.590 715.702
416.861 529.807
417.132 653.912
417.403 659.016
417.674 548.121
417.945 505.225
418.217 451.328
418.488 584.432
418.759 543.535
419.030 483.639
419.301 495.742
419.572 511.844
419.843 491.947
420.114 398.049
420.386 393.151
420.657 537.253
420.928 492.355
421.199 432.456
421.470 373.557
421.741 312.658
422.012 370.759
422.283 393.859
422.555 376.960
422.826 412.060
423.097 499.159
423.368 438.259
423.639 319.358
423.910 393.458
424.181 380.557
424.453 338.655
424.724 579.754
424.995 646.852
425.266 425.950
425.537 394.048
425.808 512.146
426.079 497.243
426.350 454.341
426.622 430.438
426.893 509.535
427.164 445.631
427.435 376.728
427.706 346.824
427.977 355.920
428.248 364.016
428.519 434.111
428.791 400.207
429.062 450.302
429.333 379.397
429.604 382.492
429.875 470.586
430.146 513.681
430.417 463.775
430.689 444.869
430.960 317.963
431.231 349.056
431.502 533.150
431.773 508.243
432.044 391.336
432.315 523.428
432.586 572.521
432.858 567.613
433.129 437.706
433.400 428.798
433.671 465.889
433.942 425.981
434.213 358.072
434.484 387.163
434.755 473.254
435.027 356.345
435.298 429.436
435.569 456.526
435.840 354.617
436.116 367.707
436.391 447.796
436.667 461.886
436.942 533.976
437.218 505.065
437.493 509.154
437.769 565.243
438.045 486.332
438.320 479.420
438.596 488.508
438.871 422.597
439.147 436.685
439.422 425.772
439.698 386.860
439.974 363.947
440.249 498.035
440.525 491.122
440.800 359.209
441.076 439.295
441.351 599.382
441.627 607.468
441.903 574.554
442.178 439.640
442.454 439.726
442.729 617.811
443.005 561.897
443.281 548.982
443.556 604.067
443.832 513.152
444.107 391.237
444.383 459.321
444.658 448.406
444.934 415.490
445.210 589.574
445.485 588.658
445.761 590.741
446.036 575.825
446.312 579.908
446.587 563.991
446.863 414.074
447.139 480.157
447.414 506.240
447.690 524.322
447.965 576.404
448.241 524.486
448.516 499.568
448.792 528.650
449.068 546.732
449.343 520.813
449.619 449.894
449.894 466.975
450.170 487.056
450.445 639.137
450.721 606.218
450.997 391.298
451.272 495.378
451.548 468.458
451.823 423.538
452.099 501.618
452.375 437.698
452.650 441.777
452.926 493.856
453.201 541.935
453.477 759.014
453.752 645.093
454.028 468.172
454.304 485.250
454.579 603.329
454.855 595.407
455.130 579.485
455.406 678.562
455.681 632.640
455.957 502.718
456.233 478.795
456.508 536.872
456.784 536.949
457.059 508.026
457.335 630.103
457.610 587.179
457.886 551.256
458.162 503.332
458.437 488.408
458.713 551.484
458.988 523.560
459.264 561.635
459.539 604.711
459.815 540.786
460.091 467.861
460.366 440.936
460.642 370.011
460.917 480.086
461.193 491.160
461.468 457.235
461.744 459.309
462.020 430.383
462.295 426.457
462.571 429.531
462.846 517.605
463.122 604.678
463.397 634.752
463.673 557.268
463.949 477.420
464.224 456.514
464.500 500.543
464.775 427.116
465.051 435.318
465.327 475.785
465.602 508.317
465.878 520.884
466.153 446.584
466.429 621.927
466.704 785.050
466.980 633.692
467.256 570.763
467.531 636.471
467.807 601.108
468.082 582.141
468.358 557.605
468.633 590.480
468.909 501.193
469.185 425.386
469.460 553.651
469.736 600.603
470.011 466.736
470.287 510.602
470.562 552.025
470.838 504.216
471.114 559.341
471.389 532.138
471.665 497.357
471.940 586.999
472.216 544.558
472.491 430.691
472.767 428.155
473.043 578.326
473.318 654.460
473.594 503.420
473.869 534.520
474.145 452.189
474.421 425.808
474.696 447.240
474.972 398.884
475.247 474.793
475.523 575.192
475.798 565.653
476.074 494.881
476.350 504.114
476.625 503.676
476.901 539.422
477.176 530.794
477.452 446.903
477.727 434.763
478.003 328.697
478.279 438.520
478.554 529.034
478.830 522.518
479.105 524.569
479.381 471.365
479.656 455.204
479.932 460.888
480.208 510.083
480.483 556.144
480.759 618.899
481.034 529.450
481.310 512.344
481.585 513.392
481.861 534.626
482.137 451.574
482.412 458.227
482.688 480.463
482.963 552.262
483.239 567.804
483.514 401.535
483.790 526.795
484.066 724.135
484.341 576.768
484.617 496.495
484.892 561.242
485.168 500.608
485.443 398.781
485.719 451.527
485.995 537.994
486.270 605.907
486.546 525.641
486.821 405.029
487.097 374.676
487.373 425.649
487.648 541.014
487.924 561.192
488.199 402.547
488.475 248.384
488.750 289.133
489.026 414.109
489.302 428.889
489.577 409.901
489.853 392.909
490.128 499.726
490.404 498.318
490.679 375.089
490.955 506.746
491.231 610.422
491.506 596.401
491.782 481.471
492.057 378.319
492.333 466.440
492.608 416.596
492.884 431.331
493.160 339.413
493.435 358.764
493.711 435.292
493.986 440.801
494.262 425.604
494.537 398.211
494.813 469.317
495.089 366.692
495.364 463.017
495.640 484.685
495.915 411.068
496.191 540.872
496.467 500.083
496.742 476.494
497.018 519.940
497.293 465.703
497.569 480.054
497.844 445.418
498.120 501.911
498.396 473.202
498.671 410.173
498.947 479.743
499.222 495.187
499.498 428.075
499.773 460.967
500.049 558.653
500.325 490.405
500.600 520.442
500.876 518.016
501.151 608.379
501.427 545.794
501.702 577.554
501.978 596.706
502.254 589.908
502.529 487.760
502.805 606.132
503.080 696.517
503.356 572.150
503.631 558.642
503.907 577.035
504.183 484.986
504.458 548.807
504.734 543.252
505.009 595.885
505.285 525.694
505.560 510.050
505.836 522.768
506.112 528.896
506.387 456.076
506.663 411.180
506.938 455.724
507.214 481.057
507.490 470.524
507.765 440.840
508.041 531.712
508.316 635.701
508.592 473.347
508.867 527.251
509.143 653.407
509.419 577.079
509.694 477.680
509.970 455.667
510.245 442.795
510.521 497.405
510.796 438.020
511.072 418.092
511.348 478.129
511.623 517.064
511.899 508.616
512.174 602.502
512.450 553.345
512.725 515.699
513.001 404.238
513.277 396.958
513.552 529.624
513.828 504.962
514.103 496.633
514.379 603.683
514.654 567.112
514.930 569.977
515.206 788.310
515.481 649.008
515.757 499.892
516.032 449.551
516.308 571.769
516.583 602.481
516.859 547.803
517.135 574.008
517.410 639.023
517.686 632.267
517.961 615.792
518.237 630.163
518.513 542.833
518.788 715.468
519.064 766.256
519.339 740.955
519.615 664.996
519.890 702.009
520.166 763.035
520.442 875.917
520.717 929.860
520.993 929.838
521.268 776.919
521.544 758.677
521.819 706.352
522.095 702.840
522.371 844.109
522.646 856.618
522.922 940.133
523.197 930.599
523.473 1014.920
523.748 910.658
524.024 831.276
524.300 843.760
524.575 828.493
524.851 897.436
525.126 886.106
525.402 862.117
525.677 942.544
525.953 863.292
526.229 791.634
526.504 765.641
526.780 860.554
527.055 832.713
527.331 850.938
527.606 898.731
527.882 844.325
528.158 716.824
528.433 889.069
528.709 828.651
528.984 776.870
529.260 790.907
529.535 802.678
529.811 684.565
530.087 607.966
530.362 642.313
530.638 643.662
530.913 706.662
531.189 753.719
531.465 616.696
531.740 592.213
532.016 624.743
532.291 627.687
532.567 606.659
532.842 630.925
533.118 630.610
533.394 676.895
533.669 563.468
533.945 518.763
534.220 532.424
534.496 622.565
534.771 574.481
535.047 648.254
535.323 621.585
535.598 684.435
535.874 771.083
536.149 814.889
536.425 878.350
536.700 906.768
536.976 1051.724
537.252 1228.460
537.527 1257.214
537.803 1387.903
538.078 1642.013
538.354 1846.578
538.629 1906.508
538.905 2060.092
539.181 2178.595
539.456 2227.946
539.732 2454.273
540.007 2542.172
540.283 2432.077
540.558 2366.538
540.834 2432.586
541.110 2408.303
541.385 2389.532
541.661 2462.840
541.936 2518.840
542.212 2426.710
542.488 2389.090
542.763 2494.185
543.039 2605.826
543.314 2497.732
543.590 2344.344
543.865 2336.440
544.141 2324.564
544.417 2390.145
544.692 2347.484
544.968 2423.989
545.243 2355.862
545.519 2235.389
545.794 2284.371
546.070 2344.053
546.348 2294.684
546.627 2191.051
546.905 2375.360
547.183 2375.647
547.461 2449.172
547.740 2570.363
548.018 2482.500
548.296 2450.283
548.575 2461.246
548.853 2468.236
549.131 2614.253
549.409 2625.588
549.688 2691.103
549.966 2741.737
550.244 2828.085
550.523 2747.025
550.801 2708.700
551.079 2750.570
551.357 2794.129
551.636 2705.438
551.914 2682.389
552.192 2587.752
552.471 2626.870
552.749 2632.569
553.027 2653.638
553.306 2706.130
553.584 2809.412
553.862 2773.291
554.140 2873.525
554.419 2879.811
554.697 2862.218
554.975 2842.821
555.254 2823.461
555.532 2579.530
555.810 2680.464
556.088 2841.785
556.367 2624.685
556.645 2450.962
556.923 2497.691
557.202 2270.810
557.480 2209.418
557.758 2023.994
558.036 1823.254
558.315 1723.923
558.593 1775.266
558.871 1626.221
559.150 1483.984
559.428 1415.020
559.706 1259.901
559.984 1200.805
560.263 1284.543
560.541 1201.258
560.819 1074.320
561.098 1025.174
561.376 965.593
561.654 864.667
561.932 750.038
562.211 828.363
562.489 892.759
562.767 765.258
563.046 630.581
563.324 620.413
563.602 653.705
563.880 651.192
564.159 656.985
564.437 733.091
564.715 629.222
564.994 552.481
565.272 631.210
565.550 543.391
565.828 485.405
566.107 634.542
566.385 615.622
566.663 476.870
566.942 461.031
567.220 525.426
567.498 670.196
567.776 558.691
568.055 490.456
568.333 527.028
568.611 585.881
568.890 539.671
569.168 488.623
569.446 591.544
569.725 582.882
570.003 449.582
570.281 407.497
570.559 472.328
570.838 482.499
571.116 559.550
571.394 635.165
571.673 652.303
571.951 615.105
572.229 548.148
572.507 586.615
572.786 573.600
573.064 511.874
573.342 537.224
573.621 469.037
573.899 538.338
574.177 695.147
574.455 635.253
574.734 541.974
575.012 584.082
575.290 572.933
575.569 576.469
575.847 637.912
576.125 605.560
576.403 492.238
576.682 586.167
576.960 612.971
577.243 635.038
577.527 562.790
577.810 518.487
578.093 530.866
578.377 529.971
578.660 546.802
578.944 546.834
579.227 532.108
579.510 575.284
579.794 567.951
580.077 517.867
580.360 546.190
580.644 540.807
580.927 544.359
581.210 553.337
581.494 513.635
581.777 581.813
582.061 576.449
582.344 467.385
582.627 453.459
582.911 512.314
583.194 473.935
583.477 560.794
583.761 577.792
584.044 594.789
584.327 625.386
584.611 574.468
584.894 525.549
585.178 470.636
585.461 527.610
585.744 604.565
586.028 499.201
586.311 555.233
586.594 606.264
586.878 570.295
587.161 518.327
587.444 559.358
587.728 563.389
588.011 585.421
588.295 488.452
588.578 529.953
588.861 641.872
589.145 545.545
589.428 553.129
589.711 463.607
589.995 432.206
590.278 555.113
590.562 523.699
590.845 472.258
591.128 605.550
591.412 574.642
591.695 536.286
591.978 655.541
592.262 586.297
592.545 443.583
592.828 629.684
593.112 534.371
593.395 487.542
593.679 485.094
593.962 554.845
594.245 538.403
594.529 511.567
594.812 442.500
595.095 418.095
595.379 571.216
595.662 550.939
595.945 518.644
596.229 444.747
596.512 448.846
596.796 502.838
597.079 579.598
597.362 614.280
597.646 650.300
597.929 563.286
598.212 556.830
598.496 585.515
598.779 622.478
599.062 696.545
599.346 621.549
599.629 512.484
599.913 501.170
600.196 502.184
600.479 525.341
600.763 540.665
601.046 463.918
601.329 508.694
601.613 605.567
601.896 547.582
602.179 590.295
602.463 534.331
602.746 614.909
603.030 675.841
603.313 631.045
603.596 483.870
603.880 516.757
604.163 550.118
604.446 501.615
604.730 439.939
605.013 505.094
605.296 546.752
605.580 496.829
605.863 572.273
606.147 470.440
606.430 480.262
606.713 554.183
606.997 522.432
607.280 632.516
607.563 584.598
607.847 568.414
608.130 571.513
608.414 584.680
608.697 562.203
608.980 512.829
609.264 581.987
609.547 520.719
609.830 509.972
610.114 528.609
610.397 531.574
610.680 585.875
610.964 542.933
611.247 563.549
611.531 554.315
611.814 446.393
612.097 483.711
612.381 578.362
612.664 660.408
612.947 531.878
613.231 455.359
613.514 468.603
613.797 497.117
614.081 504.019
614.364 521.728
614.648 489.338
614.931 434.354
615.214 441.257
615.498 459.416
615.781 476.627
616.064 481.575
616.348 543.609
616.631 622.988
616.914 718.858
617.198 609.248
617.481 506.811
617.765 494.516
618.048 513.787
618.331 467.416
618.615 457.034
618.898 593.424
619.181 590.485
619.465 512.955
619.748 463.525
620.031 473.911
620.315 426.834
620.598 486.808
620.882 586.622
621.165 695.581
621.448 632.982
621.732 541.101
622.015 432.669
622.298 417.605
622.582 555.772
622.865 564.345
623.148 518.417
623.432 538.499
623.715 455.442
623.999 602.821
624.282 612.488
624.565 640.909
624.849 535.301
625.132 397.293
625.415 633.205
625.699 755.969
625.982 612.705
626.265 510.835
626.549 479.031
626.832 617.441
627.116 654.840
627.399 500.320
627.682 913.651
627.966 762.706
628.249 521.521
628.532 465.746
628.816 573.162
629.099 501.470
629.383 487.980
629.666 535.981
629.949 508.508
630.233 530.384
630.516 564.511
630.799 591.114
631.083 508.521
631.366 447.505
631.649 365.382
631.933 357.213
632.216 507.062
632.500 540.179
632.783 522.124
633.066 534.702
633.350 560.229
633.633 598.322
633.916 546.044
634.200 473.547
634.483 444.381
634.766 502.348
635.050 497.126
635.333 451.957
635.617 479.611
635.900 526.118
636.183 577.180
636.467 538.850
636.750 550.120
637.033 562.406
637.317 526.975
637.600 534.021
637.883 514.763
638.167 486.160
638.450 507.743
638.734 533.046
639.017 599.548
639.300 609.870
639.584 531.679
639.867 643.955
640.150 615.914
640.434 627.161
640.717 625.662
641.000 557.460
641.284 608.884
641.567 529.026
641.851 573.812
642.134 655.356
642.417 601.494
642.701 741.461
642.984 798.734
643.267 777.779
643.551 619.561
643.834 568.617
644.117 674.848
644.401 688.623
644.684 750.500
644.968 877.753
645.251 844.118
645.534 797.235
645.818 894.817
646.101 1083.473
646.384 1176.452
646.668 1300.417
646.951 1320.156
647.235 1393.787
647.518 1471.816
647.801 1641.950
648.085 1782.213
648.368 1825.263
648.651 1805.547
648.935 1993.526
649.218 2162.097
649.501 2126.456
649.785 2247.827
650.068 2464.353
650.352 2651.782
650.635 2749.772
650.918 2766.586
651.202 2952.850
651.485 3150.357
651.768 3295.008
652.052 3329.238
652.335 3437.815
652.618 3545.329
652.902 3650.131
653.185 3830.249
653.469 3757.221
653.752 3774.930
654.035 3863.616
654.319 3941.193
654.602 3899.969
654.885 3748.131
655.169 3753.057
655.452 3710.269
655.735 3761.517
656.019 3836.152
656.302 3777.810
656.586 3895.035
656.869 4034.742
657.152 3918.601
657.436 3909.332
657.719 4065.198
658.002 4091.653
658.286 3947.323
658.569 3866.131
658.852 3966.456
659.136 4080.116
659.419 4099.427
659.703 4026.352
659.986 4028.404
660.269 4106.815
660.553 4013.232
660.836 4026.465
661.119 4097.625
661.403 4022.489
661.686 3879.049
661.969 3779.375
662.253 3688.157
662.536 3637.366
662.820 3623.924
663.103 3474.858
663.386 3358.246
663.670 3285.245
663.953 3135.903
664.236 3136.062
664.520 2980.055
664.803 2859.509
665.086 2760.481
665.370 2789.642
665.653 2702.530
665.937 2620.099
666.220 2353.386
666.503 2215.476
666.787 2161.744
667.070 2091.972
667.353 1984.269
667.637 1775.397
667.920 1763.247
668.204 1561.121
668.487 1452.291
668.770 1515.909
669.054 1338.740
669.337 1258.576
669.620 1249.423
669.904 1190.126
670.187 1152.624
670.470 1161.984
670.754 1053.841
671.037 921.048
671.321 885.398
671.604 869.964
671.887 875.993
672.171 871.919
672.454 884.340
672.737 842.116
673.021 746.590
673.304 761.750
673.587 908.588
673.871 903.276
674.154 854.214
674.438 844.835
674.721 780.107
675.004 810.765
675.288 781.979
675.571 705.565
675.854 637.614
676.138 621.796
676.421 559.507
676.704 552.874
676.988 658.618
677.271 777.088
677.555 707.591
677.838 607.301
678.121 632.520
678.405 631.779
678.688 723.932
678.971 544.956
679.255 614.478
679.538 689.187
679.821 667.423
680.105 614.138
680.388 513.431
680.672 533.735
680.955 553.505
681.238 531.209
681.522 528.597
681.805 516.715
682.088 584.947
682.372 618.945
682.655 576.813
682.938 646.770
683.222 589.379
683.505 547.172
683.789 638.101
684.072 627.671
684.355 573.800
684.639 572.776
684.922 548.787
685.205 535.237
685.489 605.194
685.772 614.205
686.056 631.604
686.339 655.682
686.622 568.738
686.906 579.195
687.189 654.371
687.472 797.397
687.756 686.053
688.039 556.308
688.322 482.215
688.606 622.109
688.889 673.277
689.173 595.008
689.456 642.000
689.739 655.589
690.023 606.958
690.306 569.438
690.589 503.239
690.873 597.427
691.156 621.380
691.439 555.842
691.723 536.090
692.006 591.875
692.290 580.269
692.573 639.914
692.856 673.839
693.140 696.656
693.423 615.208
693.706 516.382
693.990 448.115
694.273 445.604
694.556 649.497
694.840 721.180
695.123 640.908
695.407 638.201
695.690 542.157
695.973 557.168
696.257 588.538
696.540 746.387
696.830 712.750
697.120 703.519
697.410 701.788
697.699 646.727
697.989 794.648
698.279 688.815
698.569 551.857
698.859 593.883
699.149 623.361
699.439 562.477
699.729 530.288
700.018 493.571
700.308 563.422
700.598 477.813
700.888 429.626
701.178 549.005
701.468 486.600
701.758 385.820
702.048 456.386
702.337 430.576
702.627 550.814
702.917 543.768
703.207 453.062
703.497 501.920
703.787 468.267
704.077 483.846
704.366 550.161
704.656 465.373
704.946 406.994
705.236 402.609
705.526 536.954
705.816 631.782
706.106 438.746
706.396 444.302
706.685 453.919
706.975 369.527
707.265 354.936
707.555 489.719
707.845 511.560
708.135 429.317
708.425 411.263
708.715 421.577
709.004 564.458
709.294 500.245
709.584 452.924
709.874 501.264
710.164 529.880
710.454 484.501
710.744 459.360
711.034 513.164
711.323 529.887
711.613 463.958
711.903 560.864
712.193 587.429
712.483 495.016
712.773 466.517
713.063 455.804
713.352 487.249
713.642 460.897
713.932 495.135
714.222 504.898
714.512 457.730
714.802 414.305
715.092 528.662
715.382 476.398
715.671 417.579
715.961 462.070
716.251 385.977
716.541 432.782
716.831 519.882
717.121 430.195
717.411 493.502
717.701 541.364
717.990 499.274
718.280 484.965
718.570 436.269
718.860 417.739
719.150 467.819
719.440 422.540
719.730 384.755
720.019 541.846
720.309 468.835
720.599 449.748
720.889 429.571
721.179 509.969
721.469 554.534
721.759 504.266
722.049 533.045
722.338 482.245
722.628 478.383
722.918 497.133
723.208 525.028
723.498 370.235
723.788 424.504
724.078 594.876
724.368 570.001
724.657 503.957
724.947 520.851
725.237 515.578
725.527 551.307
725.817 545.969
726.107 462.462
726.397 389.943
726.686 331.931
726.976 405.447
727.266 503.140
727.556 491.550
727.846 529.795
728.136 545.738
728.426 413.090
728.716 380.159
729.005 476.104
729.295 423.794
729.585 356.670
729.875 366.653
730.165 435.888
730.455 478.580
730.745 491.681
731.035 465.482
731.324 517.959
731.614 504.347
731.904 468.894
732.194 517.500
732.484 453.816
732.774 444.103
733.064 479.137
733.354 389.657
733.643 416.178
733.933 437.230
734.223 394.360
734.513 466.499
734.803 516.725
735.093 460.154
735.383 477.219
735.672 493.836
735.962 533.956
736.252 429.831
736.542 426.770
736.832 378.793
737.122 331.139
737.412 406.644
737.702 564.074
737.991 546.424
738.281 474.750
738.571 477.245
738.861 486.073
739.151 466.403
739.441 511.190
739.731 396.160
740.021 414.689
740.310 518.663
740.600 585.329
740.890 426.555
741.180 423.463
741.470 479.745
741.760 571.566
742.050 666.349
742.339 574.704
742.629 458.991
742.919 550.004
743.209 372.598
743.499 375.948
743.789 426.829
744.079 482.289
744.369 494.685
744.658 410.447
744.948 306.094
745.238 436.243
745.528 476.892
745.818 563.689
746.108 551.798
746.398 508.666
746.688 507.687
746.977 620.909
747.267 455.084
747.557 462.508
747.847 552.980
748.137 536.628
748.427 496.841
748.717 413.685
749.006 293.884
749.296 430.645
749.586 464.062
749.876 552.187
750.166 483.476
750.456 499.924
750.746 507.423
751.036 500.451
751.325 539.387
751.615 433.047
751.905 451.043
752.195 552.507
752.485 494.521
752.775 487.022
753.065 452.001
753.355 579.142
753.644 561.138
753.934 496.577
754.224 534.207
754.514 652.227
754.804 436.943
755.094 367.749
755.384 438.976
755.674 462.059
755.963 524.259
756.253 478.615
756.543 529.302
756.833 554.500
757.123 529.860
757.413 453.020
757.703 395.747
757.992 439.981
758.282 440.557
758.572 414.883
758.862 402.836
759.152 466.166
759.442 492.820
759.732 492.324
760.022 540.579
760.311 527.052
760.601 404.329
760.891 474.765
761.181 496.412
761.471 489.882
761.761 438.022
762.051 453.141
762.341 553.303
762.630 567.972
762.920 517.633
763.210 526.232
763.500 494.497
763.793 430.059
764.086 434.101
764.379 434.683
764.671 515.180
764.964 447.788
765.257 497.097
765.550 506.177
765.843 410.424
766.136 473.946
766.429 444.725
766.722 447.311
767.014 420.718
767.307 325.485
767.600 338.589
767.893 369.186
768.186 363.150
768.479 471.026
768.772 542.612
769.064 525.488
769.357 435.344
769.650 401.522
769.943 542.118
770.236 520.982
770.529 372.327
770.822 405.606
771.115 510.458
771.407 565.476
771.700 565.489
771.993 612.538
772.286 530.197
772.579 543.788
772.872 407.712
773.165 406.717
773.457 517.617
773.750 504.025
774.043 459.638
774.336 502.539
774.629 507.587
774.922 491.967
775.215 420.335
775.508 443.670
775.800 416.074
776.093 463.836
776.386 479.479
776.679 463.862
776.972 532.354
777.265 664.290
777.558 676.712
777.850 534.336
778.143 545.404
778.436 505.724
778.729 503.218
779.022 519.311
779.315 434.901
779.608 393.708
779.900 443.971
780.193 431.923
780.486 423.470
780.779 440.109
781.072 376.554
781.365 457.185
781.658 486.772
781.951 406.463
782.243 475.801
782.536 511.910
782.829 496.862
783.122 482.818
783.415 456.267
783.708 474.334
784.001 483.373
784.293 529.524
784.586 519.987
784.879 544.047
785.172 470.442
785.465 373.731
785.758 469.935
786.051 514.036
786.344 559.020
786.636 648.680
786.929 544.588
787.222 489.524
787.515 441.509
787.808 457.622
788.101 453.638
788.394 588.515
788.686 656.459
788.979 621.127
789.272 546.593
789.565 522.107
789.858 454.255
790.151 404.770
790.444 393.793
790.737 456.199
791.029 439.332
791.322 473.276
791.615 414.989
791.908 489.756
792.201 484.289
792.494 500.767
792.787 518.208
793.079 596.503
793.372 503.291
793.665 513.775
793.958 451.972
794.251 486.879
794.544 518.278
794.837 587.600
795.130 531.779
795.422 517.832
795.715 502.889
796.008 533.342
796.301 511.375
796.594 474.534
796.887 506.418
797.180 510.923
797.472 393.287
797.765 334.475
798.058 400.886
798.351 441.178
798.644 405.297
798.937 391.350
799.230 396.948
799.523 646.607
799.815 590.786
800.108 415.324
800.401 341.557
800.694 440.711
800.987 416.355
801.280 509.106
801.573 589.038
801.865 594.044
802.158 487.674
802.451 462.735
802.744 432.806
803.037 472.738
803.330 466.228
803.623 561.582
803.915 541.633
804.208 464.264
804.501 520.259
804.794 520.271
805.087 473.761
805.380 357.488
805.673 390.174
805.966 486.281
806.258 432.671
806.551 497.808
806.844 555.048
807.137 552.602
807.430 375.352
807.723 330.182
808.016 536.016
808.308 566.281
808.601 423.589
808.894 367.108
809.187 431.940
809.480 519.042
809.773 435.114
810.066 490.895
810.359 607.211
810.651 550.930
810.944 364.901
811.237 403.626
811.530 490.418
811.825 418.197
812.119 403.658
812.414 364.315
812.709 456.613
813.003 465.646
813.298 398.452
813.593 472.219
813.887 445.436
814.182 604.565
814.476 600.114
814.771 602.155
815.066 513.869
815.360 447.301
815.655 392.434
815.950 417.259
816.244 493.567
816.539 564.920
816.834 513.963
817.128 535.927
817.423 581.263
817.718 733.364
818.012 527.426
818.307 317.880
818.602 453.137
818.896 499.253
819.191 418.584
819.486 459.622
819.780 553.351
820.075 647.383
820.369 594.958
820.664 451.693
820.959 540.730
821.253 550.628
821.548 496.753
821.843 519.602
822.137 496.245
822.432 505.623
822.727 536.401
823.021 518.182
823.316 599.195
823.611 581.612
823.905 435.939
824.200 382.590
824.495 535.307
824.789 547.976
825.084 571.645
825.379 447.787
825.673 440.878
825.968 574.098
826.262 520.691
826.557 514.923
826.852 525.003
827.146 470.874
827.441 473.567
827.736 557.945
828.030 502.225
828.325 325.482
828.620 478.359
828.914 630.844
829.209 490.079
829.504 631.649
829.798 615.508
830.093 482.733
830.388 460.545
830.682 363.976
830.977 464.943
831.271 508.094
831.566 381.502
831.861 414.119
832.155 443.592
832.450 528.722
832.745 579.130
833.039 499.245
833.334 447.624
833.629 466.246
833.923 439.188
834.218 437.996
834.513 438.254
834.807 474.402
835.102 385.367
835.397 428.278
835.691 396.121
835.986 396.724
836.281 385.774
836.575 401.062
836.870 435.444
837.164 439.790
837.459 413.003
837.754 476.489
838.048 438.292
838.343 340.788
838.638 387.590
838.932 497.501
839.227 486.647
839.522 492.550
839.816 476.136
840.111 445.003
840.406 424.711
840.700 527.772
840.995 641.006
841.290 665.007
841.584 525.668
841.879 631.642
842.174 618.973
842.468 562.258
842.763 437.660
843.057 527.090
843.352 491.083
843.647 456.324
843.941 466.805
844.236 499.067
844.531 544.726
844.825 517.112
845.120 532.565
845.415 661.716
845.709 604.188
846.004 565.290
846.299 439.961
846.593 533.275
846.888 552.558
847.183 477.152
847.477 443.841
847.772 469.072
848.066 536.662
848.361 551.562
848.656 513.433
848.950 486.046
849.245 565.561
849.540 477.471
849.834 598.303
850.129 667.807
850.424 579.033
850.718 567.065
851.013 638.341
851.308 556.103
851.602 537.744
851.897 606.886
852.192 704.241
852.486 562.890
852.781 496.463
853.076 581.239
853.370 574.864
853.665 636.659
853.959 671.746
854.254 560.386
854.549 689.599
854.843 539.268
855.138 469.939
855.433 584.933
855.727 602.381
856.022 502.276
856.317 518.649
856.611 541.140
856.906 542.695
857.201 582.456
857.495 621.431
857.790 630.803
858.085 614.229
858.379 550.041
858.674 429.074
858.969 365.416
859.263 452.612
859.558 510.598
859.852 456.739
860.147 484.256
860.442 610.547
860.736 435.359
861.031 522.984
861.326 590.757
861.620 530.406
861.915 605.700
862.210 610.198
862.504 505.047
862.799 544.480
863.094 581.629
863.388 492.293
863.683 467.391
863.978 474.428
864.272 451.334
864.567 450.972
864.861 498.204
865.156 425.228
865.451 328.619
865.745 531.411
866.040 574.634
866.335 560.071
866.629 592.426
866.924 464.458
867.219 449.187
867.513 555.531
867.808 516.656
868.103 488.229
868.397 506.975
868.692 497.878
868.987 464.085
869.281 437.103
869.576 531.990
869.871 538.473
870.165 466.544
870.460 422.263
870.754 458.211
871.049 399.771
871.344 442.553
871.638 493.570
871.933 433.493
872.228 512.799
872.522 492.154
872.817 544.052
873.112 717.251
873.406 528.818
873.701 559.071
873.996 576.491
874.290 495.199
874.585 449.585
874.880 492.805
875.174 465.271
875.469 468.694
875.764 472.111
876.058 408.983
876.353 369.601
876.647 384.374
876.942 382.093
877.237 446.076
877.531 512.556
877.826 508.262
878.121 465.946
878.415 430.374
878.710 434.841
879.005 594.708
879.299 503.496
879.594 381.202
879.889 325.400
880.183 352.002
880.478 371.602
880.773 357.844
881.067 377.688
881.362 435.598
881.656 406.188
881.951 456.745
882.246 415.783
882.540 378.158
882.835 396.424
883.130 443.818
883.424 396.819
883.719 420.781
884.014 500.768
884.308 467.533
884.603 389.972
884.898 417.906
885.192 515.245
885.487 474.602
885.782 394.047
886.076 511.152
886.371 468.949
886.666 281.989
886.960 353.428
887.255 384.453
887.549 418.625
887.844 547.319
888.139 549.428
888.433 495.967
888.728 394.738
889.023 431.157
889.317 485.364
889.612 398.139
889.907 423.458
890.201 488.067
890.496 500.905
890.791 464.250
891.085 401.182
891.380 380.007
891.675 431.586
891.969 496.081
892.264 423.411
892.559 431.728
892.853 528.321
893.148 460.367
893.442 442.823
893.737 491.721
894.032 412.881
894.326 366.192
894.621 426.111
894.916 370.938
895.210 386.477
895.505 443.162
895.800 411.731
896.094 342.167
896.389 393.366
896.684 407.855
896.978 358.958
897.273 331.306
897.568 459.996
897.862 435.653
898.157 388.799
898.451 546.672
898.746 503.316
899.041 515.283
899.335 464.803
899.630 407.598
899.925 448.874
900.219 496.710
900.514 588.105
900.809 462.457
901.103 297.344
901.398 412.804
901.693 400.557
901.987 383.987
902.282 474.480
902.577 411.997
902.871 360.834
903.166 438.773
903.461 502.564
903.755 483.360
904.050 442.551
904.344 340.121
904.639 312.917
904.934 361.679
905.228 381.221
905.523 347.093
905.818 384.625
906.112 477.424
906.407 465.658
906.702 433.053
906.996 487.772
907.291 467.306
907.586 363.206
907.880 446.855
908.175 447.268
908.470 464.547
908.764 491.380
909.059 544.642
909.354 479.950
909.648 373.546
909.943 399.123
910.237 503.246
910.532 515.174
910.827 563.761
911.121 524.835
911.416 479.851
911.711 456.880
912.005 465.095
912.300 495.480
912.599 532.015
912.898 443.215
913.196 435.179
913.495 518.674
913.794 596.782
914.093 500.599
914.391 468.979
914.690 479.627
914.989 467.010
915.288 605.574
915.586 567.460
915.885 435.571
916.184 344.463
916.483 333.213
916.782 497.380
917.080 527.462
917.379 474.790
917.678 432.831
917.977 521.967
918.275 567.880
918.574 516.372
918.873 530.165
919.172 504.539
919.471 387.147
919.769 404.467
920.068 403.336
920.367 413.684
920.666 463.312
920.964 496.457
921.263 436.726
921.562 398.967
921.861 520.171
922.159 448.442
922.458 453.299
922.757 430.310
923.056 436.880
923.355 474.410
923.653 528.286
923.952 505.789
924.251 414.758
924.550 516.652
924.848 516.214
925.147 422.613
925.446 400.221
925.745 508.380
926.043 487.488
926.342 457.987
926.641 434.452
926.940 424.733
927.239 479.342
927.537 579.266
927.836 483.280
928.135 480.211
928.434 532.007
928.732 577.043
929.031 610.552
929.330 605.657
929.629 538.050
929.927 503.121
930.226 456.043
930.525 458.986
930.824 573.046
931.123 505.814
931.421 569.775
931.720 608.841
932.019 611.431
932.318 566.120
932.616 489.929
932.915 457.544
933.214 511.505
933.513 527.388
933.812 538.553
934.110 565.961
934.409 621.667
934.708 558.156
935.007 699.490
935.305 678.873
935.604 496.705
935.903 567.180
936.202 589.178
936.500 696.264
936.799 807.644
937.098 775.213
937.397 627.916
937.696 585.711
937.994 606.281
938.293 612.048
938.592 508.147
938.891 552.704
939.189 644.431
939.488 718.585
939.787 824.568
940.086 681.117
940.384 726.704
940.683 659.325
940.982 511.030
941.281 628.440
941.580 883.835
941.878 887.330
942.177 724.767
942.476 740.642
942.775 696.673
943.073 582.723
943.372 518.829
943.671 661.067
943.970 809.450
944.268 724.541
944.567 565.597
944.866 662.098
945.165 677.199
945.464 656.771
945.762 623.940
946.061 784.540
946.360 805.624
946.659 734.835
946.957 721.714
947.256 707.285
947.555 673.176
947.854 646.810
948.153 582.793
948.451 578.150
948.750 597.728
949.049 617.563
949.348 830.103
949.646 687.986
949.945 596.736
950.244 734.136
950.543 608.581
950.841 570.677
951.140 562.354
951.439 450.751
951.738 498.081
952.037 613.829
952.335 708.440
952.634 708.287
952.933 574.238
953.232 598.292
953.530 464.054
953.829 660.067
954.128 722.253
954.427 613.772
954.725 682.381
955.024 646.748
955.323 631.067
955.622 530.477
955.921 521.883
956.219 616.557
956.518 537.792
956.817 539.903
957.116 615.556
957.414 567.396
957.713 441.500
958.012 435.280
958.311 405.321
958.610 507.755
958.908 548.078
959.207 641.273
959.506 693.147
959.805 629.776
960.103 588.206
960.402 573.291
960.701 451.098
961.000 429.953
961.298 451.551
961.597 498.590
961.896 463.446
962.195 523.034
962.494 561.129
962.792 548.148
963.091 501.955
963.390 461.845
963.689 460.421
963.987 513.919
964.286 576.411
964.585 651.039
964.884 548.060
965.182 449.102
965.481 746.584
965.780 839.237
966.080 735.845
966.380 677.059
966.680 568.287
966.981 582.644
967.281 545.161
967.581 506.788
967.881 563.298
968.181 570.767
968.481 555.612
968.781 581.096
969.082 447.094
969.382 461.885
969.682 529.349
969.982 561.953
970.282 611.206
970.582 507.854
970.882 435.011
971.183 537.714
971.483 496.277
971.783 475.422
972.083 505.688
972.383 535.272
972.683 496.876
972.983 529.481
973.284 454.108
973.584 459.826
973.884 480.925
974.184 473.823
974.484 512.896
974.784 449.656
975.084 451.916
975.385 461.292
975.685 518.873
975.985 524.020
976.285 537.763
976.585 529.016
976.885 449.298
977.185 430.014
977.486 456.505
977.786 464.544
978.086 562.646
978.386 615.124
978.686 488.479
978.986 460.600
979.286 506.606
979.587 525.612
979.887 445.618
980.187 440.624
980.487 386.630
980.787 491.636
981.087 530.642
981.387 583.648
981.688 470.654
981.988 411.660
982.288 454.666
982.588 520.672
982.888 510.678
983.188 434.684
983.488 526.690
983.789 528.696
984.089 496.702
984.389 479.708
984.689 441.714
984.989 397.720
985.289 428.726
985.589 593.731
985.890 573.737
986.190 439.743
986.490 446.749
986.790 516.755
987.090 481.761
987.390 501.767
987.690 523.773
987.991 415.778
988.291 442.784
988.591 467.790
988.891 406.796
989.191 392.802
989.491 495.808
989.791 515.813
990.092 492.819
990.392 506.825
990.692 530.831
990.992 514.837
991.292 406.842
991.592 544.848
991.892 524.854
992.193 574.860
992.493 580.866
992.793 454.871
993.093 485.877
993.393 498.883
993.693 489.889
993.993 544.894
994.294 593.900
994.594 470.906
994.894 453.912
995.194 475.917
995.494 417.923
995.794 478.929
996.094 477.934
996.395 515.940
996.695 574.946
996.995 410.951
997.295 325.957
997.595 410.963
997.895 317.969
998.195 301.974
998.496 405.980
998.796 397.986
999.096 549.991
999.396 527.997
999.696 519.002
999.996 499.008
1000.296 606.014
1000.597 568.019
1000.897 427.025
1001.197 437.031
1001.497 544.036
1001.797 433.042
1002.097 375.047
1002.397 427.053
1002.698 493.059
1002.998 590.064
1003.298 538.070
1003.598 427.075
1003.898 389.081
1004.198 524.086
1004.498 602.092
1004.799 483.098
1005.099 531.103
1005.399 562.109
1005.699 546.114
1005.999 538.120
1006.299 467.125
1006.599 649.131
1006.900 640.136
1007.200 473.142
1007.500 467.147
1007.800 466.153
1008.100 477.158
1008.400 456.164
1008.700 409.169
1009.001 427.175
1009.301 467.180
1009.601 589.186
1009.901 608.191
1010.201 543.197
1010.501 537.202
1010.801 645.208
1011.102 499.213
1011.402 488.219
1011.702 457.224
1012.002 413.229
1012.302 507.235
1012.602 465.240
1012.902 473.246
1013.203 488.251
1013.503 554.256
1013.803 561.262
1014.103 389.267
1014.403 447.273
1014.703 421.278
1015.003 414.283
1015.304 575.289
1015.604 639.294
1015.904 459.300
1016.204 406.305
1016.504 432.310
1016.804 391.316
1017.104 375.321
1017.405 418.326
1017.705 428.332
1018.005 417.337
1018.305 478.342
1018.605 478.348
1018.905 350.353
1019.205 337.358
1019.506 608.364
1019.806 608.369
1020.106 546.374
1020.406 567.379
1020.706 523.385
1021.006 497.390
1021.306 632.395
1021.607 550.401
1021.907 603.406
1022.207 566.411
1022.507 448.416
1022.807 459.422
1023.107 498.427
1023.407 447.432
1023.708 431.437
1024.008 451.443
1024.308 483.448
1024.608 475.453
1024.908 451.458
1025.208 500.464
1025.508 620.469
1025.809 567.474
1026.109 405.479
1026.409 470.484
1026.709 497.490
1027.009 498.495
1027.309 525.500
1027.609 443.505
1027.910 487.510
1028.210 524.515
1028.510 543.521
1028.810 717.526
1029.110 641.531
1029.410 545.536
1029.710 611.541
1030.011 603.546
1030.311 638.552
1030.611 549.557
1030.911 535.562
1031.211 529.567
1031.511 490.572
1031.811 643.577
1032.112 623.582
1032.412 517.587
1032.712 420.592
1033.012 472.598
1033.312 628.603
1033.612 604.608
1033.912 506.613
1034.212 469.618
1034.513 428.623
1034.813 366.628
1035.113 483.633
1035.413 423.638
1035.713 473.643
1036.013 546.648
1036.313 520.653
1036.614 567.658
1036.914 488.663
1037.214 383.668
1037.514 493.673
1037.814 457.678
1038.114 479.684
1038.414 504.689
1038.715 598.694
1039.015 445.699
1039.315 339.704
1039.615 423.709
1039.915 453.714
1040.215 443.719
1040.515 480.723
1040.816 529.728
1041.116 539.733
1041.416 469.738
1041.716 420.743
1042.016 359.748
1042.316 506.753
1042.616 494.758
1042.917 409.763
1043.217 422.768
1043.517 462.773
1043.817 517.778
1044.117 530.783
1044.417 505.788
1044.717 456.793
1045.018 467.798
1045.318 544.803
1045.618 557.808
1045.918 492.812
1046.218 407.817
1046.518 405.822
1046.818 511.827
1047.119 477.832
1047.419 607.837
1047.719 522.842
1048.019 429.847
1048.319 501.851
1048.619 485.856
1048.919 470.861
1049.220 413.866
1049.520 493.871
1049.820 471.876
1050.120 372.881
1050.420 560.885
1050.720 477.890
1051.020 463.895
1051.321 530.900
1051.621 546.905
1051.921 502.910
1052.221 421.914
1052.521 381.919
1052.821 387.924
1053.121 493.929
1053.422 549.934
1053.722 531.938
1054.022 438.943
1054.322 588.948
1054.622 496.953
1054.922 424.958
1055.222 548.962
1055.523 527.967
1055.823 529.972
1056.123 571.977
1056.423 502.981
1056.723 564.986
1057.023 460.991
1057.323 328.996
1057.624 422.000
1057.924 480.005
1058.224 503.010
1058.524 459.014
1058.824 502.019
1059.124 476.024
1059.424 444.029
1059.725 524.033
1060.025 453.038
1060.325 492.043
1060.625 479.047
1060.925 437.052
1061.225 452.057
1061.525 540.061
1061.826 451.066
1062.126 452.071
1062.426 483.076
1062.726 489.080
1063.026 473.085
1063.326 634.090
1063.626 611.094
1063.927 521.099
1064.227 510.103
1064.527 467.108
1064.827 564.113
1065.127 484.117
1065.427 320.122
1065.727 391.127
1066.028 515.131
1066.328 487.136
1066.628 400.140
1066.928 400.145
1067.228 435.150
1067.528 457.154
1067.828 430.159
1068.129 390.163
1068.429 485.168
1068.729 556.173
1069.029 456.177
1069.329 383.182
1069.629 548.186
1069.929 606.191
1070.230 621.196
1070.530 590.200
1070.830 515.205
1071.130 537.209
1071.430 467.214
1071.730 502.218
1072.030 586.223
1072.331 452.227
1072.631 465.232
1072.931 522.236
1073.231 507.241
1073.531 484.245
1073.831 462.250
1074.131 528.255
1074.432 584.259
1074.732 481.264
1075.032 396.268
1075.332 384.273
1075.632 442.277
1075.932 429.282
1076.232 368.286
1076.533 392.290
1076.833 492.295
1077.133 462.299
1077.433 399.304
1077.733 407.308
1078.033 550.313
1078.333 551.317
1078.634 528.322
1078.934 523.326
1079.234 366.331
1079.534 479.335
1079.834 561.340
1080.134 529.344
1080.434 571.348
1080.735 488.353
1081.035 461.357
1081.335 366.362
1081.635 387.366
1081.935 423.371
1082.235 446.375
1082.535 473.379
1082.836 447.384
1083.136 470.388
1083.436 579.393
1083.736 585.397
1084.036 468.401
1084.336 424.406
1084.636 436.410
1084.937 544.414
1085.237 573.419
1085.537 499.423
1085.837 473.428
1086.137 458.432
1086.437 525.436
1086.737 470.441
1087.038 470.445
1087.338 556.449
1087.638 575.454
1087.938 417.458
1088.238 307.462
1088.538 464.467
1088.838 594.471
1089.139 586.475
1089.439 466.480
1089.739 547.484
1090.039 530.488
1090.339 606.493
1090.639 518.497
1090.939 521.501
1091.240 462.505
1091.540 488.510
1091.840 455.514
1092.140 545.518
1092.453 554.523
1092.766 445.527
1093.079 397.531
1093.392 443.535
1093.705 423.540
1094.018 437.544
1094.330 562.548
1094.643 584.553
1094.956 617.557
1095.269 531.561
1095.582 528.565
1095.895 490.569
1096.208 427.574
1096.521 473.578
1096.834 542.582
1097.147 488.586
1097.460 527.591
1097.773 608.595
1098.085 512.599
1098.398 438.603
1098.711 427.608
1099.024 361.612
1099.337 475.616
1099.650 609.620
1099.963 591.624
1100.276 448.629
1100.589 448.633
1100.902 535.637
1101.215 532.641
1101.528 526.645
1101.841 448.649
1102.153 476.654
1102.466 524.658
1102.779 391.662
1103.092 395.666
1103.405 481.670
1103.718 454.674
1104.031 503.679
1104.344 547.683
1104.657 489.687
1104.970 661.691
1105.283 560.695
1105.596 458.699
1105.909 498.703
1106.221 556.708
1106.534 540.712
1106.847 445.716
1107.160 354.720
1107.473 387.724
1107.786 471.728
1108.099 387.732
1108.412 448.736
1108.725 508.740
1109.038 384.744
1109.351 457.749
1109.664 503.753
1109.977 424.757
1110.289 442.761
1110.602 470.765
1110.915 454.769
1111.228 446.773
1111.541 409.777
1111.854 426.781
1112.167 404.785
1112.480 399.789
1112.793 439.793
1113.106 473.797
1113.419 520.801
1113.732 528.806
1114.044 463.810
1114.357 469.814
1114.670 467.818
1114.983 461.822
1115.296 416.826
1115.609 480.830
1115.922 501.834
1116.235 492.838
1116.548 499.842
1116.861 468.846
1117.174 427.850
1117.487 467.854
1117.800 595.858
1118.112 501.862
1118.425 445.866
1118.738 408.870
1119.051 434.874
1119.364 456.878
1119.677 493.882
1119.990 480.886
1120.303 489.890
1120.616 547.894
1120.929 462.898
1121.242 460.902
1121.555 491.906
1121.868 567.909
1122.180 514.913
1122.493 360.917
1122.806 376.921
1123.119 485.925
1123.432 548.929
1123.745 521.933
1124.058 416.937
1124.371 412.941
1124.684 490.945
1124.997 478.949
1125.310 474.953
1125.623 411.957
1125.935 387.961
1126.248 467.965
1126.561 516.968
1126.874 516.972
1127.187 579.976
1127.500 556.980
1127.813 516.984
1128.126 491.988
1128.439 442.992
1128.752 593.996
1129.065 473.000
1129.378 287.003
1129.691 441.007
1130.003 519.011
1130.316 486.015
1130.629 426.019
1130.942 488.023
1131.255 454.027
1131.568 406.030
1131.881 432.034
1132.194 535.038
1132.507 508.042
1132.820 426.046
1133.133 528.050
1133.446 460.054
1133.759 588.057
1134.071 940.061
1134.384 665.065
1134.697 621.069
1135.010 673.073
1135.323 548.077
1135.636 443.080
1135.949 403.084
1136.262 425.088
1136.575 462.092
1136.888 465.096
1137.201 432.099
1137.514 447.103
1137.826 495.107
1138.139 467.111
1138.452 440.115
1138.765 620.118
1139.078 647.122
1139.391 603.126
1139.704 558.130
1140.017 521.133
1140.330 413.137
1140.643 395.141
1140.956 424.145
1141.269 502.148
1141.582 546.152
1141.894 447.156
1142.207 543.160
1142.520 527.163
1142.833 586.167
1143.146 527.171
1143.459 388.175
1143.772 430.178
1144.085 514.182
1144.398 481.186
1144.711 454.190
1145.024 457.193
1145.337 501.197
1145.650 511.201
1145.962 460.205
1146.275 462.208
1146.588 364.212
1146.901 517.216
1147.214 509.219
1147.527 423.223
1147.840 448.227
1148.153 461.230
1148.466 482.234
1148.779 487.238
1149.092 580.241
1149.405 503.245
1149.718 462.249
1150.030 528.253
1150.343 522.256
1150.656 443.260
1150.969 440.264
1151.282 592.267
1151.595 525.271
1151.908 452.274
1152.221 299.278
1152.534 331.282
1152.847 549.285
1153.160 527.289
1153.473 537.293
1153.785 577.296
1154.098 502.300
1154.411 526.304
1154.724 508.307
1155.037 619.311
1155.350 514.315
1155.663 485.318
1155.976 411.322
1156.289 519.325
1156.602 463.329
1156.915 421.333
1157.228 398.336
1157.541 456.340
1157.853 437.343
1158.166 498.347
1158.479 559.351
1158.792 505.354
1159.105 504.358
1159.418 566.361
1159.731 518.365
1160.044 448.369
1160.357 499.372
1160.670 477.376
1160.983 322.379
1161.296 446.383
1161.609 587.386
1161.921 481.390
1162.234 450.394
1162.547 358.397
1162.860 367.401
1163.173 381.404
1163.486 471.408
1163.799 528.411
1164.112 481.415
1164.425 448.418
1164.738 417.422
1165.051 385.425
1165.364 417.429
1165.676 438.432
1165.989 513.436
1166.302 498.440
1166.615 549.443
1166.928 500.447
1167.241 554.450
1167.554 561.454
1167.867 511.457
1168.180 472.461
1168.493 369.464
1168.806 420.468
1169.119 440.471
1169.432 569.475
1169.744 529.478
1170.057 480.482
1170.370 610.485
1170.683 567.489
1170.996 448.492
1171.309 515.496
1171.622 493.499
1171.935 506.502
1172.248 622.506
1172.561 579.509
1172.874 519.513
1173.187 539.516
1173.500 545.520
1173.812 547.523
1174.125 490.527
1174.438 534.530
1174.751 464.534
1175.064 479.537
1175.377 560.541
1175.690 450.544
1176.003 412.547
1176.316 463.551
1176.629 459.554
1176.942 446.558
1177.255 412.561
1177.567 375.565
1177.880 415.568
1178.193 523.571
1178.506 442.575
1178.819 469.578
1179.132 562.582
1179.445 434.585
1179.758 548.588
1180.071 562.592
1180.384 446.595
1180.697 506.599
1181.010 540.602
1181.323 576.605
1181.635 568.609
1181.948 551.612
1182.261 465.616
1182.574 441.619
1182.887 474.622
1183.200 608.626
1183.513 618.629
1183.826 535.632
1184.139 534.636
1184.452 497.639
1184.765 409.643
1185.078 385.646
1185.391 425.649
1185.703 416.653
1186.016 353.656
1186.329 340.659
1186.642 463.663
1186.955 605.666
1187.268 516.669
1187.581 487.673
1187.894 474.676
1188.207 499.679
1188.520 483.683
1188.833 475.686
1189.146 396.689
1189.459 346.693
1189.771 418.696
1190.084 504.699
1190.397 460.703
1190.710 459.706
1191.023 499.709
1191.336 480.713
1191.649 445.716
1191.962 461.719
1192.275 402.722
1192.588 498.726
1192.901 644.729
1193.214 458.732
1193.526 437.736
1193.839 525.739
1194.152 420.742
1194.465 476.745
1194.778 473.749
1195.091 480.752
1195.404 462.755
1195.717 492.759
1196.030 551.762
1196.343 462.765
1196.656 340.768
1196.969 411.772
1197.282 476.775
1197.594 469.778
1197.907 557.781
1198.220 596.785
1198.533 485.788
1198.846 473.791
1199.159 460.794
1199.472 464.798
1199.785 511.801
1200.098 392.804
1200.411 491.807
1200.724 449.811
1201.037 440.814
1201.350 455.817
1201.662 413.820
1201.975 455.823
1202.288 451.827
1202.601 193.830
