165.028 34.173
165.288 -5.339
165.547 49.152
165.807 64.646
166.067 -14.858
166.327 -80.360
166.587 -55.860
166.847 45.643
167.107 56.149
167.367 76.657
167.627 124.167
167.886 102.679
168.146 86.194
168.406 205.710
168.666 174.229
168.926 110.751
169.186 119.274
169.446 88.800
169.706 -25.673
169.966 76.857
170.225 67.389
170.485 100.923
170.745 153.459
171.005 245.997
171.265 160.537
171.525 68.079
171.785 -19.377
172.045 31.169
172.305 143.717
172.564 122.266
172.824 -12.182
173.084 63.371
173.344 -20.073
173.604 26.484
173.864 158.042
174.124 116.603
174.384 58.165
174.644 164.729
174.903 213.295
175.163 203.862
175.423 253.431
175.683 75.002
175.943 110.574
176.203 119.148
176.463 122.724
176.723 90.301
176.983 83.879
177.242 60.459
177.502 236.040
177.762 284.623
178.022 87.208
178.282 47.793
178.542 43.381
178.802 58.969
179.062 3.559
179.322 181.150
179.581 215.743
179.841 95.336
180.101 162.931
180.361 184.528
180.621 157.125
180.881 88.724
181.141 81.324
181.401 82.925
181.661 143.527
181.920 302.130
182.180 199.735
182.440 59.340
182.700 49.947
182.960 86.555
183.220 105.163
183.480 263.773
183.740 180.384
184.000 68.995
184.259 -7.392
184.519 101.221
184.779 98.836
185.039 151.451
185.299 228.067
185.559 195.684
185.819 163.302
186.079 161.921
186.339 118.540
186.598 78.160
186.858 27.781
187.118 54.403
187.378 125.026
187.638 139.649
187.898 237.273
188.158 244.897
188.418 111.522
188.678 86.148
188.937 147.774
189.197 228.401
189.457 185.029
189.717 135.657
189.977 71.285
190.237 33.915
190.497 160.544
190.757 167.174
191.017 181.805
191.276 107.436
191.536 122.068
191.796 101.700
192.056 75.332
192.316 128.965
192.576 85.598
192.836 64.231
193.096 141.865
193.356 101.499
193.616 147.133
193.875 136.768
194.135 100.403
194.395 245.038
194.655 256.674
194.915 193.310
195.175 158.945
195.435 232.582
195.695 107.218
195.955 6.854
196.214 113.491
196.474 187.128
196.734 189.765
196.994 212.401
197.254 191.039
197.514 151.676
197.774 147.313
198.034 93.950
198.294 122.587
198.553 190.225
198.813 172.862
199.073 72.499
199.333 76.137
199.593 244.774
199.853 292.411
200.113 337.048
200.373 260.685
200.633 111.322
200.892 108.959
201.152 80.596
201.412 88.232
201.672 191.869
201.932 308.505
202.192 239.141
202.452 144.777
202.712 182.413
202.972 210.049
203.231 244.684
203.491 219.319
203.751 181.954
204.011 229.589
204.271 279.223
204.531 99.857
204.791 116.491
205.051 168.125
205.311 215.758
205.570 175.391
205.830 163.023
206.090 117.656
206.350 183.288
206.610 318.919
206.870 211.550
207.130 155.181
207.390 195.811
207.650 182.441
207.909 191.071
208.169 222.700
208.429 211.329
208.689 79.957
208.949 198.584
209.209 279.212
209.469 152.839
209.729 140.465
209.989 146.091
210.248 104.716
210.508 286.341
210.768 258.965
211.028 143.589
211.288 178.212
211.548 190.835
211.808 235.457
212.068 363.078
212.328 361.699
212.587 291.320
212.847 196.939
213.107 243.559
213.367 252.177
213.627 218.795
213.887 204.412
214.147 110.029
214.407 164.645
214.667 169.260
214.926 331.875
215.186 299.489
215.446 283.103
215.706 168.715
215.966 146.327
216.226 192.939
216.486 179.549
216.746 157.159
217.006 230.768
217.265 185.377
217.525 121.984
217.785 198.591
218.045 268.198
218.305 180.803
218.565 133.408
218.825 199.012
219.085 298.615
219.345 205.217
219.604 124.819
219.864 243.420
220.124 251.020
220.384 205.619
220.644 188.217
220.904 69.815
221.164 154.412
221.424 138.008
221.684 66.603
221.943 133.197
222.203 279.790
222.463 251.383
222.723 142.975
222.983 256.566
223.243 206.156
223.503 228.745
223.763 145.333
224.023 98.920
224.282 241.507
224.542 289.092
224.802 290.677
225.062 267.261
225.322 307.844
225.582 241.426
225.842 237.007
226.102 214.587
226.362 181.166
226.621 263.745
226.881 192.322
227.141 198.899
227.401 256.474
227.661 188.049
227.921 338.623
228.181 273.195
228.441 224.767
228.701 341.338
228.960 317.908
229.220 193.477
229.480 188.044
229.740 313.611
230.000 292.177
230.260 186.742
230.520 162.306
230.780 182.870
231.040 197.432
231.299 165.993
231.559 193.553
231.819 214.112
232.079 257.670
232.339 311.227
232.599 204.783
232.859 250.338
233.119 302.892
233.379 197.445
233.638 230.997
233.898 300.548
234.158 288.098
234.418 191.647
234.678 253.195
234.938 314.742
235.198 232.288
235.458 195.833
235.718 202.377
235.978 196.920
236.237 171.462
236.497 243.002
236.757 344.542
237.017 309.081
237.277 279.618
237.537 252.155
237.797 158.691
238.057 234.225
238.317 202.759
238.576 171.291
238.836 237.822
239.096 291.353
239.356 208.882
239.616 209.410
239.876 254.937
240.136 234.463
240.396 305.988
240.656 378.512
240.915 289.035
241.175 228.557
241.435 196.078
241.695 324.597
241.955 441.116
242.215 459.633
242.475 360.150
242.735 150.665
242.995 254.180
243.254 289.693
243.514 239.205
243.774 158.716
244.034 228.226
244.294 378.735
244.554 296.243
244.814 254.750
245.074 206.256
245.334 231.760
245.593 226.264
245.853 204.766
246.113 167.268
246.373 241.768
246.633 339.267
246.893 301.766
247.153 270.263
247.413 312.759
247.673 258.254
247.932 226.748
248.192 247.241
248.452 317.732
248.712 312.223
248.972 171.712
249.232 288.201
249.492 263.688
249.752 173.175
250.012 269.660
250.271 263.144
250.531 294.627
250.791 458.109
251.051 419.590
251.311 260.070
251.571 81.549
251.831 177.027
252.091 315.503
252.351 235.979
252.610 221.453
252.870 308.927
253.130 268.399
253.390 266.870
253.650 355.340
253.911 313.809
254.172 298.277
254.433 299.744
254.694 251.210
254.955 230.675
255.216 201.139
255.477 314.602
255.738 344.063
255.999 244.524
256.261 317.983
256.522 295.442
256.783 322.899
257.044 238.355
257.305 164.810
257.566 135.264
257.827 137.718
258.088 233.170
258.349 213.621
258.610 287.070
258.871 327.519
259.132 382.967
259.393 276.414
259.654 199.859
259.915 154.304
260.176 233.748
260.437 283.190
260.698 229.631
260.959 223.072
261.221 303.511
261.482 344.950
261.743 318.387
262.004 388.823
262.265 537.258
262.526 417.692
262.787 217.125
263.048 211.557
263.309 292.988
263.570 419.418
263.831 325.847
264.092 300.275
264.353 264.702
264.614 399.128
264.875 316.553
265.136 233.976
265.397 425.399
265.658 458.821
265.919 486.241
266.181 432.661
266.442 339.080
266.703 296.497
266.964 236.914
267.225 215.329
267.486 268.744
267.747 327.157
268.008 375.570
268.269 395.981
268.530 367.392
268.791 348.801
269.052 338.210
269.313 320.617
269.574 304.024
269.835 273.429
270.096 254.834
270.357 331.237
270.618 296.639
270.879 227.041
271.141 281.441
271.402 268.841
271.663 258.239
271.924 334.637
272.185 308.033
272.446 315.429
272.707 341.823
272.968 316.217
273.229 264.609
273.490 283.001
273.751 264.391
274.012 258.781
274.273 314.170
274.534 285.557
274.795 328.944
275.056 375.330
275.317 281.714
275.578 162.098
275.839 255.481
276.101 260.863
276.362 252.244
276.623 299.624
276.884 350.003
277.145 363.381
277.406 341.758
277.667 242.134
277.928 204.509
278.189 371.883
278.450 380.257
278.711 312.629
278.972 330.000
279.233 249.371
279.494 268.740
279.755 417.109
280.016 454.476
280.277 307.843
280.538 347.209
280.799 231.574
281.061 294.938
281.322 287.301
281.583 276.663
281.844 249.024
282.105 209.384
282.366 281.743
282.627 269.102
282.888 348.459
283.149 381.816
283.410 323.171
283.671 324.526
283.932 289.880
284.193 186.233
284.454 225.585
284.715 281.936
284.976 288.286
285.237 323.635
285.498 526.984
285.759 437.331
286.021 385.678
286.282 355.024
286.543 379.369
286.804 346.713
287.065 331.056
287.326 356.398
287.587 244.739
287.848 330.080
288.109 457.419
288.370 393.758
288.631 219.096
288.892 236.433
289.153 273.769
289.414 239.104
289.675 418.439
289.936 473.772
290.197 409.105
290.458 311.437
290.719 264.768
290.981 412.098
291.242 456.427
291.503 378.755
291.764 260.083
292.025 169.410
292.286 242.736
292.547 313.061
292.808 261.385
293.069 312.708
293.330 348.031
293.591 331.352
293.852 301.673
294.113 289.993
294.374 273.312
294.635 346.631
294.896 381.948
295.157 364.265
295.418 407.581
295.679 425.896
295.941 369.210
296.202 331.524
296.463 311.836
296.724 384.148
296.985 411.459
297.246 381.769
297.507 290.079
297.768 254.387
298.029 371.695
298.290 476.002
298.551 547.309
298.812 553.614
299.073 325.919
299.334 253.222
299.595 365.526
299.856 384.828
300.117 501.129
300.378 482.430
300.639 322.730
300.901 286.029
301.162 368.328
301.423 409.625
301.684 492.922
301.945 490.218
302.206 308.513
302.467 363.808
302.728 338.102
302.989 353.395
303.250 407.687
303.511 447.978
303.772 421.269
304.033 384.559
304.294 339.848
304.555 308.137
304.816 357.425
305.077 370.712
305.338 302.998
305.599 316.283
305.861 383.568
306.122 430.852
306.383 324.135
306.644 340.418
306.905 285.700
307.166 377.981
307.427 366.261
307.688 373.541
307.949 358.820
308.210 340.098
308.471 360.376
308.732 330.652
308.993 266.928
309.254 335.204
309.515 222.478
309.776 341.752
310.037 387.025
310.298 241.298
310.559 282.570
310.821 449.841
311.082 403.111
311.343 190.381
311.604 213.650
311.865 211.918
312.126 241.186
312.387 295.452
312.648 309.719
312.909 347.984
313.170 325.249
313.434 360.513
313.698 285.776
313.963 374.039
314.227 331.301
314.491 328.563
314.755 341.824
315.019 352.084
315.284 251.343
315.548 374.602
315.812 380.860
316.076 427.117
316.340 408.374
316.604 351.630
316.869 410.885
317.133 399.140
317.397 457.394
317.661 438.648
317.925 406.900
318.190 413.152
318.454 377.404
318.718 286.655
318.982 400.905
319.246 474.154
319.511 545.403
319.775 417.652
320.039 373.899
320.303 357.146
320.567 402.392
320.832 421.638
321.096 344.883
321.360 334.128
321.624 300.371
321.888 307.615
322.153 318.857
322.417 321.099
322.681 259.340
322.945 368.581
323.209 413.821
323.473 324.061
323.738 322.299
324.002 303.538
324.266 396.775
324.530 393.012
324.794 301.249
325.059 276.484
325.323 248.720
325.587 319.954
325.851 359.188
326.115 460.421
326.380 430.654
326.644 404.886
326.908 425.118
327.172 390.349
327.436 366.579
327.701 360.809
327.965 363.038
328.229 370.267
328.493 276.495
328.757 294.722
329.022 392.949
329.286 330.176
329.550 308.401
329.814 311.627
330.078 306.851
330.342 298.075
330.607 322.299
330.871 394.521
331.135 539.744
331.399 478.965
331.663 340.187
331.928 382.407
332.192 427.627
332.456 382.847
332.720 401.066
332.984 358.284
333.249 402.502
333.513 355.719
333.777 261.936
334.041 235.152
334.305 282.367
334.570 355.582
334.834 287.797
335.098 443.011
335.362 509.224
335.626 456.437
335.891 379.649
336.155 340.861
336.419 339.072
336.683 265.283
336.947 331.493
337.211 376.703
337.476 303.912
337.740 355.121
338.004 343.329
338.268 305.536
338.532 344.743
338.797 362.950
339.061 439.156
339.325 429.361
339.589 499.566
339.853 438.771
340.118 390.974
340.382 490.178
340.646 539.381
340.910 368.583
341.174 341.785
341.439 326.986
341.703 380.187
341.967 353.387
342.231 312.587
342.495 289.787
342.759 425.985
343.024 400.184
343.288 477.381
343.552 382.579
343.816 216.776
344.080 292.972
344.345 369.168
344.609 254.363
344.873 205.558
345.137 334.752
345.401 410.946
345.666 302.140
345.930 441.332
346.194 460.525
346.458 328.717
346.722 292.908
346.987 291.099
347.251 405.290
347.515 531.480
347.779 405.669
348.043 367.858
348.308 339.047
348.572 263.235
348.836 270.423
349.100 332.610
349.364 296.797
349.628 296.983
349.893 390.169
350.157 454.354
350.421 396.539
350.685 370.724
350.949 325.908
351.214 265.091
351.478 342.274
351.742 366.457
352.006 382.639
352.270 377.821
352.535 294.002
352.799 315.183
353.063 399.363
353.327 286.543
353.591 236.722
353.856 349.901
354.120 395.080
354.384 440.258
354.648 504.436
354.912 446.613
355.177 410.790
355.441 361.966
355.705 497.142
355.969 454.318
356.233 437.493
356.497 428.667
356.762 432.841
357.026 393.015
357.290 381.189
357.554 377.362
357.818 356.534
358.083 333.706
358.347 356.878
358.611 388.049
358.875 396.220
359.139 343.390
359.404 313.560
359.668 407.730
359.932 486.899
360.196 474.068
360.460 392.236
360.725 415.404
360.989 441.571
361.253 512.738
361.517 443.905
361.781 457.071
362.046 489.237
362.310 513.403
362.574 503.568
362.838 411.732
363.102 388.897
363.366 400.060
363.631 293.224
363.895 317.387
364.159 474.550
364.423 464.712
364.687 433.874
364.952 489.035
365.216 522.196
365.480 470.357
365.747 336.517
366.013 344.677
366.280 364.837
366.546 410.996
366.813 349.155
367.079 425.313
367.346 493.471
367.612 428.629
367.879 424.786
368.145 425.943
368.412 375.099
368.678 366.255
368.945 416.411
369.211 352.566
369.478 389.721
369.744 384.876
370.011 407.030
370.278 397.184
370.544 361.337
370.811 375.490
371.077 409.643
371.344 348.795
371.610 355.947
371.877 390.099
372.143 417.250
372.410 452.401
372.676 531.552
372.943 499.702
373.209 443.852
373.476 349.001
373.742 309.150
374.009 424.299
374.276 410.447
374.542 413.595
374.809 410.743
375.075 303.890
375.342 293.037
375.608 328.184
375.875 291.330
376.141 440.476
376.408 424.622
376.674 395.767
376.941 400.912
377.207 338.057
377.474 674.201
377.740 579.345
378.007 293.488
378.273 402.631
378.540 501.774
378.807 390.917
379.073 320.059
379.340 314.201
379.606 357.342
379.873 400.483
380.139 429.624
380.406 440.765
380.672 403.905
380.939 344.045
381.205 323.184
381.472 289.323
381.738 250.462
382.005 369.600
382.271 473.739
382.538 456.877
382.804 529.014
383.071 461.151
383.338 393.288
383.604 423.425
383.871 506.561
384.137 474.697
384.404 375.832
384.670 441.968
384.937 391.103
385.203 435.237
385.470 435.372
385.736 453.506
386.003 386.639
386.269 398.773
386.536 385.906
386.802 371.039
387.069 435.171
387.336 580.303
387.602 567.435
387.869 338.567
388.135 320.698
388.402 286.829
388.668 298.959
388.935 442.090
389.201 573.220
389.468 550.349
389.734 553.479
390.001 470.608
390.267 393.737
390.534 442.865
390.800 451.994
391.067 488.121
391.333 446.249
391.600 388.376
391.867 376.503
392.133 373.630
392.400 324.757
392.666 289.883
392.933 494.009
393.199 522.134
393.466 381.259
393.732 327.384
393.999 446.509
394.265 435.634
394.532 301.758
394.798 390.881
395.065 395.005
395.331 440.128
395.598 457.251
395.864 430.374
396.131 445.496
396.398 434.619
396.664 379.740
396.931 379.862
397.197 458.983
397.464 384.104
397.730 500.225
397.997 503.346
398.263 432.466
398.530 392.586
398.796 487.705
399.063 542.825
399.329 411.944
399.596 443.063
399.862 408.181
400.129 492.299
400.396 491.417
400.662 311.535
400.929 266.653
401.195 303.770
401.462 343.887
401.728 377.004
401.995 438.120
402.261 340.236
402.528 291.352
402.794 308.468
403.061 406.583
403.327 544.698
403.594 425.813
403.860 318.928
404.127 345.042
404.393 425.156
404.660 419.270
404.931 427.383
405.202 419.497
405.473 339.610
405.745 418.722
406.016 559.835
406.287 481.947
406.558 433.059
406.829 492.171
407.100 430.283
407.371 568.394
407.642 621.505
407.914 515.616
408.185 386.726
408.456 317.837
408.727 450.947
408.998 441.056
409.269 523.166
409.540 644.275
409.811 441.384
410.083 417.493
410.354 451.602
410.625 337.710
410.896 411.818
411.167 581.926
411.438 572.033
411.709 435.141
411.981 549.248
412.252 451.355
412.523 366.461
412.794 533.568
413.065 612.674
413.336 477.780
413.607 532.886
413.878 523.991
414.150 504.096
414.421 407.201
414.692 384.306
414.963 359.411
415.234 435.515
415.505 477.619
415.776 540.723
416.047 564.826
416.319 524.930
416.590 450.033
416.861 289.136
417.132 390.239
417.403 467.341
417.674 422.443
417.945 361.545
418.217 408.647
418.488 504.749
418.759 366.850
419.030 307.951
419.301 356.052
419.572 471.153
419.843 455.253
420.114 360.354
420.386 352.454
420.657 450.553
420.928 402.653
421.199 374.752
421.470 375.852
421.741 310.950
422.012 294.049
422.283 352.148
422.555 389.246
422.826 435.344
423.097 483.442
423.368 462.540
423.639 317.637
423.910 344.734
424.181 352.831
424.453 320.928
424.724 529.025
424.995 557.121
425.266 464.217
425.537 371.313
425.808 408.409
426.079 500.505
426.350 440.600
426.622 380.695
426.893 470.790
427.164 437.885
427.435 368.979
427.706 339.074
427.977 344.168
428.248 344.262
428.519 460.355
428.791 401.449
429.062 422.542
429.333 326.635
429.604 311.728
429.875 449.821
430.146 508.913
430.417 480.006
430.689 427.098
430.960 315.190
431.231 329.281
431.502 477.373
431.773 483.464
432.044 398.555
432.315 513.646
432.586 499.737
432.858 564.828
433.129 467.918
433.400 449.008
433.671 480.098
433.942 410.188
434.213 318.277
434.484 320.367
434.755 432.456
435.027 340.545
435.298 396.634
435.569 450.723
435.840 370.811
436.116 372.899
436.391 433.987
436.667 434.075
436.942 522.163
437.218 532.250
437.493 517.338
437.769 592.425
438.045 524.512
438.320 466.599
438.596 500.685
438.871 442.772
439.147 454.858
439.422 366.944
439.698 287.030
439.974 372.115
440.249 484.201
440.525 500.286
440.800 348.371
441.076 413.456
441.351 564.541
441.627 593.626
441.903 553.710
442.178 384.794
442.454 386.879
442.729 583.962
443.005 476.046
443.281 529.130
443.556 630.213
443.832 608.296
444.107 527.379
444.383 469.462
444.658 479.545
444.934 408.627
445.210 546.710
445.485 595.792
445.761 567.874
446.036 519.956
446.312 576.037
446.587 599.119
446.863 459.200
447.139 474.281
447.414 508.362
447.690 586.443
447.965 558.524
448.241 502.604
448.516 488.684
448.792 505.765
449.068 470.845
449.343 501.924
449.619 453.004
449.894 503.084
450.170 501.163
450.445 607.242
450.721 621.321
450.997 431.400
451.272 543.478
451.548 485.557
451.823 431.635
452.099 545.713
452.375 451.792
452.650 415.869
452.926 458.947
453.201 506.025
453.477 688.102
453.752 615.179
454.028 480.256
454.304 515.333
454.579 570.410
454.855 572.487
455.130 567.563
455.406 648.639
455.681 599.715
455.957 515.791
456.233 492.867
456.508 511.943
456.784 592.018
457.059 559.094
457.335 626.169
457.610 508.244
457.886 481.319
458.162 473.393
458.437 474.468
458.713 539.543
458.988 520.617
459.264 566.691
459.539 590.765
459.815 531.839
460.091 455.912
460.366 404.986
460.642 414.059
460.917 500.133
461.193 550.206
461.468 428.279
461.744 458.351
462.020 439.424
462.295 460.497
462.571 456.569
462.846 489.641
463.122 568.713
463.397 605.785
463.673 526.331
463.949 502.426
464.224 469.530
464.500 459.612
464.775 437.142
465.051 451.311
465.327 438.846
465.602 536.283
465.878 552.873
466.153 428.639
466.429 563.004
466.704 698.240
466.980 614.707
467.256 583.777
467.531 604.451
467.807 618.153
468.082 568.122
468.358 544.600
468.633 573.418
468.909 525.295
469.185 443.480
469.460 534.539
469.736 590.534
470.011 450.623
470.287 474.383
470.562 528.836
470.838 441.648
471.114 506.809
471.389 528.090
471.665 475.103
471.940 521.199
472.216 550.619
472.491 410.415
472.767 400.757
473.043 545.856
473.318 670.670
473.594 491.207
473.869 440.909
474.145 477.600
474.421 474.615
474.696 476.717
474.972 448.757
475.247 441.127
475.523 531.376
475.798 579.895
476.074 518.272
476.350 507.137
476.625 530.146
476.901 520.019
477.176 526.684
477.452 490.609
477.727 444.897
478.003 308.332
478.279 488.275
478.554 572.691
478.830 569.270
479.105 558.027
479.381 493.631
479.656 396.333
479.932 483.129
480.208 561.652
480.483 496.436
480.759 521.778
481.034 506.164
481.310 462.793
481.585 464.948
481.861 505.334
482.137 437.416
482.412 498.408
482.688 496.466
482.963 537.154
483.239 568.742
483.514 378.424
483.790 436.729
484.066 616.175
484.341 496.859
484.617 411.680
484.892 538.285
485.168 581.132
485.443 469.284
485.719 453.440
485.995 503.196
486.270 504.740
486.546 447.422
486.821 388.135
487.097 371.634
487.373 426.554
487.648 561.601
487.924 538.493
488.199 396.569
488.475 248.298
488.750 260.615
489.026 435.611
489.302 385.620
489.577 395.105
489.853 447.665
490.128 527.058
490.404 452.236
490.679 360.317
490.955 530.111
491.231 542.876
491.506 531.723
491.782 478.433
492.057 441.819
492.333 502.541
492.608 506.513
492.884 509.505
493.160 364.748
493.435 350.814
493.711 436.165
493.986 398.576
494.262 458.828
494.537 432.414
494.813 472.149
495.089 390.154
495.364 420.662
495.640 477.693
495.915 408.004
496.191 552.565
496.467 530.505
496.742 500.019
497.018 520.805
497.293 439.914
497.569 507.598
497.844 486.877
498.120 530.497
498.396 525.653
498.671 440.828
498.947 502.453
499.222 487.103
499.498 502.569
499.773 512.574
500.049 513.652
500.325 513.222
500.600 511.303
500.876 434.793
501.151 560.094
501.427 571.756
501.702 574.396
501.978 542.290
502.254 574.656
502.529 500.692
502.805 556.639
503.080 641.932
503.356 551.817
503.631 518.086
503.907 496.922
504.183 410.945
504.458 503.104
504.734 482.428
505.009 546.183
505.285 517.438
505.560 503.824
505.836 521.594
506.112 505.454
506.387 409.354
506.663 420.116
506.938 455.559
507.214 475.835
507.490 485.509
507.765 476.999
508.041 543.652
508.316 574.986
508.592 450.014
508.867 496.897
509.143 626.099
509.419 578.915
509.694 484.526
509.970 450.476
510.245 396.573
510.521 507.228
510.796 411.868
511.072 379.951
511.348 471.967
511.623 491.958
511.899 472.649
512.174 525.856
512.450 578.956
512.725 525.435
513.001 440.723
513.277 388.852
513.552 563.035
513.828 546.195
514.103 553.588
514.379 595.604
514.654 477.355
514.930 439.139
515.206 741.995
515.481 660.592
515.757 494.803
516.032 427.831
516.308 507.122
516.583 573.993
516.859 481.395
517.135 516.497
517.410 570.934
517.686 553.490
517.961 542.847
518.237 478.797
518.513 398.537
518.788 582.918
519.064 570.257
519.339 507.087
519.615 457.417
519.890 492.702
520.166 556.822
520.442 642.954
520.717 662.250
520.993 603.204
521.268 487.174
521.544 496.845
521.819 471.922
522.095 496.467
522.371 614.924
522.646 614.012
522.922 699.676
523.197 676.733
523.473 712.495
523.748 647.468
524.024 558.518
524.300 572.918
524.575 523.202
524.851 521.333
525.126 533.308
525.402 553.959
525.677 653.525
525.953 628.089
526.229 593.716
526.504 493.851
526.780 618.662
527.055 608.772
527.331 622.214
527.606 683.199
527.882 640.484
528.158 531.946
528.433 687.522
528.709 624.226
528.984 584.923
529.260 587.053
529.535 584.612
529.811 458.815
530.087 417.394
530.362 467.936
530.638 537.789
530.913 588.050
531.189 610.862
531.465 518.242
531.740 470.477
532.016 528.035
532.291 502.934
532.567 516.549
532.842 571.825
533.118 551.084
533.394 617.682
533.669 555.697
533.945 458.464
534.220 468.235
534.496 575.842
534.771 556.953
535.047 623.881
535.323 624.533
535.598 593.723
535.874 612.900
536.149 629.182
536.425 588.745
536.700 613.249
536.976 653.710
537.252 746.642
537.527 676.691
537.803 704.238
538.078 808.218
538.354 865.291
538.629 821.894
538.905 849.495
539.181 950.819
539.456 926.206
539.732 1051.546
540.007 1141.420
540.283 1012.155
540.558 914.456
540.834 956.861
541.110 990.524
541.385 964.823
541.661 997.538
541.936 1007.488
542.212 914.369
542.488 956.036
542.763 1057.167
543.039 1116.790
543.314 1098.974
543.590 970.017
543.865 971.052
544.141 994.926
544.417 1013.836
544.692 918.544
544.968 1009.946
545.243 974.211
545.519 847.168
545.794 882.842
546.070 965.388
546.348 947.484
546.627 866.066
546.905 985.376
547.183 1020.203
547.461 1102.666
547.740 1139.450
548.018 962.690
548.296 902.192
548.575 862.510
548.853 822.828
549.131 856.632
549.409 958.004
549.688 1028.481
549.966 994.791
550.244 1018.640
550.523 933.428
550.801 921.652
551.079 979.138
551.357 1003.906
551.636 1002.953
551.914 982.276
552.192 854.110
552.471 933.966
552.749 935.120
553.027 890.931
553.306 939.258
553.584 970.762
553.862 899.120
554.140 890.317
554.419 845.624
554.697 936.750
554.975 1016.106
555.254 959.432
555.532 791.541
555.810 909.831
556.088 984.046
556.367 822.448
556.645 758.456
556.923 808.104
557.202 820.962
557.480 874.571
557.758 750.578
558.036 685.630
558.315 666.914
558.593 697.929
558.871 637.946
559.150 621.291
559.428 636.172
559.706 557.597
559.984 559.991
560.263 725.350
560.541 722.065
560.819 684.261
561.098 671.443
561.376 692.633
561.654 578.246
561.932 510.503
562.211 618.108
562.489 641.198
562.767 579.198
563.046 487.571
563.324 473.703
563.602 526.067
563.880 475.694
564.159 534.270
564.437 624.877
564.715 546.817
564.994 496.948
565.272 556.484
565.550 474.490
565.828 462.504
566.107 524.416
566.385 544.671
566.663 482.762
566.942 513.040
567.220 513.075
567.498 630.911
567.776 544.407
568.055 471.364
568.333 549.284
568.611 583.132
568.890 526.326
569.168 461.740
569.446 482.510
569.725 457.424
570.003 379.197
570.281 376.697
570.559 463.772
570.838 512.658
571.116 556.794
571.394 551.983
571.673 634.027
571.951 614.288
572.229 495.876
572.507 568.306
572.786 597.103
573.064 578.244
573.342 517.908
573.621 422.368
573.899 446.792
574.177 638.668
574.455 635.416
574.734 561.708
575.012 589.139
575.290 598.565
575.569 633.499
575.847 615.509
576.125 584.139
576.403 520.896
576.682 544.057
576.960 600.335
577.243 641.117
577.527 520.600
577.810 431.963
578.093 461.022
578.377 498.528
578.660 536.111
578.944 520.334
579.227 467.932
579.510 509.064
579.794 497.697
580.077 507.148
580.360 570.185
580.644 556.881
580.927 500.808
581.210 496.865
581.494 457.051
581.777 557.127
582.061 514.886
582.344 451.624
582.627 405.795
582.911 490.573
583.194 491.096
583.477 585.939
583.761 585.972
584.044 606.963
584.327 638.571
584.611 598.643
584.894 532.742
585.178 488.818
585.461 475.864
585.744 515.856
586.028 460.405
586.311 543.437
586.594 631.470
586.878 541.502
587.161 516.534
587.444 607.566
587.728 588.598
588.011 567.630
588.295 461.662
588.578 527.167
588.861 610.116
589.145 534.758
589.428 544.334
589.711 458.822
589.995 456.397
590.278 582.303
590.562 492.917
590.845 475.473
591.128 676.627
591.412 614.782
591.695 596.446
591.978 666.741
592.262 616.489
592.545 435.829
592.828 551.066
593.112 492.721
593.395 458.854
593.679 434.523
593.962 561.048
594.245 541.615
594.529 510.800
594.812 434.776
595.095 353.648
595.379 534.704
595.662 611.807
595.945 515.897
596.229 388.431
596.512 452.049
596.796 558.573
597.079 581.812
597.362 665.011
597.646 640.644
597.929 525.936
598.212 567.937
598.496 563.026
598.779 637.524
599.062 667.169
599.346 543.803
599.629 477.222
599.913 510.278
600.196 554.643
600.479 523.615
600.763 503.470
601.046 456.295
601.329 502.049
601.613 564.515
601.896 544.878
602.179 606.258
602.463 552.260
602.746 607.299
603.030 689.843
603.313 596.947
603.596 415.425
603.880 502.302
604.163 530.762
604.446 466.608
604.730 464.678
605.013 534.701
605.296 537.213
605.580 486.311
605.863 517.681
606.147 447.190
606.430 423.712
606.713 546.614
606.997 490.370
607.280 615.163
607.563 595.622
607.847 558.900
608.130 552.187
608.414 577.115
608.697 575.186
608.980 542.477
609.264 594.997
609.547 503.355
609.830 508.280
610.114 519.082
610.397 511.274
610.680 565.596
610.964 576.537
611.247 498.133
611.531 455.470
611.814 394.653
612.097 372.110
612.381 501.184
612.664 657.739
612.947 567.482
613.231 480.169
613.514 443.340
613.797 499.359
614.081 550.467
614.364 519.060
614.648 450.325
614.931 396.325
615.214 361.971
615.498 442.000
615.781 499.548
616.064 458.237
616.348 503.539
616.631 527.708
616.914 567.570
617.198 512.983
617.481 462.764
617.765 483.957
618.048 576.268
618.331 495.347
618.615 432.623
618.898 546.286
619.181 546.312
619.465 529.075
619.748 475.689
620.031 415.791
620.315 427.132
620.598 485.122
620.882 532.303
621.165 657.113
621.448 591.534
621.732 528.467
622.015 477.747
622.298 452.804
622.582 532.125
622.865 500.715
623.148 461.780
623.432 598.867
623.715 522.818
623.999 634.224
624.282 577.658
624.565 610.034
624.849 501.409
625.132 409.704
625.415 617.392
625.699 675.559
625.982 584.767
626.265 528.342
626.549 459.148
626.832 527.861
627.116 583.443
627.399 459.227
627.682 964.375
627.966 790.217
628.249 464.499
628.532 439.937
628.816 612.601
629.099 531.852
629.383 494.309
629.666 458.381
629.949 411.221
630.233 416.393
630.516 503.386
630.799 559.784
631.083 491.092
631.366 441.922
631.649 430.410
631.933 360.473
632.216 453.725
632.500 473.314
632.783 509.824
633.066 518.550
633.350 516.105
633.633 542.658
633.916 480.018
634.200 442.228
634.483 515.583
634.766 546.603
635.050 486.017
635.333 400.897
635.617 403.009
635.900 486.628
636.183 508.437
636.467 458.830
636.750 511.761
637.033 556.124
637.317 504.719
637.600 504.267
637.883 445.601
638.167 423.630
638.450 460.312
638.734 452.845
639.017 519.347
639.300 518.433
639.584 468.392
639.867 557.283
640.150 482.469
640.434 490.911
640.717 521.316
641.000 532.553
641.284 581.174
641.567 493.807
641.851 477.968
642.134 549.979
642.417 567.245
642.701 639.828
642.984 639.252
643.267 580.546
643.551 522.516
643.834 489.288
644.117 464.508
644.401 444.347
644.684 490.292
644.968 593.583
645.251 594.924
645.534 526.466
645.818 533.054
646.101 648.131
646.384 742.050
646.668 733.621
646.951 676.366
647.235 698.640
647.518 700.542
647.801 821.804
648.085 870.820
648.368 838.765
648.651 783.336
648.935 927.959
649.218 1064.515
649.501 971.290
649.785 936.499
650.068 1098.665
650.352 1220.592
650.635 1194.358
650.918 1222.945
651.202 1300.452
651.485 1400.474
651.768 1490.230
652.052 1475.448
652.335 1429.577
652.618 1381.252
652.902 1431.682
653.185 1636.380
653.469 1591.562
653.752 1504.240
654.035 1518.352
654.319 1606.931
654.602 1630.809
654.885 1554.766
655.169 1594.295
655.452 1578.755
655.735 1550.432
656.019 1596.690
656.302 1520.480
656.586 1543.474
656.869 1742.127
657.152 1685.520
657.436 1573.036
657.719 1652.106
658.002 1714.647
658.286 1639.634
658.569 1541.296
658.852 1517.002
659.136 1653.100
659.419 1666.320
659.703 1566.850
659.986 1566.872
660.269 1596.532
660.553 1535.988
660.836 1571.580
661.119 1653.919
661.403 1647.126
661.686 1518.311
661.969 1443.053
662.253 1458.885
662.536 1425.370
662.820 1419.458
663.103 1445.849
663.386 1407.332
663.670 1403.297
663.953 1304.324
664.236 1356.325
664.520 1241.859
664.803 1164.879
665.086 1161.698
665.370 1252.055
665.653 1199.392
665.937 1138.764
666.220 1129.657
666.503 1070.855
666.787 1013.067
667.070 1000.920
667.353 973.503
667.637 890.414
667.920 957.372
668.204 840.274
668.487 742.636
668.770 814.696
669.054 689.463
669.337 646.354
669.620 636.182
669.904 621.298
670.187 659.670
670.470 729.752
670.754 637.936
671.037 543.147
671.321 523.206
671.604 675.091
671.887 699.345
672.171 603.153
672.454 568.815
672.737 641.723
673.021 573.684
673.304 482.919
673.587 628.730
673.871 661.938
674.154 590.784
674.438 668.494
674.721 668.514
675.004 588.976
675.288 537.557
675.571 506.205
675.854 454.733
676.138 454.192
676.421 460.873
676.704 416.948
676.988 549.666
677.271 669.056
677.555 581.868
677.838 517.773
678.121 485.234
678.405 480.048
678.688 542.180
678.971 416.770
679.255 528.824
679.538 626.355
679.821 654.383
680.105 539.819
680.388 427.690
680.672 383.456
680.955 380.358
681.238 422.398
681.522 455.243
681.805 505.697
682.088 544.774
682.372 580.816
682.655 512.550
682.938 552.236
683.222 567.914
683.505 525.685
683.789 553.919
684.072 558.119
684.355 545.030
684.639 506.429
684.922 494.966
685.205 510.644
685.489 609.829
685.772 587.498
686.056 597.547
686.339 596.521
686.622 466.903
686.906 458.573
687.189 586.985
687.472 694.521
687.756 561.387
688.039 494.143
688.322 455.541
688.606 569.339
688.889 522.386
689.173 444.118
689.456 574.618
689.739 616.391
690.023 554.246
690.306 527.154
690.589 469.333
690.873 535.461
691.156 531.318
691.439 436.645
691.723 391.919
692.006 480.888
692.290 518.370
692.573 555.234
692.856 605.916
693.140 599.718
693.423 506.983
693.706 387.321
693.990 407.221
694.273 379.960
694.556 600.434
694.840 700.971
695.123 549.439
695.407 566.435
695.690 505.555
695.973 496.817
696.257 495.294
696.540 647.067
696.830 533.368
697.120 466.583
697.410 504.110
697.699 496.432
697.989 663.975
698.279 533.393
698.569 409.914
698.859 528.785
699.149 567.599
699.439 446.507
699.729 375.661
700.018 402.210
700.308 487.446
700.598 401.837
700.888 362.012
701.178 511.917
701.468 453.606
701.758 319.426
702.048 405.345
702.337 366.339
702.627 458.453
702.917 480.671
703.207 453.537
703.497 476.238
703.787 417.486
704.077 443.074
704.366 534.572
704.656 438.767
704.946 380.469
705.236 367.119
705.526 494.515
705.816 596.329
706.106 403.329
706.396 461.709
706.685 491.136
706.975 382.911
707.265 290.990
707.555 478.278
707.845 486.267
708.135 360.417
708.425 303.041
708.715 327.097
709.004 488.846
709.294 482.935
709.584 483.971
709.874 503.712
710.164 500.771
710.454 445.453
710.744 433.184
711.034 496.877
711.323 484.104
711.613 455.578
711.903 551.508
712.193 582.990
712.483 516.144
712.773 506.327
713.063 479.835
713.352 464.220
713.642 466.262
713.932 586.344
714.222 534.586
714.512 438.751
714.802 450.633
715.092 534.952
715.382 434.320
715.671 400.679
715.961 446.166
716.251 376.818
716.541 487.155
716.831 559.779
717.121 384.647
717.411 425.075
717.701 549.493
717.990 485.394
718.280 457.740
718.570 415.731
718.860 382.907
719.150 401.436
719.440 387.709
719.730 396.691
720.019 622.474
720.309 524.708
720.599 482.698
720.889 447.274
721.179 479.826
721.469 522.447
721.759 464.478
722.049 504.762
722.338 420.406
722.628 421.229
722.918 472.664
723.208 487.050
723.498 387.065
723.788 458.676
724.078 576.112
724.368 538.666
724.657 467.835
724.947 504.946
725.237 508.344
725.527 551.796
725.817 504.028
726.107 498.736
726.397 435.888
726.686 382.712
726.976 423.347
727.266 523.942
727.556 433.049
727.846 509.959
728.136 532.692
728.426 452.345
728.716 404.879
729.005 499.856
729.295 470.802
729.585 356.197
729.875 345.832
730.165 437.356
730.455 487.808
730.745 485.384
731.035 440.739
731.324 493.168
731.614 486.401
731.904 390.678
732.194 505.368
732.484 489.338
732.774 490.326
733.064 454.349
733.354 311.368
733.643 382.538
733.933 435.786
734.223 418.257
734.513 541.079
734.803 559.183
735.093 446.028
735.383 442.572
735.672 492.392
735.962 536.423
736.252 396.129
736.542 356.763
736.832 416.523
737.122 362.044
737.412 416.961
737.702 505.707
737.991 494.927
738.281 434.952
738.571 439.451
738.861 483.638
739.151 503.338
739.441 556.939
739.731 431.093
740.021 464.470
740.310 555.672
740.600 565.120
740.890 382.741
741.180 397.331
741.470 438.807
741.760 505.949
742.050 554.335
742.339 520.827
742.629 444.680
742.919 531.737
743.209 399.803
743.499 390.322
743.789 451.119
744.079 469.946
744.369 470.485
744.658 441.699
744.948 284.841
745.238 433.800
745.528 485.351
745.818 566.204
746.108 504.710
746.398 497.282
746.688 476.442
746.977 555.901
747.267 482.429
747.557 506.780
747.847 550.532
748.137 476.468
748.427 393.895
748.717 336.533
749.006 307.357
749.296 416.243
749.586 473.555
749.876 548.742
750.166 497.959
750.456 487.503
750.746 459.062
751.036 347.300
751.325 470.068
751.615 432.590
751.905 439.598
752.195 522.051
752.485 489.066
752.775 474.555
753.065 443.538
753.355 576.685
753.644 533.656
753.934 470.017
754.224 445.487
754.514 570.447
754.804 411.413
755.094 334.196
755.384 407.430
755.674 473.642
755.963 542.864
756.253 477.158
756.543 506.784
756.833 491.736
757.123 477.200
757.413 447.543
757.703 438.512
757.992 464.656
758.282 485.288
758.572 479.760
758.862 406.407
759.152 441.597
759.442 422.091
759.732 479.815
760.022 573.297
760.311 499.441
760.601 382.754
760.891 542.728
761.181 576.367
761.471 508.550
761.761 394.272
762.051 400.328
762.341 511.610
762.630 564.505
762.920 476.905
763.210 512.682
763.500 548.433
763.793 463.855
764.086 505.158
764.379 445.307
764.671 506.689
764.964 460.425
765.257 442.330
765.550 528.920
765.843 438.208
766.136 444.270
766.429 414.042
766.722 434.786
767.014 387.079
767.307 302.890
767.600 320.023
767.893 353.625
768.186 317.348
768.479 407.080
768.772 550.238
769.064 564.364
769.357 485.260
769.650 417.214
769.943 553.766
770.236 544.716
770.529 441.447
770.822 460.614
771.115 550.345
771.407 644.758
771.700 594.317
771.993 604.022
772.286 549.944
772.579 556.459
772.872 461.714
773.165 415.357
773.457 476.862
773.750 519.738
774.043 425.906
774.336 441.501
774.629 485.987
774.922 466.309
775.215 398.713
775.508 409.001
775.800 385.463
776.093 506.711
776.386 507.220
776.679 412.074
776.972 493.658
777.265 669.904
777.558 692.382
777.850 596.222
778.143 540.958
778.436 509.322
778.729 522.893
779.022 494.766
779.315 393.271
779.608 318.912
779.900 400.332
780.193 469.691
780.486 465.216
780.779 456.738
781.072 443.267
781.365 466.794
781.658 447.195
781.951 405.039
782.243 476.384
782.536 526.550
782.829 510.498
783.122 532.599
783.415 503.993
783.708 469.903
784.001 541.130
784.293 554.181
784.586 532.596
784.879 584.713
785.172 531.087
785.465 468.505
785.758 490.562
786.051 515.624
786.344 524.606
786.636 606.224
786.929 492.122
787.222 476.071
787.515 444.099
787.808 402.265
788.101 393.286
788.394 540.152
788.686 645.059
788.979 596.716
789.272 511.217
789.565 502.735
789.858 417.917
790.151 354.411
790.444 395.382
790.737 434.789
791.029 430.940
791.322 480.852
791.615 396.636
791.908 512.325
792.201 513.822
792.494 477.430
792.787 516.807
793.079 626.008
793.372 579.580
793.665 546.271
793.958 511.388
794.251 535.328
794.544 591.580
794.837 607.137
795.130 500.469
795.422 488.516
795.715 467.591
796.008 482.042
796.301 481.093
796.594 475.129
796.887 538.886
797.180 554.390
797.472 385.907
797.765 356.009
798.058 452.279
798.351 410.868
798.644 387.948
798.937 402.915
799.230 421.450
799.523 707.026
799.815 629.271
800.108 386.013
800.401 367.081
800.694 488.218
800.987 446.865
801.280 482.735
801.573 541.687
801.865 574.666
802.158 490.272
802.451 443.377
802.744 449.377
803.037 398.490
803.330 391.907
803.623 515.280
803.915 519.283
804.208 410.922
804.501 464.810
804.794 495.852
805.087 491.368
805.380 437.254
805.673 356.747
805.966 455.858
806.258 437.288
806.551 453.238
806.844 487.386
807.137 566.279
807.430 397.047
807.723 400.071
808.016 562.733
808.308 590.033
808.601 414.161
808.894 371.746
809.187 482.907
809.480 565.934
809.773 451.809
810.066 462.335
810.359 534.312
810.651 508.157
810.944 333.261
811.237 344.708
811.530 479.936
811.825 365.281
812.119 355.842
812.414 341.726
812.709 449.153
813.003 482.462
813.298 424.352
813.593 468.789
813.887 454.156
814.182 656.914
814.476 573.328
814.771 565.217
815.066 506.358
815.360 437.765
815.655 415.419
815.950 479.942
816.244 476.901
816.539 539.047
816.834 448.334
817.128 459.007
817.423 554.371
817.718 705.367
818.012 530.113
818.307 299.048
818.602 420.985
818.896 497.836
819.191 452.110
819.486 436.575
819.780 536.483
820.075 713.040
820.369 670.058
820.664 470.970
820.959 535.164
821.253 547.128
821.548 492.217
821.843 521.288
822.137 520.802
822.432 553.148
822.727 517.239
823.021 470.818
823.316 567.454
823.611 637.764
823.905 575.105
824.200 430.617
824.495 465.292
824.789 498.003
825.084 477.469
825.379 452.667
825.673 449.988
825.968 546.190
826.262 525.593
826.557 531.531
826.852 522.485
827.146 506.573
827.441 534.679
827.736 533.135
828.030 459.323
828.325 324.027
828.620 484.336
828.914 592.194
829.209 514.052
829.504 628.076
829.798 574.906
830.093 495.028
830.388 414.701
830.682 317.125
830.977 481.397
831.271 539.221
831.566 445.971
831.861 459.665
832.155 485.831
832.450 529.378
832.745 603.494
833.039 537.924
833.334 416.575
833.629 442.500
833.923 391.344
834.218 398.433
834.513 400.852
834.807 407.240
835.102 346.354
835.397 400.278
835.691 401.664
835.986 387.527
836.281 335.468
836.575 351.783
836.870 402.864
837.164 454.099
837.459 398.977
837.754 454.651
838.048 435.003
838.343 435.439
838.638 446.117
838.932 475.471
839.227 442.856
839.522 426.782
839.816 432.041
840.111 430.644
840.406 403.267
840.700 540.528
840.995 610.217
841.290 669.748
841.584 563.211
841.879 559.033
842.174 535.528
842.468 520.087
842.763 449.877
843.057 475.919
843.352 476.890
843.647 464.490
843.941 472.874
844.236 539.808
844.531 558.470
844.825 521.095
845.120 581.572
845.415 630.454
845.709 547.380
846.004 592.705
846.299 480.861
846.593 563.114
846.888 547.661
847.183 458.716
847.477 416.355
847.772 481.158
848.066 496.489
848.361 483.963
848.656 503.910
848.950 493.645
849.245 576.600
849.540 496.520
849.834 568.119
850.129 634.149
850.424 549.928
850.718 449.422
851.013 545.985
851.308 556.850
851.602 535.047
851.897 600.731
852.192 694.656
852.486 594.564
852.781 467.427
853.076 602.604
853.370 601.926
853.665 651.136
853.959 600.573
854.254 509.820
854.549 668.703
854.843 575.320
855.138 485.420
855.433 612.854
855.727 695.881
856.022 536.914
856.317 572.436
856.611 562.148
856.906 469.357
857.201 534.985
857.495 614.335
857.790 619.246
858.085 528.101
858.379 534.122
858.674 435.353
858.969 402.730
859.263 478.753
859.558 513.525
859.852 502.517
860.147 545.285
860.442 635.310
860.736 463.310
861.031 528.043
861.326 603.402
861.620 493.361
861.915 591.340
862.210 598.031
862.504 467.210
862.799 516.400
863.094 580.204
863.388 540.766
863.683 495.663
863.978 439.261
864.272 468.872
864.567 498.886
864.861 446.541
865.156 398.807
865.451 369.891
865.745 515.518
866.040 589.766
866.335 589.591
866.629 606.483
866.924 462.062
867.219 434.514
867.513 539.866
867.808 464.433
868.103 464.587
868.397 495.502
868.692 464.207
868.987 457.693
869.281 424.707
869.576 504.601
869.871 584.185
870.165 504.098
870.460 399.023
870.754 443.964
871.049 408.370
871.344 435.293
871.638 479.422
871.933 406.565
872.228 415.032
872.522 425.031
872.817 509.482
873.112 690.508
873.406 548.008
873.701 550.943
873.996 505.088
874.290 421.921
874.585 435.673
874.880 484.726
875.174 436.906
875.469 405.575
875.764 451.524
876.058 442.418
876.353 392.319
876.647 359.082
876.942 388.497
877.237 479.256
877.531 496.022
877.826 504.137
878.121 497.004
878.415 470.899
878.710 421.274
879.005 499.881
879.299 449.466
879.594 401.592
879.889 355.170
880.183 358.264
880.478 423.684
880.773 444.376
881.067 461.263
881.362 464.134
881.656 403.107
881.951 435.149
882.246 387.783
882.540 440.533
882.835 455.870
883.130 456.377
883.424 446.890
883.719 404.947
884.014 494.094
884.308 480.901
884.603 406.937
884.898 389.535
885.192 481.531
885.487 456.245
885.782 376.641
886.076 472.194
886.371 430.959
886.666 263.764
886.960 371.958
887.255 380.585
887.549 368.295
887.844 502.351
888.139 555.382
888.433 533.939
888.728 376.693
889.023 419.329
889.317 460.259
889.612 356.228
889.907 406.362
890.201 461.237
890.496 473.215
890.791 501.956
891.085 446.798
891.380 402.675
891.675 399.505
891.969 395.978
892.264 320.930
892.559 358.258
892.853 473.321
893.148 447.732
893.442 441.664
893.737 477.334
894.032 387.934
894.326 320.981
894.621 336.847
894.916 320.397
895.210 343.910
895.505 425.218
895.800 421.180
896.094 376.313
896.389 405.446
896.684 421.713
896.978 395.752
897.273 303.621
897.568 426.151
897.862 494.617
898.157 408.859
898.451 520.732
898.746 533.129
899.041 558.409
899.335 478.700
899.630 365.656
899.925 385.711
900.219 449.492
900.514 522.169
900.809 400.794
901.103 333.481
901.398 483.577
901.693 442.134
901.987 400.645
902.282 491.124
902.577 372.471
902.871 307.975
903.166 417.980
903.461 488.004
903.755 479.510
904.050 420.771
904.344 341.641
904.639 365.557
904.934 400.901
905.228 389.039
905.523 354.932
905.818 391.556
906.112 505.978
906.407 462.674
906.702 400.227
906.996 414.326
907.291 450.696
907.586 401.879
907.880 522.872
908.175 478.809
908.470 416.998
908.764 518.352
909.059 550.741
909.354 460.512
909.648 388.794
909.943 404.326
910.237 545.970
910.532 576.309
910.827 563.483
911.121 508.044
911.416 470.382
911.711 465.794
912.005 488.758
912.300 451.844
912.599 523.410
912.898 500.291
913.196 503.546
913.495 510.974
913.794 576.057
914.093 478.036
914.391 458.468
914.690 505.467
914.989 477.001
915.288 542.795
915.586 510.171
915.885 439.036
916.184 360.130
916.483 349.818
916.782 467.024
917.080 482.069
917.379 483.926
917.678 427.838
917.977 512.235
918.275 582.736
918.574 544.553
918.873 494.745
919.172 468.101
919.471 457.207
919.769 437.549
920.068 388.727
920.367 397.133
920.666 400.588
920.964 435.596
921.263 437.405
921.562 417.022
921.861 493.748
922.159 438.457
922.458 414.216
922.757 417.378
923.056 426.828
923.355 461.390
923.653 531.916
923.952 484.851
924.251 385.926
924.550 516.363
924.848 487.269
925.147 464.939
925.446 430.685
925.745 420.615
926.043 436.400
926.342 463.689
926.641 413.160
926.940 494.652
927.239 552.490
927.537 532.507
927.836 458.694
928.135 506.285
928.434 552.037
928.732 547.155
929.031 509.948
929.330 512.027
929.629 493.559
929.927 477.076
930.226 452.638
930.525 438.935
930.824 570.659
931.123 545.261
931.421 531.737
931.720 516.667
932.019 584.614
932.318 589.242
932.616 542.083
932.915 469.087
933.214 493.840
933.513 517.260
933.812 540.433
934.110 565.643
934.409 605.740
934.708 498.149
935.007 744.466
935.305 678.545
935.604 509.149
935.903 600.922
936.202 631.544
936.500 704.315
936.799 780.566
937.098 684.849
937.397 642.578
937.696 618.262
937.994 556.110
938.293 660.777
938.592 605.815
938.891 551.002
939.189 607.858
939.488 685.769
939.787 755.782
940.086 626.708
940.384 681.742
940.683 626.579
940.982 530.460
941.281 674.981
941.580 962.115
941.878 885.483
942.177 665.025
942.476 741.688
942.775 716.759
943.073 579.373
943.372 541.877
943.671 707.577
943.970 766.580
944.268 747.556
944.567 595.889
944.866 680.694
945.165 741.024
945.464 599.429
945.762 521.938
946.061 737.894
946.360 831.121
946.659 840.453
946.957 779.805
947.256 705.469
947.555 677.025
947.854 657.717
948.153 634.369
948.451 619.661
948.750 625.082
949.049 582.794
949.348 795.476
949.646 693.058
949.945 604.481
950.244 735.112
950.543 691.320
950.841 571.642
951.140 560.661
951.439 453.016
951.738 495.113
952.037 582.261
952.335 675.826
952.634 679.656
952.933 562.377
953.232 544.370
953.530 372.683
953.829 628.355
954.128 768.218
954.427 687.966
954.725 720.221
955.024 628.007
955.323 655.095
955.622 507.087
955.921 417.688
956.219 566.770
956.518 569.724
956.817 582.285
957.116 590.382
957.414 558.820
957.713 465.828
958.012 436.132
958.311 446.914
958.610 609.647
958.908 627.350
959.207 551.512
959.506 551.285
959.805 629.468
960.103 649.193
960.402 633.007
960.701 540.058
961.000 492.642
961.298 436.691
961.597 538.602
961.896 501.091
962.195 475.011
962.494 524.326
962.792 497.247
963.091 478.505
963.390 448.363
963.689 487.450
963.987 565.858
964.286 553.294
964.585 522.347
964.884 470.762
965.182 469.309
965.481 746.297
965.780 784.170
966.080 704.375
966.380 627.363
966.680 540.194
966.981 493.684
967.281 507.564
967.581 439.340
967.881 462.801
968.181 564.087
968.481 555.329
968.781 564.890
969.082 502.780
969.382 499.619
969.682 505.937
969.982 532.231
970.282 614.091
970.582 488.546
970.882 410.650
971.183 543.733
971.483 498.096
971.783 516.900
972.083 563.746
972.383 604.572
972.683 518.276
972.983 538.525
973.284 500.229
973.584 452.346
973.884 481.685
974.184 477.660
974.484 505.409
974.784 393.888
975.084 385.117
975.385 403.941
975.685 479.910
975.985 447.223
976.285 461.044
976.585 461.678
976.885 421.621
977.185 423.658
977.486 472.451
977.786 471.386
978.086 548.256
978.386 541.199
978.686 388.216
978.986 367.340
979.286 401.347
979.587 457.353
979.887 466.359
980.187 449.365
980.487 410.371
980.787 495.377
981.087 498.384
981.387 627.390
981.688 484.396
981.988 346.402
982.288 433.408
982.588 426.414
982.888 461.420
983.188 462.426
983.488 544.433
983.789 519.439
984.089 483.445
984.389 468.451
984.689 464.457
984.989 428.463
985.289 413.469
985.589 536.475
985.890 513.481
986.190 391.487
986.490 391.493
986.790 552.499
987.090 508.505
987.390 510.511
987.690 525.517
987.991 413.523
988.291 450.529
988.591 432.535
988.891 402.541
989.191 460.547
989.491 502.553
989.791 458.559
990.092 507.565
990.392 540.571
990.692 508.577
990.992 478.583
991.292 439.589
991.592 526.595
991.892 492.601
992.193 511.607
992.493 498.613
992.793 476.619
993.093 490.625
993.393 472.631
993.693 453.637
993.993 524.643
994.294 627.648
994.594 521.654
994.894 500.660
995.194 483.666
995.494 414.672
995.794 464.678
996.094 414.684
996.395 459.690
996.695 565.695
996.995 418.701
997.295 338.707
997.595 404.713
997.895 355.719
998.195 313.725
998.496 344.730
998.796 372.736
999.096 607.742
999.396 520.748
999.696 492.754
999.996 501.759
1000.296 588.765
1000.597 616.771
1000.897 473.777
1001.197 430.783
1001.497 592.788
1001.797 457.794
1002.097 370.800
1002.397 464.806
1002.698 555.811
1002.998 588.817
1003.298 550.823
1003.598 419.829
1003.898 376.834
1004.198 521.840
1004.498 590.846
1004.799 513.851
1005.099 507.857
1005.399 551.863
1005.699 604.869
1005.999 564.874
1006.299 492.880
1006.599 675.886
1006.900 648.891
1007.200 480.897
1007.500 533.903
1007.800 510.908
1008.100 413.914
1008.400 404.920
1008.700 441.925
1009.001 416.931
1009.301 412.936
1009.601 520.942
1009.901 586.948
1010.201 554.953
1010.501 527.959
1010.801 616.965
1011.102 480.970
1011.402 543.976
1011.702 456.981
1012.002 353.987
1012.302 449.992
1012.602 478.998
1012.902 444.004
1013.203 461.009
1013.503 561.015
1013.803 568.020
1014.103 459.026
1014.403 520.031
1014.703 427.037
1015.003 388.042
1015.304 547.048
1015.604 584.053
1015.904 454.059
1016.204 427.064
1016.504 465.070
1016.804 489.076
1017.104 401.081
1017.405 427.086
1017.705 444.092
1018.005 416.097
1018.305 454.103
1018.605 480.108
1018.905 397.114
1019.205 388.119
1019.506 619.125
1019.806 631.130
1020.106 540.136
1020.406 511.141
1020.706 523.147
1021.006 518.152
1021.306 591.157
1021.607 520.163
1021.907 601.168
1022.207 588.174
1022.507 429.179
1022.807 426.184
1023.107 480.190
1023.407 445.195
1023.708 500.201
1024.008 433.206
1024.308 484.211
1024.608 468.217
1024.908 383.222
1025.208 518.228
1025.508 698.233
1025.809 665.238
1026.109 494.244
1026.409 532.249
1026.709 517.254
1027.009 479.260
1027.309 515.265
1027.609 432.270
1027.910 456.276
1028.210 509.281
1028.510 585.286
1028.810 726.291
1029.110 698.297
1029.410 564.302
1029.710 626.307
1030.011 634.313
1030.311 657.318
1030.611 499.323
1030.911 532.328
1031.211 590.334
1031.511 495.339
1031.811 599.344
1032.112 582.350
1032.412 488.355
1032.712 379.360
1033.012 461.365
1033.312 620.370
1033.612 641.376
1033.912 574.381
1034.212 467.386
1034.513 437.391
1034.813 415.397
1035.113 489.402
1035.413 410.407
1035.713 467.412
1036.013 553.417
1036.313 477.423
1036.614 528.428
1036.914 529.433
1037.214 449.438
1037.514 537.443
1037.814 513.448
1038.114 522.454
1038.414 522.459
1038.715 569.464
1039.015 463.469
1039.315 381.474
1039.615 498.479
1039.915 489.484
1040.215 421.490
1040.515 440.495
1040.816 541.500
1041.116 560.505
1041.416 473.510
1041.716 425.515
1042.016 483.520
1042.316 569.525
1042.616 451.530
1042.917 438.535
1043.217 422.541
1043.517 437.546
1043.817 574.551
1044.117 555.556
1044.417 488.561
1044.717 420.566
1045.018 394.571
1045.318 558.576
1045.618 570.581
1045.918 459.586
1046.218 391.591
1046.518 415.596
1046.818 479.601
1047.119 409.606
1047.419 551.611
1047.719 537.616
1048.019 478.621
1048.319 526.626
1048.619 474.631
1048.919 488.636
1049.220 483.641
1049.520 493.646
1049.820 459.651
1050.120 384.656
1050.420 497.661
1050.720 491.666
1051.020 504.671
1051.321 508.676
1051.621 566.681
1051.921 480.686
1052.221 399.691
1052.521 389.696
1052.821 423.701
1053.121 495.706
1053.422 522.711
1053.722 597.715
1054.022 485.720
1054.322 538.725
1054.622 508.730
1054.922 423.735
1055.222 491.740
1055.523 500.745
1055.823 490.750
1056.123 549.755
1056.423 477.760
1056.723 571.764
1057.023 483.769
1057.323 317.774
1057.624 480.779
1057.924 554.784
1058.224 503.789
1058.524 440.794
1058.824 531.799
1059.124 512.803
1059.424 460.808
1059.725 518.813
1060.025 429.818
1060.325 451.823
1060.625 468.828
1060.925 423.832
1061.225 433.837
1061.525 536.842
1061.826 446.847
1062.126 458.852
1062.426 520.856
1062.726 535.861
1063.026 510.866
1063.326 640.871
1063.626 598.876
1063.927 506.880
1064.227 502.885
1064.527 463.890
1064.827 540.895
1065.127 483.899
1065.427 368.904
1065.727 403.909
1066.028 547.914
1066.328 535.918
1066.628 390.923
1066.928 419.928
1067.228 455.933
1067.528 445.937
1067.828 464.942
1068.129 418.947
1068.429 472.952
1068.729 549.956
1069.029 464.961
1069.329 366.966
1069.629 466.970
1069.929 530.975
1070.230 592.980
1070.530 575.984
1070.830 449.989
1071.130 451.994
1071.430 485.998
1071.730 528.003
1072.030 526.008
1072.331 422.012
1072.631 457.017
1072.931 544.022
1073.231 533.026
1073.531 467.031
1073.831 470.036
1074.131 532.040
1074.432 561.045
1074.732 470.050
1075.032 401.054
1075.332 411.059
1075.632 449.063
1075.932 404.068
1076.232 396.073
1076.533 408.077
1076.833 471.082
1077.133 467.087
1077.433 441.091
1077.733 419.096
1078.033 527.100
1078.333 510.105
1078.634 517.109
1078.934 535.114
1079.234 430.119
1079.534 576.123
1079.834 647.128
1080.134 560.132
1080.434 530.137
1080.735 506.141
1081.035 424.146
1081.335 312.150
1081.635 386.155
1081.935 463.160
1082.235 502.164
1082.535 474.169
1082.836 443.173
1083.136 392.178
1083.436 507.182
1083.736 562.187
1084.036 484.191
1084.336 456.196
1084.636 458.200
1084.937 583.205
1085.237 596.209
1085.537 508.214
1085.837 465.218
1086.137 435.223
1086.437 552.227
1086.737 497.232
1087.038 458.236
1087.338 563.241
1087.638 585.245
1087.938 498.249
1088.238 347.254
1088.538 430.258
1088.838 563.263
1089.139 575.267
1089.439 428.272
1089.739 522.276
1090.039 534.281
1090.339 591.285
1090.639 523.289
1090.939 479.294
1091.240 402.298
1091.540 448.303
1091.840 500.307
1092.140 533.311
1092.453 555.316
1092.766 487.320
1093.079 453.325
1093.392 514.329
1093.705 466.333
1094.018 474.338
1094.330 607.342
1094.643 507.347
1094.956 535.351
1095.269 508.355
1095.582 511.360
1095.895 444.364
1096.208 452.368
1096.521 473.373
1096.834 447.377
1097.147 490.381
1097.460 551.386
1097.773 566.390
1098.085 498.394
1098.398 451.399
1098.711 424.403
1099.024 364.407
1099.337 478.412
1099.650 554.416
1099.963 523.420
1100.276 389.425
1100.589 398.429
1100.902 516.433
1101.215 532.438
1101.528 590.442
1101.841 514.446
1102.153 504.450
1102.466 570.455
1102.779 456.459
1103.092 432.463
1103.405 456.468
1103.718 428.472
1104.031 445.476
1104.344 502.480
1104.657 475.485
1104.970 744.489
1105.283 614.493
1105.596 439.497
1105.909 459.502
1106.221 556.506
1106.534 552.510
1106.847 414.514
1107.160 360.519
1107.473 379.523
1107.786 425.527
1108.099 339.531
1108.412 362.535
1108.725 444.540
1109.038 392.544
1109.351 473.548
1109.664 514.552
1109.977 430.556
1110.289 466.561
1110.602 490.565
1110.915 463.569
1111.228 480.573
1111.541 423.577
1111.854 398.582
1112.167 379.586
1112.480 410.590
1112.793 433.594
1113.106 448.598
1113.419 480.602
1113.732 424.607
1114.044 376.611
1114.357 476.615
1114.670 502.619
1114.983 394.623
1115.296 365.627
1115.609 483.631
1115.922 434.636
1116.235 470.640
1116.548 502.644
1116.861 491.648
1117.174 444.652
1117.487 465.656
1117.800 608.660
1118.112 482.664
1118.425 422.668
1118.738 438.673
1119.051 442.677
1119.364 453.681
1119.677 480.685
1119.990 472.689
1120.303 506.693
1120.616 552.697
1120.929 470.701
1121.242 539.705
1121.555 535.709
1121.868 528.713
1122.180 513.717
1122.493 387.722
1122.806 371.726
1123.119 484.730
1123.432 501.734
1123.745 478.738
1124.058 421.742
1124.371 441.746
1124.684 537.750
1124.997 470.754
1125.310 466.758
1125.623 414.762
1125.935 342.766
1126.248 377.770
1126.561 475.774
1126.874 490.778
1127.187 567.782
1127.500 565.786
1127.813 565.790
1128.126 542.794
1128.439 462.798
1128.752 577.802
1129.065 466.806
1129.378 298.810
1129.691 421.814
1130.003 446.818
1130.316 375.822
1130.629 385.826
1130.942 493.830
1131.255 441.834
1131.568 398.838
1131.881 501.842
1132.194 553.846
1132.507 492.850
1132.820 426.854
1133.133 497.858
1133.446 402.862
1133.759 554.865
1134.071 906.869
1134.384 626.873
1134.697 629.877
1135.010 648.881
1135.323 498.885
1135.636 426.889
1135.949 408.893
1136.262 442.897
1136.575 466.901
1136.888 490.905
1137.201 500.909
1137.514 469.912
1137.826 480.916
1138.139 432.920
1138.452 500.924
1138.765 624.928
1139.078 621.932
1139.391 612.936
1139.704 529.940
1140.017 549.944
1140.330 495.947
1140.643 421.951
1140.956 374.955
1141.269 480.959
1141.582 498.963
1141.894 463.967
1142.207 588.971
1142.520 547.974
1142.833 595.978
1143.146 515.982
1143.459 399.986
1143.772 400.990
1144.085 469.994
1144.398 410.998
1144.711 411.001
1145.024 437.005
1145.337 468.009
1145.650 561.013
1145.962 491.017
1146.275 445.020
1146.588 415.024
1146.901 560.028
1147.214 508.032
1147.527 417.036
1147.840 499.039
1148.153 442.043
1148.466 442.047
1148.779 477.051
1149.092 542.055
1149.405 467.058
1149.718 483.062
1150.030 500.066
1150.343 456.070
1150.656 371.073
1150.969 396.077
1151.282 595.081
1151.595 571.085
1151.908 492.089
1152.221 347.092
1152.534 394.096
1152.847 612.100
1153.160 547.104
1153.473 499.107
1153.785 497.111
1154.098 506.115
1154.411 547.118
1154.724 505.122
1155.037 617.126
1155.350 565.130
1155.663 531.133
1155.976 450.137
1156.289 515.141
1156.602 409.145
1156.915 338.148
1157.228 367.152
1157.541 454.156
1157.853 488.159
1158.166 523.163
1158.479 571.167
1158.792 490.170
1159.105 522.174
1159.418 518.178
1159.731 446.181
1160.044 447.185
1160.357 545.189
1160.670 505.193
1160.983 401.196
1161.296 474.200
1161.609 560.204
1161.921 467.207
1162.234 397.211
1162.547 327.215
1162.860 388.218
1163.173 377.222
1163.486 458.225
1163.799 476.229
1164.112 473.233
1164.425 473.236
1164.738 395.240
1165.051 357.244
1165.364 393.247
1165.676 450.251
1165.989 524.255
1166.302 473.258
1166.615 540.262
1166.928 495.265
1167.241 529.269
1167.554 529.273
1167.867 516.276
1168.180 502.280
1168.493 417.283
1168.806 457.287
1169.119 471.291
1169.432 527.294
1169.744 520.298
1170.057 495.301
1170.370 531.305
1170.683 490.309
1170.996 458.312
1171.309 497.316
1171.622 471.319
1171.935 455.323
1172.248 576.326
1172.561 566.330
1172.874 513.334
1173.187 511.337
1173.500 550.341
1173.812 567.344
1174.125 536.348
1174.438 540.351
1174.751 419.355
1175.064 406.358
1175.377 528.362
1175.690 476.365
1176.003 390.369
1176.316 408.373
1176.629 486.376
1176.942 445.380
1177.255 408.383
1177.567 418.387
1177.880 450.390
1178.193 520.394
1178.506 451.397
1178.819 534.401
1179.132 538.404
1179.445 421.408
1179.758 541.411
1180.071 526.415
1180.384 419.418
1180.697 486.422
1181.010 569.425
1181.323 620.429
1181.635 621.432
1181.948 510.436
1182.261 427.439
1182.574 394.443
1182.887 426.446
1183.200 585.449
1183.513 580.453
1183.826 502.456
1184.139 516.460
1184.452 510.463
1184.765 452.467
1185.078 422.470
1185.391 484.474
1185.703 436.477
1186.016 356.481
1186.329 401.484
1186.642 484.487
1186.955 585.491
1187.268 491.494
1187.581 495.498
1187.894 479.501
1188.207 519.505
1188.520 510.508
1188.833 477.511
1189.146 418.515
1189.459 357.518
1189.771 391.522
1190.084 508.525
1190.397 461.528
1190.710 495.532
1191.023 506.535
1191.336 518.539
1191.649 428.542
1191.962 463.545
1192.275 367.549
1192.588 476.552
1192.901 598.556
1193.214 474.559
1193.526 443.562
1193.839 533.566
1194.152 448.569
1194.465 548.573
1194.778 463.576
1195.091 421.579
1195.404 435.583
1195.717 496.586
1196.030 590.589
1196.343 482.593
1196.656 359.596
1196.969 440.599
1197.282 447.603
1197.594 454.606
1197.907 560.609
1198.220 578.613
1198.533 493.616
1198.846 447.619
1199.159 415.623
1199.472 353.626
1199.785 490.629
1200.098 451.633
1200.411 539.636
1200.724 488.639
1201.037 454.643
1201.350 419.646
1201.662 410.649
1201.975 516.653
1202.288 499.656
1202.601 160.659
