165.028 22.094
165.288 -56.419
165.547 17.071
165.807 83.563
166.067 41.058
166.327 -8.445
166.587 -29.945
166.847 31.557
167.107 33.061
167.367 59.568
167.627 126.077
167.886 91.588
168.146 93.101
168.406 259.617
168.666 222.135
168.926 78.655
169.186 71.177
169.446 123.701
169.706 47.228
169.966 69.757
170.225 103.287
170.485 151.820
170.745 166.355
171.005 242.892
171.265 153.431
171.525 139.971
171.785 62.514
172.045 17.059
172.305 105.605
172.564 70.154
172.824 3.704
173.084 97.256
173.344 69.810
173.604 102.366
173.864 126.924
174.124 83.483
174.384 75.044
174.644 135.607
174.903 278.171
175.163 248.737
175.423 222.305
175.683 98.874
175.943 134.445
176.203 126.018
176.463 95.592
176.723 45.168
176.983 58.745
177.242 72.323
177.502 214.904
177.762 235.485
178.022 61.068
178.282 98.653
178.542 97.238
178.802 70.826
179.062 5.414
179.322 207.004
179.581 224.595
179.841 84.188
180.101 198.781
180.361 151.376
180.621 119.972
180.881 96.570
181.141 143.168
181.401 125.768
181.661 148.369
181.920 219.971
182.180 104.574
182.440 43.178
182.700 68.784
182.960 78.390
183.220 120.997
183.480 257.605
183.740 195.215
184.000 107.825
184.259 24.436
184.519 89.048
184.779 91.661
185.039 166.275
185.299 237.890
185.559 234.506
185.819 246.122
186.079 194.739
186.339 129.357
186.598 116.976
186.858 14.596
187.118 59.216
187.378 146.837
187.638 85.459
187.898 188.081
188.158 277.704
188.418 145.328
188.678 69.952
188.937 129.577
189.197 162.203
189.457 137.829
189.717 129.456
189.977 49.083
190.237 60.711
190.497 173.339
190.757 166.968
191.017 173.597
191.276 62.227
191.536 80.857
191.796 58.487
192.056 81.118
192.316 169.749
192.576 122.381
192.836 130.013
193.096 131.646
193.356 107.278
193.616 107.911
193.875 132.544
194.135 197.178
194.395 255.812
194.655 212.446
194.915 189.080
195.175 172.715
195.435 294.349
195.695 103.984
195.955 -49.381
196.214 108.254
196.474 209.890
196.734 170.525
196.994 216.161
197.254 224.796
197.514 178.432
197.774 164.068
198.034 103.704
198.294 56.339
198.553 87.975
198.813 109.611
199.073 44.247
199.333 114.883
199.593 238.519
199.853 195.155
200.113 251.790
200.373 283.426
200.633 144.061
200.892 109.697
201.152 110.332
201.412 97.967
201.672 232.602
201.932 380.237
202.192 294.872
202.452 150.507
202.712 201.141
202.972 214.775
203.231 234.409
203.491 218.043
203.751 233.676
204.011 194.310
204.271 247.942
204.531 125.575
204.791 61.208
205.051 138.840
205.311 239.471
205.570 163.103
205.830 97.734
206.090 97.365
206.350 196.995
206.610 345.625
206.870 227.255
207.130 166.885
207.390 188.513
207.650 187.142
207.909 245.770
208.169 234.398
208.429 199.025
208.689 70.652
208.949 155.278
209.209 260.904
209.469 130.530
209.729 98.154
209.989 154.779
210.248 125.403
210.508 353.026
210.768 279.649
211.028 155.271
211.288 229.893
211.548 205.515
211.808 240.135
212.068 382.755
212.328 361.375
212.587 339.994
212.847 268.612
213.107 224.230
213.367 230.847
213.627 272.464
213.887 270.080
214.147 137.695
214.407 188.310
214.667 157.924
214.926 289.537
215.186 252.150
215.446 269.762
215.706 193.373
215.966 132.983
216.226 160.593
216.486 160.203
216.746 204.811
217.006 251.419
217.265 158.026
217.525 98.632
217.785 170.238
218.045 217.843
218.305 201.447
218.565 178.050
218.825 229.653
219.085 292.255
219.345 174.856
219.604 120.456
219.864 261.055
220.124 303.654
220.384 230.252
220.644 213.849
220.904 160.445
221.164 213.041
221.424 206.635
221.684 169.229
221.943 227.822
222.203 323.414
222.463 215.005
222.723 83.596
222.983 175.185
223.243 156.774
223.503 242.362
223.763 139.949
224.023 96.535
224.282 241.120
224.542 310.704
224.802 293.288
225.062 233.870
225.322 263.452
225.582 213.033
225.842 180.612
226.102 244.191
226.362 239.769
226.621 258.346
226.881 220.922
227.141 218.498
227.401 254.072
227.661 169.645
227.921 329.218
228.181 258.789
228.441 193.359
228.701 319.929
228.960 305.498
229.220 183.065
229.480 124.632
229.740 227.198
230.000 335.762
230.260 204.326
230.520 134.889
230.780 165.451
231.040 199.011
231.299 192.571
231.559 279.130
231.819 249.688
232.079 256.245
232.339 251.800
232.599 140.355
232.859 212.909
233.119 275.462
233.379 199.014
233.638 223.565
233.898 325.114
234.158 316.663
234.418 203.211
234.678 222.758
234.938 266.303
235.198 205.848
235.458 183.392
235.718 225.934
235.978 201.476
236.237 188.017
236.497 244.556
236.757 294.095
237.017 259.632
237.277 229.169
237.537 245.704
237.797 168.238
238.057 293.772
238.317 283.304
238.576 202.835
238.836 221.365
239.096 283.894
239.356 257.422
239.616 217.949
239.876 193.475
240.136 194.000
240.396 235.524
240.656 317.047
240.915 255.569
241.175 204.089
241.435 178.609
241.695 261.127
241.955 389.645
242.215 442.161
242.475 380.676
242.735 251.191
242.995 295.704
243.254 314.216
243.514 264.727
243.774 109.237
244.034 214.746
244.294 359.254
244.554 259.760
244.814 220.266
245.074 216.771
245.334 226.274
245.593 236.777
245.853 215.278
246.113 219.778
246.373 299.278
246.633 350.776
246.893 287.273
247.153 273.769
247.413 321.264
247.673 247.758
247.932 236.251
248.192 286.742
248.452 372.233
248.712 343.722
248.972 225.211
249.232 316.698
249.492 247.185
249.752 127.670
250.012 298.154
250.271 304.637
250.531 313.119
250.791 459.600
251.051 428.080
251.311 303.559
251.571 164.036
251.831 265.513
252.091 285.989
252.351 241.463
252.610 164.936
252.870 234.409
253.130 259.880
253.390 255.350
253.650 345.819
253.911 370.287
254.172 393.754
254.433 289.220
254.694 206.685
254.955 270.149
255.216 234.612
255.477 313.073
255.738 332.534
255.999 246.993
256.261 298.452
256.522 306.909
256.783 308.365
257.044 185.821
257.305 143.275
257.566 131.728
257.827 147.180
258.088 245.631
258.349 211.081
258.610 286.530
258.871 320.978
259.132 352.424
259.393 271.870
259.654 229.315
259.915 157.758
260.176 216.201
260.437 327.643
260.698 305.083
260.959 209.522
261.221 290.961
261.482 367.398
261.743 316.834
262.004 264.270
262.265 445.704
262.526 435.137
262.787 258.569
263.048 213.000
263.309 212.430
263.570 330.859
263.831 355.287
264.092 296.714
264.353 168.140
264.614 376.565
264.875 323.989
265.136 208.411
265.397 403.833
265.658 419.254
265.919 418.674
266.181 420.092
266.442 357.510
266.703 225.927
266.964 191.342
267.225 205.757
267.486 250.170
267.747 330.583
268.008 395.995
268.269 387.405
268.530 326.815
268.791 342.223
269.052 379.631
269.313 312.037
269.574 320.443
269.835 312.847
270.096 269.251
270.357 337.654
270.618 334.055
270.879 286.456
271.141 323.855
271.402 268.254
271.663 220.651
271.924 326.048
272.185 331.443
272.446 300.838
272.707 350.232
272.968 291.624
273.229 240.016
273.490 267.407
273.751 207.796
274.012 198.185
274.273 320.573
274.534 313.960
274.795 343.345
275.056 346.730
275.317 263.114
275.578 229.497
275.839 255.879
276.101 227.260
276.362 244.640
276.623 289.019
276.884 371.397
277.145 351.774
277.406 340.151
277.667 272.526
277.928 238.900
278.189 373.274
278.450 311.646
278.711 289.018
278.972 326.388
279.233 262.758
279.494 345.126
279.755 427.494
280.016 410.861
280.277 289.227
280.538 312.592
280.799 229.956
281.061 313.319
281.322 322.681
281.583 234.042
281.844 228.403
282.105 260.762
282.366 318.121
282.627 274.478
282.888 342.835
283.149 385.191
283.410 281.545
283.671 308.899
283.932 300.252
284.193 182.604
284.454 250.956
284.715 352.306
284.976 320.655
285.237 354.004
285.498 498.352
285.759 395.698
286.021 363.044
286.282 284.389
286.543 295.733
286.804 305.077
287.065 309.419
287.326 329.760
287.587 274.101
287.848 356.441
288.109 464.779
288.370 402.117
288.631 214.455
288.892 194.791
289.153 238.126
289.414 245.461
289.675 389.794
289.936 478.127
290.197 454.459
290.458 348.790
290.719 313.120
290.981 424.450
291.242 422.778
291.503 411.106
291.764 297.433
292.025 129.759
292.286 235.084
292.547 318.408
292.808 299.731
293.069 365.054
293.330 374.376
293.591 328.697
293.852 283.017
294.113 226.336
294.374 250.655
294.635 354.972
294.896 385.289
295.157 360.605
295.418 381.920
295.679 382.235
295.941 335.548
296.202 306.861
296.463 294.173
296.724 335.484
296.985 388.795
297.246 405.104
297.507 313.413
297.768 297.721
298.029 371.028
298.290 464.334
298.551 480.640
298.812 486.944
299.073 305.248
299.334 238.552
299.595 383.854
299.856 437.156
300.117 465.456
300.378 418.756
300.639 276.056
300.901 274.354
301.162 346.652
301.423 385.949
301.684 513.245
301.945 531.540
302.206 362.835
302.467 373.129
302.728 306.422
302.989 358.714
303.250 421.006
303.511 437.297
303.772 449.587
304.033 394.876
304.294 350.165
304.555 313.453
304.816 411.740
305.077 449.026
305.338 307.312
305.599 332.597
305.861 354.881
306.122 351.164
306.383 327.447
306.644 353.729
306.905 290.010
307.166 389.290
307.427 352.570
307.688 387.849
307.949 357.127
308.210 342.405
308.471 361.682
308.732 319.958
308.993 283.233
309.254 324.508
309.515 240.782
309.776 291.055
310.037 363.328
310.298 249.600
310.559 291.871
310.821 425.141
311.082 423.411
311.343 280.680
311.604 277.949
311.865 256.216
312.126 259.483
312.387 325.750
312.648 341.015
312.909 353.280
313.170 386.544
313.434 400.808
313.698 299.071
313.963 361.333
314.227 347.594
314.491 311.855
314.755 311.115
315.019 344.375
315.284 245.634
315.548 344.892
315.812 359.149
316.076 438.406
316.340 412.662
316.604 354.918
316.869 402.173
317.133 351.427
317.397 458.680
317.661 472.933
317.925 355.185
318.190 349.437
318.454 327.688
318.718 314.938
318.982 408.188
319.246 440.437
319.511 544.685
319.775 440.933
320.039 413.180
320.303 390.426
320.567 402.672
320.832 365.917
321.096 332.161
321.360 342.405
321.624 305.649
321.888 281.891
322.153 295.133
322.417 270.375
322.681 216.615
322.945 335.855
323.209 369.095
323.473 365.334
323.738 343.572
324.002 348.810
324.266 491.047
324.530 462.283
324.794 390.519
325.059 325.755
325.323 327.989
325.587 317.223
325.851 264.457
326.115 451.690
326.380 387.922
326.644 416.153
326.908 413.384
327.172 355.615
327.436 405.845
327.701 413.074
327.965 391.303
328.229 391.531
328.493 286.758
328.757 287.985
329.022 436.212
329.286 377.438
329.550 341.663
329.814 362.887
330.078 397.112
330.342 388.335
330.607 344.558
330.871 383.780
331.135 485.002
331.399 484.223
331.663 382.444
331.928 401.664
332.192 459.884
332.456 413.103
332.720 426.321
332.984 357.539
333.249 362.756
333.513 330.973
333.777 272.189
334.041 267.405
334.305 348.620
334.570 429.834
334.834 320.048
335.098 457.262
335.362 465.475
335.626 397.687
335.891 331.899
336.155 379.110
336.419 332.321
336.683 224.531
336.947 340.741
337.211 404.950
337.476 340.159
337.740 315.367
338.004 342.575
338.268 343.782
338.532 360.988
338.797 360.194
339.061 434.400
339.325 473.605
339.589 503.809
339.853 410.013
340.118 347.217
340.382 432.420
340.646 455.622
340.910 297.824
341.174 314.025
341.439 349.226
341.703 352.427
341.967 306.626
342.231 305.826
342.495 326.025
342.759 411.223
343.024 376.421
343.288 507.618
343.552 428.815
343.816 225.012
344.080 302.207
344.345 397.403
344.609 288.598
344.873 242.792
345.137 366.986
345.401 407.179
345.666 236.372
345.930 360.565
346.194 451.757
346.458 335.948
346.722 327.139
346.987 334.330
347.251 434.520
347.515 553.710
347.779 420.899
348.043 373.088
348.308 359.276
348.572 266.463
348.836 217.651
349.100 312.837
349.364 276.024
349.628 256.210
349.893 328.395
350.157 451.580
350.421 396.764
350.685 342.948
350.949 313.132
351.214 232.315
351.478 317.498
351.742 377.680
352.006 393.862
352.270 397.043
352.535 326.224
352.799 320.404
353.063 421.584
353.327 367.764
353.591 229.943
353.856 296.121
354.120 379.299
354.384 456.477
354.648 496.654
354.912 458.831
355.177 414.008
355.441 307.184
355.705 456.359
355.969 489.534
356.233 412.709
356.497 371.883
356.762 391.057
357.026 391.230
357.290 368.403
357.554 381.576
357.818 392.748
358.083 391.920
358.347 325.091
358.611 364.262
358.875 442.432
359.139 349.602
359.404 284.772
359.668 411.941
359.932 431.110
360.196 485.278
360.460 345.446
360.725 311.614
360.989 433.781
361.253 578.948
361.517 468.114
361.781 463.280
362.046 499.445
362.310 488.610
362.574 455.775
362.838 339.939
363.102 354.103
363.366 401.267
363.631 351.430
363.895 356.592
364.159 405.755
364.423 408.917
364.687 427.078
364.952 447.239
365.216 479.400
365.480 412.560
365.747 332.720
366.013 364.880
366.280 349.039
366.546 392.198
366.813 395.356
367.079 475.514
367.346 480.672
367.612 408.829
367.879 398.986
368.145 427.142
368.412 391.298
368.678 300.454
368.945 404.609
369.211 400.764
369.478 428.919
369.744 396.073
370.011 370.227
370.278 344.381
370.544 370.534
370.811 432.686
371.077 413.839
371.344 393.991
371.610 407.143
371.877 379.294
372.143 426.445
372.410 505.595
372.676 484.746
372.943 464.895
373.209 465.045
373.476 353.194
373.742 300.343
374.009 444.491
374.276 479.639
374.542 456.787
374.809 374.934
375.075 264.081
375.342 225.228
375.608 271.374
375.875 301.520
376.141 453.666
376.408 461.811
376.674 475.956
376.941 445.101
377.207 411.245
377.474 719.389
377.740 615.532
378.007 337.675
378.273 404.818
378.540 437.961
378.807 351.103
379.073 364.245
379.340 361.386
379.606 359.527
379.873 352.668
380.139 434.809
380.406 429.949
380.672 371.089
380.939 311.228
381.205 243.367
381.472 241.506
381.738 251.645
382.005 378.783
382.271 398.921
382.538 386.058
382.804 480.196
383.071 400.333
383.338 389.469
383.604 405.605
383.871 481.741
384.137 496.877
384.404 443.012
384.670 393.147
384.937 364.282
385.203 380.416
385.470 405.550
385.736 418.684
386.003 368.817
386.269 396.950
386.536 393.083
386.802 383.216
387.069 452.348
387.336 532.480
387.602 468.611
387.869 322.743
388.135 317.873
388.402 249.004
388.668 340.134
388.935 470.264
389.201 589.394
389.468 515.524
389.734 488.653
390.001 457.782
390.267 379.910
390.534 423.038
390.800 392.166
391.067 442.294
391.333 437.421
391.600 396.548
391.867 430.675
392.133 424.801
392.400 331.928
392.666 281.053
392.933 451.179
393.199 511.304
393.466 395.429
393.732 379.554
393.999 453.678
394.265 477.802
394.532 425.926
394.798 426.050
395.065 399.173
395.331 412.296
395.598 407.419
395.864 422.541
396.131 494.663
396.398 473.785
396.664 537.907
396.931 608.028
397.197 668.149
397.464 593.270
397.730 679.390
397.997 723.511
398.263 672.631
398.530 674.750
398.796 757.870
399.063 757.989
399.329 720.108
399.596 847.226
399.862 779.344
400.129 840.462
400.396 872.580
400.662 743.698
400.929 715.815
401.195 765.932
401.462 863.049
401.728 949.165
401.995 1027.281
402.261 1073.397
402.528 1084.513
402.794 1178.628
403.061 1379.743
403.327 1557.858
403.594 1561.973
403.860 1623.087
404.127 1807.201
404.393 2105.315
404.660 2315.428
404.931 2472.542
405.202 2570.655
405.473 2606.768
405.745 2848.880
406.016 3114.992
406.287 3001.104
406.558 3091.216
406.829 3327.328
407.100 3211.439
407.371 3522.550
407.642 3684.661
407.914 3440.771
408.185 3429.882
408.456 3432.992
408.727 3564.101
408.998 3612.211
409.269 3678.320
409.540 3711.429
409.811 3327.538
410.083 3282.647
410.354 3238.755
410.625 3047.863
410.896 2968.971
411.167 2957.078
411.438 2814.186
411.709 2586.293
411.981 2568.400
412.252 2297.506
412.523 2088.613
412.794 2116.719
413.065 1997.825
413.336 1729.931
413.607 1683.036
413.878 1618.141
414.150 1457.246
414.421 1214.351
414.692 1130.456
414.963 1053.560
415.234 1119.664
415.505 997.768
415.776 1001.871
416.047 942.975
416.319 825.078
416.590 695.181
416.861 565.284
417.132 636.386
417.403 644.488
417.674 548.590
417.945 459.692
418.217 459.794
418.488 551.895
418.759 441.996
419.030 434.097
419.301 462.198
419.572 533.298
419.843 545.399
420.114 441.499
420.386 457.598
420.657 512.698
420.928 415.797
421.199 420.896
421.470 428.995
421.741 361.094
422.012 401.193
422.283 360.291
422.555 355.389
422.826 453.487
423.097 527.584
423.368 479.682
423.639 360.779
423.910 403.876
424.181 379.973
424.453 365.070
424.724 566.166
424.995 570.262
425.266 453.358
425.537 373.454
425.808 451.549
426.079 496.645
426.350 481.740
426.622 429.835
426.893 452.929
427.164 411.024
427.435 406.118
427.706 385.212
427.977 412.306
428.248 365.400
428.519 414.494
428.791 407.587
429.062 480.680
429.333 373.773
429.604 370.866
429.875 473.958
430.146 520.050
430.417 492.142
430.689 444.234
430.960 350.326
431.231 346.418
431.502 426.509
431.773 490.600
432.044 419.691
432.315 576.782
432.586 573.872
432.858 548.963
433.129 404.053
433.400 409.143
433.671 472.232
433.942 396.322
434.213 326.411
434.484 388.501
434.755 441.590
435.027 330.678
435.298 387.767
435.569 476.855
435.840 402.944
436.116 391.032
436.391 425.120
436.667 452.207
436.942 495.295
437.218 538.382
437.493 568.469
437.769 611.556
438.045 557.643
438.320 544.730
438.596 543.816
438.871 476.902
439.147 466.988
439.422 438.074
439.698 395.160
439.974 395.245
440.249 524.331
440.525 552.416
440.800 358.501
441.076 442.585
441.351 551.670
441.627 602.754
441.903 557.839
442.178 419.923
442.454 478.007
442.729 627.090
443.005 468.174
443.281 515.257
443.556 604.340
443.832 514.423
444.107 437.506
444.383 438.589
444.658 455.671
444.934 439.754
445.210 561.836
445.485 623.918
445.761 657.000
446.036 588.081
446.312 599.163
446.587 592.244
446.863 467.325
447.139 515.406
447.414 549.487
447.690 562.568
447.965 600.648
448.241 556.728
448.516 563.809
448.792 577.888
449.068 540.968
449.343 599.048
449.619 512.127
449.894 550.207
450.170 598.286
450.445 717.365
450.721 676.444
450.997 507.522
451.272 608.601
451.548 555.679
451.823 517.757
452.099 633.835
452.375 606.913
452.650 561.991
452.926 638.068
453.201 653.146
453.477 844.223
453.752 747.300
454.028 552.377
454.304 631.454
454.579 664.530
454.855 628.606
455.130 661.683
455.406 767.759
455.681 682.835
455.957 555.911
456.233 530.986
456.508 518.062
456.784 545.137
457.059 511.212
457.335 625.287
457.610 572.362
457.886 592.437
458.162 562.511
458.437 531.586
458.713 554.660
458.988 499.734
459.264 548.808
459.539 595.882
459.815 523.956
460.091 475.029
460.366 487.103
460.642 443.176
460.917 523.249
461.193 514.322
461.468 446.395
461.744 468.467
462.020 435.540
462.295 507.612
462.571 511.684
462.846 507.756
463.122 577.828
463.397 565.900
463.673 501.470
463.949 495.547
464.224 475.639
464.500 537.648
464.775 462.257
465.051 451.425
465.327 487.910
465.602 562.344
465.878 599.939
466.153 484.640
466.429 565.115
466.704 742.265
466.980 607.820
467.256 589.889
467.531 628.588
467.807 582.193
468.082 565.228
468.358 514.682
468.633 557.466
468.909 490.266
469.185 451.632
469.460 617.146
469.736 665.167
470.011 467.855
470.287 471.477
470.562 586.407
470.838 459.923
471.114 488.739
471.389 514.060
471.665 491.392
471.940 544.590
472.216 510.245
472.491 362.907
472.767 424.195
473.043 599.719
473.318 615.000
473.594 512.659
473.869 511.214
474.145 457.365
474.421 409.619
474.696 455.465
474.972 440.721
475.247 455.508
475.523 584.439
475.798 584.083
476.074 526.528
476.350 577.511
476.625 560.837
476.901 530.322
477.176 500.317
477.452 446.974
477.727 453.144
478.003 320.635
478.279 499.563
478.554 656.132
478.830 580.568
479.105 533.769
479.381 504.895
479.656 451.207
479.932 533.894
480.208 537.467
480.483 533.954
480.759 596.708
481.034 491.119
481.310 450.778
481.585 499.328
481.861 566.932
482.137 491.902
482.412 511.591
482.688 492.554
482.963 505.162
483.239 578.866
483.514 465.702
483.790 520.833
484.066 676.219
484.341 591.773
484.617 486.559
484.892 501.572
485.168 558.349
485.443 439.565
485.719 401.852
485.995 477.505
486.270 501.869
486.546 487.088
486.821 460.442
487.097 416.158
487.373 466.103
487.648 593.197
487.924 561.208
488.199 359.341
488.475 231.698
488.750 275.420
489.026 462.207
489.302 450.489
489.577 466.772
489.853 438.949
490.128 520.300
490.404 474.839
490.679 380.964
490.955 545.849
491.231 589.895
491.506 535.735
491.782 457.963
492.057 394.950
492.333 461.543
492.608 448.880
492.884 497.861
493.160 361.910
493.435 364.637
493.711 483.321
493.986 427.077
494.262 446.179
494.537 455.059
494.813 507.574
495.089 390.251
495.364 381.466
495.640 430.638
495.915 428.729
496.191 551.676
496.467 515.823
496.742 464.647
497.018 511.030
497.293 475.548
497.569 553.148
497.844 510.735
498.120 540.494
498.396 518.804
498.671 476.674
498.947 592.916
499.222 588.591
499.498 545.450
499.773 584.312
500.049 597.496
500.325 537.269
500.600 605.399
500.876 605.059
501.151 755.777
501.427 808.799
501.702 796.602
501.978 756.456
502.254 791.267
502.529 658.735
502.805 761.165
503.080 840.616
503.356 728.502
503.631 676.767
503.907 665.034
504.183 668.125
504.458 762.309
504.734 670.591
505.009 685.812
505.285 642.026
505.560 590.875
505.836 609.746
506.112 664.455
506.387 582.525
506.663 541.545
506.938 527.443
507.214 465.818
507.490 488.633
507.765 568.919
508.041 575.027
508.316 581.134
508.592 538.727
508.867 572.443
509.143 629.206
509.419 593.078
509.694 525.741
509.970 531.812
510.245 445.714
510.521 549.319
510.796 451.919
511.072 392.030
511.348 470.064
511.623 482.079
511.899 479.698
512.174 568.647
512.450 616.744
512.725 565.207
513.001 419.009
513.277 400.822
513.552 550.278
513.828 497.960
514.103 494.564
514.379 606.541
514.654 509.924
514.930 507.007
515.206 770.543
515.481 670.493
515.757 497.828
516.032 446.509
516.308 546.272
516.583 611.153
516.859 587.616
517.135 625.638
517.410 676.949
517.686 703.235
517.961 697.452
518.237 687.418
518.513 701.623
518.788 947.607
519.064 940.033
519.339 882.051
519.615 863.872
519.890 869.836
520.166 938.409
520.442 1058.823
520.717 1058.869
520.993 1020.437
521.268 970.415
521.544 955.062
521.819 888.912
522.095 974.477
522.371 1071.383
522.646 1090.605
522.922 1190.180
523.197 1092.525
523.473 1105.878
523.748 1083.914
524.024 963.385
524.300 925.153
524.575 924.241
524.851 1001.798
525.126 1030.522
525.402 1021.983
525.677 1055.521
525.953 1015.359
526.229 922.670
526.504 910.200
526.780 1050.866
527.055 1042.346
527.331 1084.496
527.606 1068.337
527.882 1047.263
528.158 969.766
528.433 1083.956
528.709 966.917
528.984 868.113
529.260 846.749
529.535 858.468
529.811 761.489
530.087 714.876
530.362 662.621
530.638 706.301
530.913 739.529
531.189 770.209
531.465 655.388
531.740 602.924
532.016 657.709
532.291 650.983
532.567 635.815
532.842 611.633
533.118 660.766
533.394 734.267
533.669 636.517
533.945 491.618
534.220 483.879
534.496 615.844
534.771 612.588
535.047 632.741
535.323 655.863
535.598 689.412
535.874 769.230
536.149 871.686
536.425 905.850
536.700 1018.417
536.976 1207.711
537.252 1380.676
537.527 1377.163
537.803 1532.412
538.078 1787.649
538.354 1997.131
538.629 2118.233
538.905 2246.228
539.181 2346.362
539.456 2472.637
539.732 2697.232
540.007 2714.056
540.283 2551.760
540.558 2596.667
540.834 2734.388
541.110 2650.999
541.385 2637.179
541.661 2686.726
541.936 2671.591
542.212 2585.409
542.488 2561.664
542.763 2762.895
543.039 2761.709
543.314 2594.092
543.590 2652.320
543.865 2673.216
544.141 2595.799
544.417 2523.348
544.692 2486.646
544.968 2578.047
545.243 2595.562
545.519 2420.235
545.794 2484.311
546.070 2621.529
546.348 2549.552
546.627 2426.780
546.905 2631.225
547.183 2768.046
547.461 2842.565
547.740 2965.743
548.018 2977.678
548.296 2924.115
548.575 2959.905
548.853 3014.563
549.131 3120.859
549.409 3294.390
549.688 3410.502
549.966 3518.676
550.244 3572.287
550.523 3516.259
550.801 3634.599
551.079 3813.042
551.357 3967.384
551.636 3979.313
551.914 4025.744
552.192 4123.416
552.471 4334.830
552.749 4417.953
553.027 4440.219
553.306 4677.779
553.584 5015.084
553.862 5268.546
554.140 5331.452
554.419 5294.278
554.697 5402.053
554.975 5483.890
555.254 5482.477
555.532 5195.911
555.810 5226.977
556.088 5316.154
556.367 4995.841
556.645 4727.400
556.923 4497.865
557.202 4370.111
557.480 4126.099
557.758 3761.320
558.036 3627.506
558.315 3288.477
558.593 3060.053
558.871 2825.821
559.150 2497.691
559.428 2281.031
559.706 2055.252
559.984 1903.691
560.263 1900.927
560.541 1734.648
560.819 1535.006
561.098 1408.052
561.376 1371.549
561.654 1186.970
561.932 1002.393
562.211 1044.691
562.489 1031.278
562.767 927.637
563.046 778.707
563.324 700.260
563.602 737.472
563.880 698.412
564.159 750.271
564.437 808.072
564.715 679.324
564.994 530.606
565.272 623.732
565.550 624.127
565.828 542.228
566.107 606.939
566.385 588.928
566.663 499.146
566.942 530.400
567.220 584.229
567.498 666.556
567.776 514.668
568.055 473.356
568.333 586.852
568.611 635.223
568.890 531.212
569.168 469.530
569.446 547.313
569.725 533.821
570.003 431.440
570.281 429.957
570.559 524.769
570.838 528.215
571.116 554.924
571.394 612.129
571.673 643.794
571.951 572.609
572.229 575.555
572.507 640.289
572.786 592.307
573.064 565.654
573.342 601.715
573.621 493.655
573.899 549.299
574.177 683.658
574.455 650.147
574.734 591.130
575.012 624.432
575.290 578.064
575.569 566.900
575.847 643.054
576.125 639.163
576.403 553.380
576.682 580.506
576.960 636.856
577.243 667.759
577.527 577.810
577.810 469.469
578.093 479.827
578.377 500.572
578.660 500.605
578.944 508.544
579.227 515.525
579.510 582.471
579.794 558.281
580.077 504.242
580.360 545.450
580.644 511.268
580.927 483.977
581.210 540.670
581.494 486.003
581.777 540.279
582.061 524.914
582.344 499.548
582.627 482.631
582.911 519.554
583.194 465.215
583.477 518.142
583.761 586.039
584.044 655.932
584.327 626.650
584.611 598.710
584.894 584.757
585.178 483.890
585.461 514.891
585.744 589.849
586.028 483.471
586.311 487.503
586.594 517.536
586.878 488.568
587.161 516.600
587.444 588.632
587.728 595.664
588.011 609.696
588.295 491.728
588.578 558.202
588.861 648.144
589.145 538.824
589.428 544.400
589.711 479.887
589.995 464.454
590.278 619.331
590.562 591.982
590.845 515.498
591.128 584.875
591.412 577.921
591.695 555.552
591.978 680.777
592.262 576.594
592.545 427.918
592.828 596.041
593.112 515.717
593.395 432.996
593.679 416.659
593.962 592.985
594.245 517.799
594.529 483.003
594.812 473.608
595.095 429.333
595.379 555.621
595.662 589.007
595.945 521.919
596.229 493.653
596.512 458.053
596.796 508.091
597.079 587.816
597.362 648.242
597.646 625.870
597.929 539.847
598.212 523.533
598.496 565.065
598.779 622.779
599.062 722.513
599.346 613.954
599.629 491.090
599.913 479.799
600.196 512.340
600.479 566.984
600.763 579.394
601.046 457.340
601.329 526.717
601.613 651.105
601.896 538.057
602.179 567.027
602.463 531.693
602.746 537.615
603.030 621.141
603.313 565.605
603.596 452.778
603.880 522.951
604.163 573.960
604.446 504.866
604.730 427.520
605.013 538.676
605.296 626.401
605.580 523.589
605.863 598.055
606.147 555.967
606.430 482.538
606.713 550.587
606.997 570.744
607.280 657.297
607.563 558.500
607.847 501.286
608.130 542.452
608.414 628.055
608.697 556.655
608.980 517.071
609.264 579.371
609.547 514.188
609.830 533.805
610.114 538.730
610.397 544.634
610.680 534.344
610.964 545.223
611.247 580.545
611.531 532.075
611.814 471.258
612.097 472.267
612.381 558.106
612.664 643.078
612.947 523.380
613.231 465.507
613.514 462.062
613.797 508.259
614.081 525.968
614.364 505.366
614.648 518.163
614.931 428.800
615.214 357.117
615.498 452.874
615.781 524.213
616.064 498.649
616.348 565.606
616.631 543.530
616.914 607.982
617.198 553.436
617.481 479.571
617.765 511.629
618.048 527.955
618.331 451.970
618.615 420.823
618.898 543.379
619.181 576.015
619.465 508.362
619.748 477.726
620.031 473.275
620.315 480.708
620.598 509.981
620.882 535.340
621.165 707.867
621.448 690.995
621.732 611.112
622.015 510.641
622.298 500.718
622.582 580.087
622.865 528.745
623.148 482.817
623.432 526.853
623.715 438.791
623.999 635.285
624.282 628.921
624.565 623.170
624.849 485.370
625.132 433.955
625.415 676.925
625.699 740.198
625.982 610.052
626.265 553.678
626.549 551.125
626.832 632.969
627.116 603.702
627.399 499.688
627.682 985.602
627.966 799.338
628.249 524.918
628.532 477.180
628.816 643.751
629.099 636.117
629.383 567.438
629.666 544.352
629.949 517.850
630.233 515.852
630.516 569.844
630.799 611.274
631.083 550.319
631.366 486.268
631.649 449.092
631.933 427.129
632.216 555.243
632.500 597.029
632.783 617.645
633.066 598.061
633.350 595.386
633.633 670.125
633.916 666.610
634.200 600.479
634.483 622.916
634.766 688.012
635.050 646.070
635.333 574.118
635.617 618.636
635.900 719.856
636.183 756.360
636.467 728.258
636.750 761.813
637.033 798.629
637.317 786.050
637.600 790.973
637.883 850.347
638.167 835.501
638.450 820.851
638.734 839.600
639.017 913.593
639.300 953.878
639.584 939.912
639.867 1055.930
640.150 1067.178
640.434 1153.263
640.717 1189.591
641.000 1168.118
641.284 1255.056
641.567 1237.543
641.851 1332.360
642.134 1516.353
642.417 1572.902
642.701 1749.326
642.984 1899.115
643.267 1997.263
643.551 2090.918
643.834 2259.723
644.117 2536.656
644.401 2904.566
644.684 3360.071
644.968 3927.905
645.251 4322.929
645.534 4687.867
645.818 5235.731
646.101 5853.815
646.384 6605.949
646.668 7307.380
646.951 8043.552
647.235 8752.261
647.518 9429.915
647.801 10423.358
648.085 11160.071
648.368 11760.807
648.651 12178.122
648.935 12777.349
649.218 13696.392
649.501 14435.053
649.785 15242.574
650.068 16254.375
650.352 17242.361
650.635 18215.201
650.918 19310.980
651.202 20230.293
651.485 20928.539
651.768 21644.272
652.052 22370.636
652.335 22848.920
652.618 23099.275
652.902 23576.646
653.185 23936.430
653.469 24049.141
653.752 24098.676
654.035 24377.626
654.319 24440.639
654.602 24593.750
654.885 24415.873
655.169 24452.892
655.452 24244.160
655.735 24342.973
656.019 24537.276
656.302 24398.143
656.586 24394.971
656.869 24864.178
657.152 24750.701
657.436 24697.711
657.719 24897.630
658.002 25345.375
658.286 25489.180
658.569 25554.519
658.852 25581.897
659.136 26073.456
659.419 26183.123
659.703 26229.845
659.986 26635.959
660.269 26542.667
660.553 26106.162
660.836 26205.777
661.119 26136.694
661.403 26012.758
661.686 25757.426
661.969 25520.419
662.253 24872.554
662.536 24168.308
662.820 23604.093
663.103 22866.793
663.386 22110.222
663.670 21568.662
663.953 20333.727
664.236 19560.024
664.520 18788.009
664.803 17912.650
665.086 16822.679
665.370 16173.078
665.653 15270.364
665.937 14584.047
666.220 13712.872
666.503 12588.147
666.787 11735.227
667.070 11057.881
667.353 10341.439
667.637 9490.869
667.920 8852.960
668.204 8048.870
668.487 7193.347
668.770 6591.732
669.054 5927.802
669.337 5389.524
669.620 4869.667
669.904 4480.819
670.187 4141.881
670.470 3934.904
670.754 3566.557
671.037 3234.404
671.321 2957.372
671.604 2944.057
671.887 2901.033
672.171 2716.816
672.454 2595.450
672.737 2515.748
673.021 2321.426
673.304 2250.935
673.587 2238.636
673.871 2155.815
674.154 2053.873
674.438 2019.006
674.721 1965.584
675.004 1832.853
675.288 1716.619
675.571 1648.376
675.854 1540.261
676.138 1476.921
676.421 1416.547
676.704 1311.626
676.988 1358.797
677.271 1481.089
677.555 1407.150
677.838 1286.178
678.121 1208.424
678.405 1072.230
678.688 1149.890
678.971 1003.956
679.255 1052.732
679.538 1103.582
679.821 1103.603
680.105 999.889
680.388 916.836
680.672 853.360
680.955 864.815
681.238 882.385
681.522 841.987
681.805 836.299
682.088 879.198
682.372 921.846
682.655 845.584
682.938 859.174
683.222 822.660
683.505 804.731
683.789 819.381
684.072 729.537
684.355 706.875
684.639 711.070
684.922 644.285
685.205 644.305
685.489 714.262
685.772 761.006
686.056 767.052
686.339 786.946
686.622 675.720
686.906 623.548
687.189 722.733
687.472 793.734
687.756 704.292
688.039 634.066
688.322 576.674
688.606 707.174
688.889 691.537
689.173 589.260
689.456 711.409
689.739 759.445
690.023 670.039
690.306 704.470
690.589 629.797
690.873 645.810
691.156 666.642
691.439 629.200
691.723 599.043
692.006 617.394
692.290 542.326
692.573 583.319
692.856 659.849
693.140 636.034
693.423 613.656
693.706 604.984
693.990 577.899
694.273 527.734
694.556 691.295
694.840 811.669
695.123 710.643
695.407 641.817
695.690 594.170
695.973 638.100
696.257 629.223
696.540 779.829
696.830 715.326
697.120 662.929
697.410 670.481
697.699 643.145
697.989 791.070
698.279 689.336
698.569 600.533
698.859 665.101
699.149 711.817
699.439 621.220
699.729 530.809
700.018 513.480
700.308 582.292
700.598 503.819
700.888 452.505
701.178 582.013
701.468 513.489
701.758 440.038
702.048 511.450
702.337 486.707
702.627 546.288
702.917 477.688
703.207 407.258
703.497 496.403
703.787 452.706
704.077 455.191
704.366 497.467
704.656 417.748
704.946 403.512
705.236 433.097
705.526 544.459
705.816 627.310
706.106 445.247
706.396 451.793
706.685 440.534
706.975 376.996
707.265 358.426
707.555 532.939
707.845 551.721
708.135 442.720
708.425 352.491
708.715 414.183
709.004 574.858
709.294 551.159
709.584 507.683
709.874 530.382
710.164 552.095
710.454 499.844
710.744 469.752
711.034 497.905
711.323 531.391
711.613 475.305
711.903 569.250
712.193 599.748
712.483 468.005
712.773 475.888
713.063 468.101
713.352 511.275
713.642 519.089
713.932 543.459
714.222 498.600
714.512 465.057
714.802 462.302
715.092 533.055
715.382 453.703
715.671 428.712
715.961 433.683
716.251 402.870
716.541 443.885
716.831 508.858
717.121 411.533
717.411 482.532
717.701 528.481
717.990 455.769
718.280 461.600
718.570 432.963
718.860 396.306
719.150 428.219
719.440 380.116
719.730 415.834
720.019 611.063
720.309 520.927
720.599 436.893
720.889 436.788
721.179 480.823
721.469 511.950
721.759 455.889
722.049 495.214
722.338 434.827
722.628 508.685
722.918 499.575
723.208 518.820
723.498 429.413
723.788 469.303
724.078 612.725
724.368 583.064
724.657 453.424
724.947 441.340
725.237 521.897
725.527 570.175
725.817 464.530
726.107 422.373
726.397 426.257
726.686 383.719
726.976 410.814
727.266 507.541
727.556 444.694
727.846 539.041
728.136 575.285
728.426 476.609
728.716 386.508
729.005 489.237
729.295 434.988
729.585 330.023
729.875 341.995
730.165 432.546
730.455 468.449
730.745 446.589
731.035 476.701
731.324 564.219
731.614 519.449
731.904 449.027
732.194 506.379
732.484 472.840
732.774 467.991
733.064 419.368
733.354 325.025
733.643 446.967
733.933 504.051
734.223 445.587
734.513 530.397
734.803 571.905
735.093 469.481
735.383 446.517
735.672 504.149
735.962 529.613
736.252 376.617
736.542 414.588
736.832 405.788
737.122 387.574
737.412 439.549
737.702 506.728
737.991 507.724
738.281 475.305
738.571 440.472
738.861 456.118
739.151 436.448
739.441 481.264
739.731 408.516
740.021 488.154
740.310 547.821
740.600 542.454
740.890 401.498
741.180 428.959
741.470 498.076
741.760 560.282
742.050 618.539
742.339 508.996
742.629 424.936
742.919 534.743
743.209 385.020
743.499 400.252
743.789 449.178
744.079 428.400
744.369 481.403
744.658 439.756
744.948 310.622
745.238 482.401
745.528 534.943
745.818 606.917
746.108 549.392
746.398 460.577
746.688 452.647
746.977 582.751
747.267 495.377
747.557 571.431
747.847 603.255
748.137 480.486
748.427 436.719
748.717 386.372
749.006 309.385
749.296 427.237
749.586 428.817
749.876 493.003
750.166 436.244
750.456 464.610
750.746 513.990
751.036 441.150
751.325 523.001
751.615 465.595
751.905 416.659
752.195 512.089
752.485 466.104
752.775 457.575
753.065 386.519
753.355 536.683
753.644 554.715
753.934 496.159
754.224 507.712
754.514 637.754
754.804 423.487
755.094 321.194
755.384 377.377
755.674 473.680
755.963 554.938
756.253 527.397
756.543 570.011
756.833 590.266
757.123 573.623
757.413 496.827
757.703 450.610
757.992 387.307
758.282 495.366
758.572 523.013
758.862 468.756
759.152 499.926
759.442 455.261
759.732 501.963
760.022 586.399
760.311 502.496
760.601 355.628
760.891 460.270
761.181 516.103
761.471 535.750
761.761 441.641
762.051 433.598
762.341 586.093
762.630 606.838
762.920 488.020
763.210 484.494
763.500 472.942
763.793 409.511
764.086 458.870
764.379 428.241
764.671 527.852
764.964 495.673
765.257 477.578
765.550 500.731
765.843 389.858
766.136 401.968
766.429 376.780
766.722 405.619
767.014 402.206
767.307 335.152
767.600 379.476
767.893 368.783
768.186 376.861
768.479 458.527
768.772 581.525
769.064 510.974
769.357 455.085
769.650 483.782
769.943 528.626
770.236 519.576
770.529 401.161
770.822 443.513
771.115 533.244
771.407 578.195
771.700 570.136
771.993 574.765
772.286 504.572
772.579 518.189
772.872 436.549
773.165 438.578
773.457 505.124
773.750 498.583
774.043 372.461
774.336 428.406
774.629 463.845
774.922 441.118
775.215 389.667
775.508 436.227
775.800 401.596
776.093 508.760
776.386 513.292
776.679 440.307
776.972 485.637
777.265 650.806
777.558 665.255
777.850 535.956
778.143 513.858
778.436 490.243
778.729 463.632
779.022 522.942
779.315 473.708
779.608 357.138
779.900 365.191
780.193 443.596
780.486 451.195
780.779 426.683
781.072 386.188
781.365 471.844
781.658 471.326
781.951 406.078
782.243 445.357
782.536 506.504
782.829 507.521
783.122 473.397
783.415 518.070
783.708 518.083
784.001 484.996
784.293 531.147
784.586 612.791
784.879 545.669
785.172 454.045
785.465 440.484
785.758 482.580
786.051 511.651
786.344 548.640
786.636 637.290
786.929 487.152
787.222 445.012
787.515 434.123
787.808 425.276
788.101 412.301
788.394 561.165
788.686 680.058
788.979 617.750
789.272 559.203
789.565 520.733
789.858 455.875
790.151 404.395
790.444 369.442
790.737 369.823
791.029 398.039
791.322 528.790
791.615 490.389
791.908 484.387
792.201 498.886
792.494 487.434
792.787 529.789
793.079 606.102
793.372 530.809
793.665 532.347
793.958 489.487
794.251 484.514
794.544 526.872
794.837 634.089
795.130 534.400
795.422 507.493
795.715 467.625
796.008 437.165
796.301 475.151
796.594 483.130
796.887 540.911
797.180 527.504
797.472 430.806
797.765 373.988
798.058 462.273
798.351 459.755
798.644 400.943
798.937 378.023
799.230 444.391
799.523 684.128
799.815 646.254
800.108 404.989
800.401 382.070
800.694 541.145
800.987 486.779
801.280 482.768
801.573 522.740
801.865 536.737
802.158 472.341
802.451 427.442
802.744 432.444
803.037 463.393
803.330 461.870
803.623 562.219
803.915 588.178
804.208 386.979
804.501 487.865
804.794 527.917
805.087 472.401
805.380 403.218
805.673 354.778
805.966 470.906
806.258 453.353
806.551 528.572
806.844 492.439
807.137 537.166
807.430 443.265
807.723 443.276
808.016 573.810
808.308 596.102
808.601 517.607
808.894 455.280
809.187 470.855
809.480 483.472
809.773 418.675
810.066 438.222
810.359 538.373
810.651 520.298
810.944 351.438
811.237 379.049
811.530 499.141
811.825 469.354
812.119 364.956
812.414 302.404
812.709 438.074
813.003 511.847
813.298 460.784
813.593 503.269
813.887 451.152
814.182 610.293
814.476 609.909
814.771 589.615
815.066 505.373
815.360 411.375
815.655 401.224
815.950 435.214
816.244 491.176
816.539 537.041
816.834 528.897
817.128 588.631
817.423 613.527
817.718 692.107
818.012 520.914
818.307 260.146
818.602 371.837
818.896 500.949
819.191 492.225
819.486 454.115
819.780 497.380
820.075 615.033
820.369 560.474
820.664 404.750
820.959 518.633
821.253 558.560
821.548 462.198
821.843 502.629
822.137 519.795
822.432 510.472
822.727 505.802
823.021 493.815
823.316 578.981
823.611 564.498
823.905 484.897
824.200 433.807
824.495 492.751
824.789 557.108
825.084 543.887
825.379 454.810
825.673 502.820
825.968 612.890
826.262 525.626
826.557 550.693
826.852 554.365
827.146 503.421
827.441 489.113
827.736 539.537
828.030 479.547
828.325 349.538
828.620 514.092
828.914 567.785
829.209 420.864
829.504 587.812
829.798 578.113
830.093 479.204
830.388 454.902
830.682 391.075
830.977 496.167
831.271 552.908
831.566 412.530
831.861 399.154
832.155 393.347
832.450 470.404
832.745 565.382
833.039 492.734
833.334 401.269
833.629 477.084
833.923 480.264
834.218 406.504
834.513 411.893
834.807 413.252
835.102 324.581
835.397 369.706
835.691 432.175
835.986 474.000
836.281 409.934
836.575 400.737
836.870 460.511
837.164 453.151
837.459 416.585
837.754 476.165
838.048 422.312
838.343 380.620
838.638 421.613
838.932 469.590
839.227 420.181
839.522 439.696
839.816 454.934
840.111 439.673
840.406 425.385
840.700 555.695
840.995 621.403
841.290 643.221
841.584 579.635
841.879 632.336
842.174 572.942
842.468 491.905
842.763 371.210
843.057 472.776
843.352 459.918
843.647 446.360
843.941 503.013
844.236 509.537
844.531 550.894
844.825 530.964
845.120 615.633
845.415 593.001
845.709 529.714
846.004 580.502
846.299 457.456
846.593 588.903
846.888 567.942
847.183 462.131
847.477 480.722
847.772 527.729
848.066 526.067
848.361 470.329
848.656 489.121
848.950 505.107
849.245 613.247
849.540 509.139
849.834 624.281
850.129 633.035
850.424 498.297
850.718 509.225
851.013 586.248
851.308 537.366
851.602 551.154
851.897 627.232
852.192 737.169
852.486 590.016
852.781 497.243
853.076 603.783
853.370 598.527
853.665 623.709
853.959 560.652
854.254 517.834
854.549 681.264
854.843 561.685
855.138 520.600
855.433 582.309
855.727 672.158
856.022 559.545
856.317 510.391
856.611 509.252
856.906 458.166
857.201 518.201
857.495 630.027
857.790 617.043
858.085 549.291
858.379 526.384
858.674 458.692
858.969 467.063
859.263 457.790
859.558 469.504
859.852 423.427
860.147 478.430
860.442 593.811
860.736 408.874
861.031 537.846
861.326 631.633
861.620 471.817
861.915 611.823
862.210 616.301
862.504 519.702
862.799 605.982
863.094 615.341
863.388 466.486
863.683 455.396
863.978 460.388
864.272 469.955
864.567 517.803
864.861 490.550
865.156 432.205
865.451 402.178
865.745 517.619
866.040 567.091
866.335 593.739
866.629 578.734
866.924 502.091
867.219 488.790
867.513 535.809
867.808 510.240
868.103 426.114
868.397 445.935
868.692 487.468
868.987 473.867
869.281 449.860
869.576 510.641
869.871 576.205
870.165 490.167
870.460 399.050
870.754 442.004
871.049 430.223
871.344 527.399
871.638 562.371
871.933 488.366
872.228 482.973
872.522 468.280
872.817 522.229
873.112 653.353
873.406 531.449
873.701 596.824
873.996 598.591
874.290 498.796
874.585 447.350
874.880 488.632
875.174 479.486
875.469 486.760
875.764 458.307
876.058 429.908
876.353 380.829
876.647 318.763
876.942 371.248
877.237 450.574
877.531 494.140
877.826 496.537
878.121 466.612
878.415 488.969
878.710 448.762
879.005 525.427
879.299 438.181
879.594 403.499
879.889 346.736
880.183 362.041
880.478 428.386
880.773 427.594
881.067 465.948
881.362 465.089
881.656 407.766
881.951 429.618
882.246 385.038
882.540 403.691
882.835 396.152
883.130 419.671
883.424 404.790
883.719 336.416
884.014 421.192
884.308 424.459
884.603 366.089
884.898 370.537
885.192 473.425
885.487 477.949
885.782 428.017
886.076 527.974
886.371 526.136
886.666 358.855
886.960 352.269
887.255 381.504
887.549 384.405
887.844 496.119
888.139 543.820
888.433 522.397
888.728 406.912
889.023 444.219
889.317 490.425
889.612 376.623
889.907 392.226
890.201 477.189
890.496 503.300
890.791 465.760
891.085 437.113
891.380 432.707
891.675 448.114
891.969 459.606
892.264 365.006
892.559 408.545
892.853 484.818
893.148 415.981
893.442 427.590
893.737 479.121
894.032 388.838
894.326 374.749
894.621 416.166
894.916 350.402
895.210 339.528
895.505 404.039
895.800 380.531
896.094 343.679
896.389 403.704
896.684 434.987
896.978 410.779
897.273 390.293
897.568 455.326
897.862 468.114
898.157 385.893
898.451 489.782
898.746 478.285
899.041 495.544
899.335 472.522
899.630 364.792
899.925 434.450
900.219 500.887
900.514 556.797
900.809 386.582
901.103 272.226
901.398 424.098
901.693 388.728
901.987 391.756
902.282 475.118
902.577 351.977
902.871 315.128
903.166 409.975
903.461 465.705
903.755 464.341
904.050 445.883
904.344 338.073
904.639 377.239
904.934 387.459
905.228 372.875
905.523 366.677
905.818 369.057
906.112 464.559
906.407 436.524
906.702 364.988
906.996 398.089
907.291 461.608
907.586 419.112
907.880 490.198
908.175 494.287
908.470 496.112
908.764 496.577
909.059 482.458
909.354 455.061
909.648 424.433
909.943 444.532
910.237 511.226
910.532 542.418
910.827 583.671
911.121 543.847
911.416 478.677
911.711 451.111
912.005 496.148
912.300 485.078
912.599 480.880
912.898 439.259
913.196 449.765
913.495 495.227
913.794 549.129
914.093 491.059
914.391 451.049
914.690 466.311
914.989 442.477
915.288 551.213
915.586 498.980
915.885 408.161
916.184 363.906
916.483 348.903
916.782 416.296
917.080 508.408
917.379 462.292
917.678 449.539
917.977 538.723
918.275 560.999
918.574 507.575
918.873 464.379
919.172 486.203
919.471 410.653
919.769 413.741
920.068 410.718
920.367 356.009
920.666 390.045
920.964 448.119
921.263 387.333
921.562 368.783
921.861 487.964
922.159 439.451
922.458 438.488
922.757 466.040
923.056 462.008
923.355 439.866
923.653 536.837
923.952 509.458
924.251 418.431
924.550 537.077
924.848 501.127
925.147 410.454
925.446 429.717
925.745 489.227
926.043 482.241
926.342 456.721
926.641 404.185
926.940 430.483
927.239 499.194
927.537 533.542
927.836 424.305
928.135 468.784
928.434 556.126
928.732 487.996
929.031 482.337
929.330 518.205
929.629 501.806
929.927 494.608
930.226 446.451
930.525 476.382
930.824 565.471
931.123 539.010
931.421 550.630
931.720 509.301
932.019 561.310
932.318 557.319
932.616 516.413
932.915 493.897
933.214 541.588
933.513 522.738
933.812 511.919
934.110 532.484
934.409 573.437
934.708 488.040
935.007 658.422
935.305 683.155
935.604 514.984
935.903 566.872
936.202 628.013
936.500 688.756
936.799 783.025
937.098 684.879
937.397 603.809
937.696 584.115
937.994 588.069
938.293 580.704
938.592 510.421
938.891 576.232
939.189 652.126
939.488 688.504
939.787 831.053
940.086 727.849
940.384 673.418
940.683 675.838
940.982 636.725
941.281 660.789
941.580 823.379
941.878 865.344
942.177 688.214
942.476 599.073
942.775 564.524
943.073 491.302
943.372 465.665
943.671 640.162
943.970 749.045
944.268 671.456
944.567 588.613
944.866 651.489
945.165 736.679
945.464 679.755
945.762 520.521
946.061 628.101
946.360 690.148
946.659 754.526
946.957 727.056
947.256 714.024
947.555 681.301
947.854 697.298
948.153 627.379
948.451 561.034
948.750 644.532
949.049 647.475
949.348 794.138
949.646 784.370
949.945 720.886
950.244 756.736
950.543 661.861
950.841 565.006
951.140 575.281
951.439 489.840
951.738 444.296
952.037 548.481
952.335 721.017
952.634 740.097
952.933 596.933
953.232 567.358
953.530 409.375
953.829 589.488
954.128 660.612
954.427 647.001
954.725 742.416
955.024 721.287
955.323 719.678
955.622 541.095
955.921 480.518
956.219 586.098
956.518 504.041
956.817 504.020
957.116 534.787
957.414 549.413
957.713 449.423
958.012 377.679
958.311 460.910
958.610 621.287
958.908 622.762
959.207 587.089
959.506 555.877
959.805 560.176
960.103 586.789
960.402 542.432
960.701 464.378
961.000 457.796
961.298 519.583
961.597 614.775
961.896 574.777
962.195 498.343
962.494 528.776
962.792 512.673
963.091 487.350
963.390 482.454
963.689 474.360
963.987 516.916
964.286 568.535
964.585 592.012
964.884 504.409
965.182 431.577
965.481 714.063
965.780 805.676
966.080 648.485
966.380 601.609
966.680 529.523
966.981 525.759
967.281 605.668
967.581 537.445
967.881 492.675
968.181 547.053
968.481 548.983
968.781 503.343
969.082 422.550
969.382 507.034
969.682 568.000
969.982 579.573
970.282 612.005
970.582 493.855
970.882 439.993
971.183 568.940
971.483 502.312
971.783 521.098
972.083 589.811
972.383 581.750
972.683 566.802
972.983 574.780
973.284 453.860
973.584 422.503
973.884 480.677
974.184 485.896
974.484 488.937
974.784 430.910
975.084 408.681
975.385 457.989
975.685 575.656
975.985 508.469
976.285 470.241
976.585 510.480
976.885 475.450
977.185 466.320
977.486 455.249
977.786 478.515
978.086 567.451
978.386 593.693
978.686 458.945
978.986 394.362
979.286 416.368
979.587 474.374
979.887 422.381
980.187 422.387
980.487 398.393
980.787 471.399
981.087 458.405
981.387 582.411
981.688 495.417
981.988 343.424
982.288 409.430
982.588 497.436
982.888 496.442
983.188 448.448
983.488 537.454
983.789 583.460
984.089 491.466
984.389 418.472
984.689 405.478
984.989 399.484
985.289 464.490
985.589 543.496
985.890 477.503
986.190 394.509
986.490 475.515
986.790 541.521
987.090 421.527
987.390 460.533
987.690 538.539
987.991 426.545
988.291 410.551
988.591 435.557
988.891 401.563
989.191 434.569
989.491 541.575
989.791 478.581
990.092 482.587
990.392 513.592
990.692 462.598
990.992 523.604
991.292 390.610
991.592 417.616
991.892 467.622
992.193 584.628
992.493 573.634
992.793 473.640
993.093 445.646
993.393 442.652
993.693 467.658
993.993 543.664
994.294 560.669
994.594 487.675
994.894 459.681
995.194 461.687
995.494 458.693
995.794 444.699
996.094 389.705
996.395 471.710
996.695 531.716
996.995 402.722
997.295 383.728
997.595 413.734
997.895 382.740
998.195 357.745
998.496 417.751
998.796 362.757
999.096 545.763
999.396 544.769
999.696 534.774
999.996 510.780
1000.296 589.786
1000.597 579.792
1000.897 493.797
1001.197 547.803
1001.497 610.809
1001.797 445.815
1002.097 403.821
1002.397 473.826
1002.698 494.832
1002.998 568.838
1003.298 520.843
1003.598 422.849
1003.898 392.855
1004.198 523.861
1004.498 579.866
1004.799 527.872
1005.099 567.878
1005.399 536.883
1005.699 524.889
1005.999 509.895
1006.299 454.900
1006.599 679.906
1006.900 672.912
1007.200 503.917
1007.500 490.923
1007.800 499.929
1008.100 443.934
1008.400 392.940
1008.700 444.946
1009.001 434.951
1009.301 414.957
1009.601 565.962
1009.901 585.968
1010.201 512.974
1010.501 516.979
1010.801 636.985
1011.102 471.990
1011.402 456.996
1011.702 476.002
1012.002 449.007
1012.302 515.013
1012.602 520.018
1012.902 481.024
1013.203 505.029
1013.503 531.035
1013.803 503.040
1014.103 406.046
1014.403 483.051
1014.703 451.057
1015.003 399.063
1015.304 553.068
1015.604 566.074
1015.904 383.079
1016.204 390.085
1016.504 432.090
1016.804 404.096
1017.104 433.101
1017.405 462.106
1017.705 450.112
1018.005 444.117
1018.305 430.123
1018.605 404.128
1018.905 299.134
1019.205 309.139
1019.506 606.145
1019.806 632.150
1020.106 542.156
1020.406 550.161
1020.706 539.166
1021.006 526.172
1021.306 625.177
1021.607 510.183
1021.907 563.188
1022.207 532.193
1022.507 427.199
1022.807 430.204
1023.107 437.210
1023.407 404.215
1023.708 483.220
1024.008 459.226
1024.308 446.231
1024.608 450.236
1024.908 342.242
1025.208 470.247
1025.508 678.253
1025.809 594.258
1026.109 442.263
1026.409 584.269
1026.709 535.274
1027.009 460.279
1027.309 505.284
1027.609 431.290
1027.910 434.295
1028.210 533.300
1028.510 604.306
1028.810 726.311
1029.110 628.316
1029.410 547.322
1029.710 634.327
1030.011 620.332
1030.311 616.337
1030.611 501.343
1030.911 502.348
1031.211 549.353
1031.511 449.358
1031.811 595.364
1032.112 669.369
1032.412 554.374
1032.712 424.379
1033.012 489.385
1033.312 606.390
1033.612 594.395
1033.912 514.400
1034.212 468.405
1034.513 518.411
1034.813 464.416
1035.113 515.421
1035.413 432.426
1035.713 448.431
1036.013 525.437
1036.313 498.442
1036.614 558.447
1036.914 532.452
1037.214 429.457
1037.514 485.462
1037.814 452.468
1038.114 440.473
1038.414 481.478
1038.715 532.483
1039.015 446.488
1039.315 339.493
1039.615 466.498
1039.915 530.503
1040.215 520.509
1040.515 472.514
1040.816 473.519
1041.116 440.524
1041.416 410.529
1041.716 392.534
1042.016 369.539
1042.316 539.544
1042.616 499.549
1042.917 456.554
1043.217 429.559
1043.517 436.565
1043.817 527.570
1044.117 500.575
1044.417 466.580
1044.717 471.585
1045.018 493.590
1045.318 538.595
1045.618 564.600
1045.918 490.605
1046.218 365.610
1046.518 418.615
1046.818 453.620
1047.119 397.625
1047.419 535.630
1047.719 549.635
1048.019 482.640
1048.319 525.645
1048.619 487.650
1048.919 498.655
1049.220 491.660
1049.520 520.665
1049.820 447.670
1050.120 370.675
1050.420 504.680
1050.720 499.685
1051.020 539.690
1051.321 535.695
1051.621 596.700
1051.921 494.705
1052.221 407.709
1052.521 372.714
1052.821 351.719
1053.121 437.724
1053.422 534.729
1053.722 629.734
1054.022 515.739
1054.322 550.744
1054.622 478.749
1054.922 443.754
1055.222 519.759
1055.523 480.763
1055.823 507.768
1056.123 551.773
1056.423 489.778
1056.723 530.783
1057.023 471.788
1057.323 391.793
1057.624 444.798
1057.924 494.802
1058.224 539.807
1058.524 481.812
1058.824 554.817
1059.124 498.822
1059.424 422.827
1059.725 528.831
1060.025 459.836
1060.325 434.841
1060.625 401.846
1060.925 431.851
1061.225 455.855
1061.525 549.860
1061.826 475.865
1062.126 465.870
1062.426 536.875
1062.726 581.879
1063.026 547.884
1063.326 671.889
1063.626 592.894
1063.927 488.899
1064.227 487.903
1064.527 422.908
1064.827 562.913
1065.127 549.918
1065.427 384.922
1065.727 397.927
1066.028 534.932
1066.328 532.937
1066.628 392.941
1066.928 398.946
1067.228 427.951
1067.528 407.955
1067.828 402.960
1068.129 363.965
1068.429 516.970
1068.729 611.974
1069.029 477.979
1069.329 386.984
1069.629 483.988
1069.929 558.993
1070.230 616.998
1070.530 572.002
1070.830 485.007
1071.130 553.012
1071.430 492.016
1071.730 448.021
1072.030 525.026
1072.331 459.030
1072.631 473.035
1072.931 469.040
1073.231 485.044
1073.531 519.049
1073.831 490.054
1074.131 537.058
1074.432 636.063
1074.732 494.067
1075.032 412.072
1075.332 425.077
1075.632 435.081
1075.932 446.086
1076.232 409.090
1076.533 363.095
1076.833 515.100
1077.133 524.104
1077.433 464.109
1077.733 419.113
1078.033 479.118
1078.333 499.123
1078.634 505.127
1078.934 533.132
1079.234 455.136
1079.534 581.141
1079.834 622.145
1080.134 513.150
1080.434 516.154
1080.735 471.159
1081.035 442.164
1081.335 377.168
1081.635 407.173
1081.935 419.177
1082.235 448.182
1082.535 483.186
1082.836 506.191
1083.136 471.195
1083.436 525.200
1083.736 571.204
1084.036 490.209
1084.336 439.213
1084.636 468.218
1084.937 594.222
1085.237 624.227
1085.537 507.231
1085.837 537.236
1086.137 522.240
1086.437 547.245
1086.737 507.249
1087.038 506.253
1087.338 580.258
1087.638 592.262
1087.938 477.267
1088.238 364.271
1088.538 463.276
1088.838 528.280
1089.139 566.285
1089.439 418.289
1089.739 524.293
1090.039 529.298
1090.339 550.302
1090.639 494.307
1090.939 524.311
1091.240 449.316
1091.540 438.320
1091.840 458.324
1092.140 550.329
1092.453 568.333
1092.766 489.337
1093.079 417.342
1093.392 484.346
1093.705 493.351
1094.018 481.355
1094.330 593.359
1094.643 561.364
1094.956 589.368
1095.269 542.372
1095.582 536.377
1095.895 484.381
1096.208 465.386
1096.521 493.390
1096.834 485.394
1097.147 496.399
1097.460 529.403
1097.773 583.407
1098.085 456.412
1098.398 417.416
1098.711 443.420
1099.024 381.424
1099.337 485.429
1099.650 562.433
1099.963 543.437
1100.276 474.442
1100.589 477.446
1100.902 535.450
1101.215 560.455
1101.528 608.459
1101.841 482.463
1102.153 510.467
1102.466 566.472
1102.779 433.476
1103.092 437.480
1103.405 505.484
1103.718 444.489
1104.031 443.493
1104.344 554.497
1104.657 523.501
1104.970 731.506
1105.283 554.510
1105.596 438.514
1105.909 452.518
1106.221 506.523
1106.534 536.527
1106.847 437.531
1107.160 368.535
1107.473 394.540
1107.786 506.544
1108.099 436.548
1108.412 464.552
1108.725 504.556
1109.038 387.561
1109.351 505.565
1109.664 544.569
1109.977 430.573
1110.289 492.577
1110.602 499.582
1110.915 482.586
1111.228 482.590
1111.541 417.594
1111.854 425.598
1112.167 377.602
1112.480 381.607
1112.793 458.611
1113.106 436.615
1113.419 485.619
1113.732 492.623
1114.044 476.627
1114.357 539.631
1114.670 528.636
1114.983 460.640
1115.296 461.644
1115.609 520.648
1115.922 488.652
1116.235 513.656
1116.548 511.660
1116.861 477.664
1117.174 429.669
1117.487 487.673
1117.800 620.677
1118.112 480.681
1118.425 453.685
1118.738 410.689
1119.051 408.693
1119.364 437.697
1119.677 501.701
1119.990 451.705
1120.303 505.709
1120.616 591.713
1120.929 492.718
1121.242 523.722
1121.555 555.726
1121.868 573.730
1122.180 525.734
1122.493 386.738
1122.806 380.742
1123.119 484.746
1123.432 520.750
1123.745 469.754
1124.058 428.758
1124.371 480.762
1124.684 564.766
1124.997 492.770
1125.310 477.774
1125.623 457.778
1125.935 375.782
1126.248 452.786
1126.561 494.790
1126.874 455.794
1127.187 588.798
1127.500 595.802
1127.813 571.806
1128.126 522.810
1128.439 507.814
1128.752 585.818
1129.065 460.822
1129.378 322.826
1129.691 426.830
1130.003 486.834
1130.316 427.838
1130.629 395.842
1130.942 453.846
1131.255 448.850
1131.568 387.854
1131.881 457.858
1132.194 466.862
1132.507 482.866
1132.820 504.870
1133.133 486.874
1133.446 374.878
1133.759 546.881
1134.071 843.885
1134.384 638.889
1134.697 592.893
1135.010 634.897
1135.323 495.901
1135.636 403.905
1135.949 381.909
1136.262 368.913
1136.575 381.917
1136.888 457.921
1137.201 492.924
1137.514 440.928
1137.826 495.932
1138.139 493.936
1138.452 482.940
1138.765 655.944
1139.078 607.948
1139.391 571.952
1139.704 535.956
1140.017 551.959
1140.330 500.963
1140.643 465.967
1140.956 477.971
1141.269 503.975
1141.582 466.979
1141.894 443.983
1142.207 605.986
1142.520 526.990
1142.833 537.994
1143.146 488.998
1143.459 432.002
1143.772 464.006
1144.085 550.009
1144.398 459.013
1144.711 406.017
1145.024 403.021
1145.337 429.025
1145.650 475.028
1145.962 451.032
1146.275 486.036
1146.588 431.040
1146.901 526.044
1147.214 473.047
1147.527 402.051
1147.840 449.055
1148.153 474.059
1148.466 526.063
1148.779 517.066
1149.092 563.070
1149.405 466.074
1149.718 491.078
1150.030 567.081
1150.343 487.085
1150.656 392.089
1150.969 401.093
1151.282 534.097
1151.595 531.100
1151.908 502.104
1152.221 358.108
1152.534 338.112
1152.847 594.115
1153.160 504.119
1153.473 487.123
1153.785 518.126
1154.098 513.130
1154.411 531.134
1154.724 512.138
1155.037 615.141
1155.350 530.145
1155.663 517.149
1155.976 422.152
1156.289 468.156
1156.602 388.160
1156.915 360.164
1157.228 359.167
1157.541 434.171
1157.853 457.175
1158.166 507.178
1158.479 558.182
1158.792 486.186
1159.105 486.189
1159.418 546.193
1159.731 466.197
1160.044 441.200
1160.357 590.204
1160.670 509.208
1160.983 374.211
1161.296 461.215
1161.609 553.219
1161.921 501.222
1162.234 435.226
1162.547 300.230
1162.860 337.233
1163.173 384.237
1163.486 488.241
1163.799 513.244
1164.112 469.248
1164.425 475.252
1164.738 431.255
1165.051 385.259
1165.364 422.262
1165.676 474.266
1165.989 544.270
1166.302 475.273
1166.615 567.277
1166.928 571.280
1167.241 590.284
1167.554 566.288
1167.867 538.291
1168.180 500.295
1168.493 389.298
1168.806 459.302
1169.119 431.306
1169.432 521.309
1169.744 526.313
1170.057 515.316
1170.370 575.320
1170.683 532.324
1170.996 429.327
1171.309 457.331
1171.622 458.334
1171.935 443.338
1172.248 616.341
1172.561 574.345
1172.874 498.348
1173.187 540.352
1173.500 517.356
1173.812 506.359
1174.125 501.363
1174.438 513.366
1174.751 417.370
1175.064 412.373
1175.377 529.377
1175.690 441.380
1176.003 417.384
1176.316 494.387
1176.629 502.391
1176.942 475.394
1177.255 437.398
1177.567 375.401
1177.880 422.405
1178.193 537.408
1178.506 469.412
1178.819 512.415
1179.132 558.419
1179.445 413.422
1179.758 534.426
1180.071 506.429
1180.384 404.433
1180.697 420.436
1181.010 512.440
1181.323 624.443
1181.635 620.447
1181.948 574.450
1182.261 472.454
1182.574 412.457
1182.887 497.461
1183.200 623.464
1183.513 585.468
1183.826 471.471
1184.139 503.475
1184.452 513.478
1184.765 435.481
1185.078 362.485
1185.391 388.488
1185.703 418.492
1186.016 360.495
1186.329 357.499
1186.642 445.502
1186.955 523.505
1187.268 451.509
1187.581 507.512
1187.894 524.516
1188.207 482.519
1188.520 420.523
1188.833 459.526
1189.146 397.529
1189.459 349.533
1189.771 382.536
1190.084 522.540
1190.397 436.543
1190.710 495.546
1191.023 544.550
1191.336 507.553
1191.649 491.557
1191.962 465.560
1192.275 389.563
1192.588 497.567
1192.901 611.570
1193.214 517.573
1193.526 538.577
1193.839 517.580
1194.152 382.584
1194.465 438.587
1194.778 442.590
1195.091 436.594
1195.404 418.597
1195.717 488.600
1196.030 561.604
1196.343 501.607
1196.656 450.610
1196.969 474.614
1197.282 486.617
1197.594 466.620
1197.907 574.624
1198.220 551.627
1198.533 462.630
1198.846 410.634
1199.159 444.637
1199.472 452.640
1199.785 498.644
1200.098 366.647
1200.411 485.650
1200.724 453.654
1201.037 385.657
1201.350 389.660
1201.662 438.664
1201.975 499.667
1202.288 493.670
1202.601 180.673
