165.028 -12.379
165.288 -42.898
165.547 60.585
165.807 67.071
166.067 30.559
166.327 -26.951
166.587 -37.458
166.847 31.037
167.107 19.534
167.367 98.034
167.627 108.536
167.886 80.040
168.146 67.547
168.406 198.056
168.666 198.567
168.926 118.080
169.186 119.595
169.446 112.112
169.706 -10.368
169.966 12.153
170.225 33.677
170.485 101.202
170.745 167.730
171.005 238.259
171.265 130.791
171.525 91.324
171.785 9.860
172.045 -12.603
172.305 130.936
172.564 102.478
172.824 -23.980
173.084 63.565
173.344 50.112
173.604 78.660
173.864 135.210
174.124 131.762
174.384 95.315
174.644 82.870
174.903 164.427
175.163 220.986
175.423 248.546
175.683 145.107
175.943 171.671
176.203 79.236
176.463 65.802
176.723 30.370
176.983 70.939
177.242 61.510
177.502 179.082
177.762 233.656
178.022 75.231
178.282 85.808
178.542 68.386
178.802 88.965
179.062 104.546
179.322 232.128
179.581 209.711
179.841 82.295
180.101 188.881
180.361 174.468
180.621 115.056
180.881 90.645
181.141 59.236
181.401 67.827
181.661 93.420
181.920 221.014
182.180 182.609
182.440 57.205
182.700 27.802
182.960 66.400
183.220 104.999
183.480 243.599
183.740 147.201
184.000 20.803
184.259 -33.594
184.519 85.009
184.779 114.614
185.039 148.220
185.299 213.826
185.559 213.434
185.819 156.042
186.079 192.651
186.339 131.260
186.598 63.871
186.858 26.482
187.118 62.094
187.378 145.707
187.638 152.320
187.898 234.934
188.158 255.549
188.418 141.164
188.678 109.780
188.937 107.397
189.197 115.014
189.457 183.631
189.717 146.250
189.977 76.868
190.237 58.488
190.497 180.108
190.757 170.728
191.017 160.348
191.276 74.970
191.536 107.591
191.796 129.213
192.056 95.836
192.316 157.458
192.576 106.082
192.836 72.705
193.096 113.329
193.356 139.953
193.616 190.578
193.875 172.202
194.135 172.827
194.395 247.453
194.655 231.078
194.915 231.704
195.175 204.330
195.435 239.956
195.695 64.582
195.955 -46.791
196.214 96.835
196.474 205.462
196.734 191.089
196.994 194.716
197.254 230.343
197.514 188.970
197.774 207.597
198.034 165.224
198.294 108.852
198.553 115.479
198.813 96.106
199.073 6.734
199.333 34.361
199.593 220.988
199.853 220.615
200.113 250.242
200.373 259.870
200.633 118.497
200.892 61.123
201.152 12.750
201.412 58.377
201.672 160.003
201.932 322.630
202.192 292.256
202.452 182.882
202.712 129.508
202.972 140.133
203.231 244.759
203.491 196.384
203.751 177.009
204.011 213.633
204.271 265.258
204.531 130.882
204.791 111.506
205.051 165.129
205.311 214.753
205.570 182.376
205.830 190.998
206.090 114.621
206.350 220.243
206.610 322.864
206.870 196.485
207.130 179.106
207.390 212.727
207.650 211.347
207.909 208.966
208.169 208.586
208.429 175.205
208.689 86.823
208.949 196.441
209.209 279.058
209.469 136.675
209.729 102.292
209.989 141.908
210.248 96.523
210.508 294.138
210.768 257.753
211.028 145.367
211.288 237.980
211.548 208.593
211.808 187.205
212.068 303.817
212.328 323.428
212.587 302.039
212.847 211.649
213.107 258.258
213.367 226.867
213.627 167.475
213.887 197.083
214.147 154.690
214.407 177.296
214.667 176.902
214.926 327.507
215.186 277.112
215.446 244.715
215.706 147.318
215.966 134.921
216.226 186.522
216.486 185.124
216.746 219.724
217.006 273.323
217.265 186.922
217.525 118.520
217.785 218.118
218.045 265.715
218.305 180.311
218.565 129.906
218.825 213.500
219.085 305.094
219.345 159.687
219.604 109.279
219.864 222.870
220.124 277.461
220.384 231.051
220.644 199.640
220.904 130.228
221.164 151.815
221.424 167.402
221.684 158.988
221.943 202.573
222.203 268.157
222.463 190.740
222.723 129.323
222.983 160.904
223.243 172.485
223.503 225.065
223.763 168.644
224.023 150.222
224.282 258.799
224.542 289.376
224.802 300.951
225.062 252.526
225.322 315.100
225.582 254.673
225.842 211.245
226.102 228.816
226.362 211.386
226.621 259.955
226.881 149.523
227.141 186.091
227.401 277.657
227.661 221.223
227.921 296.788
228.181 225.351
228.441 206.914
228.701 342.476
228.960 327.037
229.220 155.597
229.480 138.156
229.740 264.714
230.000 391.271
230.260 226.827
230.520 130.382
230.780 142.937
231.040 193.490
231.299 161.042
231.559 167.593
231.819 209.144
232.079 291.693
232.339 326.241
232.599 192.789
232.859 258.335
233.119 316.880
233.379 202.425
233.638 222.968
233.898 320.511
234.158 292.052
234.418 213.592
234.678 275.132
234.938 296.670
235.198 175.208
235.458 136.744
235.718 214.279
235.978 223.814
236.237 234.347
236.497 271.879
236.757 310.410
237.017 277.941
237.277 232.470
237.537 183.998
237.797 165.525
238.057 242.051
238.317 212.576
238.576 142.100
238.836 223.623
239.096 308.145
239.356 273.666
239.616 223.186
239.876 249.705
240.136 237.223
240.396 307.739
240.656 337.255
240.915 257.770
241.175 253.283
241.435 156.796
241.695 222.308
241.955 357.818
242.215 402.327
242.475 330.836
242.735 181.343
242.995 251.849
243.254 280.355
243.514 212.859
243.774 113.362
244.034 186.864
244.294 369.365
244.554 297.865
244.814 251.364
245.074 123.861
245.334 161.358
245.593 210.854
245.853 230.349
246.113 196.842
246.373 304.335
246.633 343.826
246.893 288.316
247.153 224.806
247.413 265.294
247.673 281.781
247.932 233.267
248.192 237.752
248.452 308.236
248.712 304.719
248.972 215.201
249.232 359.682
249.492 277.162
249.752 150.641
250.012 290.118
250.271 239.595
250.531 299.070
250.791 416.545
251.051 384.018
251.311 299.490
251.571 161.962
251.831 244.432
252.091 326.901
252.351 290.369
252.610 275.836
252.870 313.302
253.130 313.767
253.390 276.231
253.650 330.694
253.911 308.155
254.172 336.616
254.433 281.076
254.694 224.534
254.955 300.992
255.216 293.448
255.477 363.904
255.738 296.358
255.999 235.811
256.261 365.264
256.522 353.715
256.783 313.165
257.044 238.614
257.305 189.062
257.566 157.509
257.827 139.955
258.088 225.400
258.349 214.844
258.610 304.287
258.871 376.729
259.132 381.169
259.393 265.609
259.654 150.048
259.915 138.485
260.176 230.922
260.437 316.357
260.698 239.792
260.959 262.225
261.221 344.658
261.482 354.089
261.743 377.520
262.004 290.949
262.265 400.377
262.526 355.805
262.787 219.231
263.048 205.656
263.309 205.080
263.570 322.504
263.831 343.926
264.092 284.347
264.353 187.767
264.614 390.186
264.875 335.604
265.136 191.022
265.397 344.438
265.658 410.853
265.919 484.267
266.181 464.680
266.442 305.092
266.703 223.503
266.964 193.913
267.225 234.322
267.486 266.730
267.747 302.137
268.008 353.543
268.269 411.948
268.530 420.352
268.791 359.755
269.052 335.157
269.313 283.558
269.574 244.958
269.835 276.357
270.096 321.755
270.357 348.153
270.618 286.549
270.879 245.944
271.141 320.338
271.402 268.731
271.663 196.123
271.924 285.515
272.185 309.905
272.446 318.294
272.707 285.683
272.968 219.070
273.229 244.456
273.490 293.842
273.751 270.226
274.012 313.610
274.273 362.992
274.534 327.374
274.795 291.754
275.056 325.134
275.317 243.513
275.578 142.890
275.839 222.267
276.101 268.643
276.362 245.018
276.623 263.392
276.884 337.765
277.145 354.137
277.406 356.508
277.667 263.878
277.928 246.248
278.189 395.616
278.450 347.983
278.711 320.350
278.972 357.715
279.233 271.080
279.494 342.444
279.755 480.807
280.016 481.168
280.277 335.529
280.538 340.889
280.799 274.249
281.061 289.607
281.322 247.964
281.583 199.320
281.844 197.676
282.105 249.030
282.366 329.384
282.627 271.737
282.888 342.089
283.149 379.440
283.410 277.790
283.671 289.139
283.932 314.487
284.193 183.835
284.454 231.181
284.715 319.527
284.976 277.871
285.237 366.215
285.498 506.558
285.759 448.900
286.021 446.241
286.282 405.582
286.543 369.921
286.804 364.260
287.065 375.598
287.326 400.934
287.587 259.270
287.848 309.606
288.109 423.940
288.370 365.273
288.631 257.606
288.892 208.937
289.153 263.268
289.414 253.598
289.675 399.927
289.936 505.256
290.197 419.583
290.458 351.910
290.719 325.235
290.981 419.560
291.242 427.884
291.503 361.208
291.764 244.530
292.025 116.852
292.286 167.172
292.547 337.492
292.808 302.811
293.069 310.130
293.330 331.447
293.591 334.764
293.852 331.080
294.113 267.395
294.374 248.709
294.635 358.022
294.896 380.335
295.157 356.646
295.418 363.957
295.679 410.268
295.941 359.577
296.202 338.885
296.463 312.193
296.724 413.500
296.985 414.806
297.246 352.112
297.507 252.416
297.768 241.720
298.029 342.023
298.290 480.325
298.551 490.627
298.812 481.927
299.073 329.227
299.334 249.526
299.595 352.824
299.856 383.122
300.117 500.419
300.378 428.715
300.639 233.010
300.901 240.304
301.162 330.598
301.423 351.891
301.684 429.183
301.945 450.475
302.206 314.765
302.467 348.055
302.728 264.345
302.989 334.633
303.250 382.921
303.511 420.208
303.772 369.494
304.033 385.779
304.294 374.064
304.555 342.348
304.816 411.631
305.077 409.913
305.338 298.195
305.599 282.476
305.861 372.757
306.122 457.036
306.383 383.315
306.644 329.593
306.905 274.871
307.166 420.147
307.427 403.423
307.688 354.698
307.949 365.973
308.210 326.247
308.471 328.520
308.732 276.792
308.993 254.064
309.254 294.335
309.515 261.605
309.776 399.875
310.037 382.144
310.298 223.412
310.559 320.679
310.821 411.946
311.082 383.212
311.343 304.478
311.604 310.743
311.865 296.007
312.126 264.270
312.387 324.533
312.648 312.795
312.909 314.056
313.170 355.317
313.434 372.577
313.698 342.836
313.963 381.095
314.227 325.353
314.491 285.610
314.755 324.867
315.019 366.123
315.284 259.378
315.548 328.633
315.812 367.887
316.076 421.140
316.340 392.393
316.604 378.645
316.869 394.896
317.133 356.147
317.397 439.397
317.661 471.646
317.925 381.895
318.190 325.143
318.454 296.391
318.718 276.638
318.982 388.884
319.246 456.130
319.511 560.375
319.775 392.619
320.039 345.863
320.303 368.106
320.567 455.348
320.832 404.590
321.096 337.831
321.360 353.072
321.624 321.312
321.888 265.551
322.153 271.790
322.417 284.028
322.681 243.265
322.945 333.502
323.209 382.739
323.473 320.974
323.738 325.209
324.002 350.444
324.266 412.678
324.530 412.911
324.794 362.144
325.059 295.376
325.323 257.607
325.587 353.838
325.851 370.069
326.115 451.298
326.380 376.527
326.644 396.756
326.908 374.984
327.172 350.211
327.436 425.438
327.701 353.664
327.965 330.890
328.229 410.115
328.493 288.339
328.757 278.563
329.022 369.786
329.286 307.009
329.550 283.231
329.814 331.453
330.078 353.674
330.342 345.895
330.607 346.114
330.871 395.334
331.135 433.553
331.399 474.771
331.663 366.989
331.928 344.206
332.192 417.422
332.456 421.638
332.720 435.854
332.984 358.069
333.249 339.283
333.513 351.497
333.777 278.710
334.041 264.923
334.305 325.135
334.570 354.347
334.834 302.558
335.098 444.769
335.362 446.979
335.626 431.188
335.891 372.397
336.155 365.606
336.419 346.814
336.683 188.021
336.947 282.228
337.211 377.434
337.476 314.640
337.740 352.845
338.004 352.050
338.268 303.254
338.532 396.458
338.797 393.661
339.061 419.864
339.325 436.066
339.589 465.268
339.853 395.469
340.118 370.670
340.382 465.870
340.646 496.070
340.910 341.269
341.174 322.468
341.439 290.666
341.703 385.863
341.967 371.061
342.231 354.257
342.495 374.454
342.759 416.649
343.024 383.844
343.288 469.039
343.552 386.233
343.816 254.427
344.080 338.620
344.345 374.813
344.609 311.005
344.873 235.197
345.137 362.388
345.401 402.579
345.666 258.770
345.930 400.960
346.194 471.149
346.458 345.338
346.722 363.526
346.987 333.714
347.251 361.902
347.515 514.089
347.779 372.275
348.043 311.462
348.308 337.647
348.572 265.832
348.836 249.017
349.100 272.201
349.364 250.385
349.628 278.569
349.893 322.751
350.157 407.934
350.421 357.116
350.685 361.297
350.949 310.479
351.214 251.659
351.478 290.839
351.742 305.019
352.006 359.198
352.270 330.377
352.535 287.556
352.799 340.734
353.063 355.911
353.327 280.088
353.591 289.265
353.856 328.441
354.120 335.617
354.384 423.792
354.648 449.967
354.912 406.141
355.177 376.315
355.441 320.489
355.705 434.662
355.969 464.835
356.233 450.007
356.497 418.179
356.762 375.351
357.026 364.522
357.290 357.692
357.554 378.863
357.818 399.032
358.083 375.202
358.347 400.371
358.611 412.539
358.875 393.707
359.139 346.875
359.404 310.042
359.668 407.209
359.932 495.376
360.196 446.542
360.460 377.708
360.725 385.873
360.989 421.038
361.253 534.202
361.517 531.366
361.781 487.530
362.046 459.693
362.310 459.856
362.574 454.018
362.838 416.181
363.102 380.342
363.366 413.503
363.631 332.664
363.895 363.825
364.159 460.985
364.423 395.145
364.687 422.304
364.952 443.463
365.216 511.621
365.480 420.780
365.747 258.937
366.013 320.095
366.280 336.252
366.546 393.408
366.813 419.565
367.079 446.721
367.346 484.876
367.612 424.031
367.879 392.186
368.145 416.340
368.412 350.494
368.678 315.648
368.945 396.801
369.211 412.954
369.478 454.107
369.744 384.259
370.011 395.411
370.278 366.562
370.544 339.713
370.811 419.864
371.077 436.014
371.344 397.164
371.610 357.314
371.877 362.463
372.143 478.612
372.410 507.760
372.676 529.909
372.943 505.056
373.209 443.204
373.476 326.351
373.742 285.498
374.009 393.644
374.276 487.790
374.542 446.936
374.809 348.081
375.075 230.226
375.342 235.371
375.608 266.515
375.875 265.659
376.141 434.803
376.408 458.946
376.674 451.089
376.941 374.232
377.207 327.374
377.474 605.516
377.740 554.658
378.007 352.799
378.273 410.940
378.540 460.080
378.807 339.221
379.073 314.361
379.340 346.500
379.606 415.639
379.873 420.778
380.139 432.917
380.406 398.055
380.672 396.193
380.939 376.331
381.205 343.468
381.472 246.605
381.738 242.742
382.005 340.878
382.271 396.014
382.538 408.150
382.804 506.285
383.071 406.420
383.338 404.555
383.604 413.689
383.871 468.823
384.137 453.957
384.404 396.091
384.670 405.224
384.937 364.357
385.203 433.489
385.470 400.621
385.736 390.753
386.003 379.885
386.269 403.016
386.536 358.147
386.802 355.278
387.069 464.408
387.336 573.538
387.602 518.668
387.869 300.798
388.135 276.927
388.402 283.056
388.668 387.184
388.935 448.313
389.201 522.441
389.468 496.568
389.734 453.696
390.001 441.823
390.267 417.949
390.534 396.076
390.800 413.202
391.067 478.328
391.333 517.454
391.600 387.579
391.867 383.704
392.133 405.829
392.400 353.953
392.666 290.077
392.933 461.201
393.199 537.325
393.466 421.448
393.732 379.571
393.999 448.694
394.265 448.816
394.532 340.939
394.798 399.060
395.065 387.182
395.331 420.303
395.598 427.424
395.864 439.545
396.131 442.666
396.398 433.786
396.664 483.906
396.931 526.026
397.197 541.145
397.464 470.264
397.730 584.383
397.997 551.502
398.263 513.620
398.530 552.738
398.796 649.856
399.063 613.973
399.329 481.090
399.596 566.207
399.862 527.324
400.129 628.441
400.396 695.557
400.662 522.673
400.929 518.788
401.195 560.904
401.462 654.019
401.728 726.134
401.995 782.248
402.261 721.362
402.528 757.477
402.794 848.590
403.061 980.704
403.327 1209.817
403.594 1125.930
403.860 1111.043
404.127 1207.156
404.393 1372.268
404.660 1568.380
404.931 1715.492
405.202 1726.603
405.473 1680.714
405.745 1872.825
406.016 2154.936
406.287 2063.047
406.558 2093.157
406.829 2243.267
407.100 2158.377
407.371 2416.486
407.642 2479.596
407.914 2383.705
408.185 2368.813
408.456 2355.922
408.727 2460.030
408.998 2366.138
409.269 2538.246
409.540 2554.354
409.811 2226.461
410.083 2234.568
410.354 2200.675
410.625 2106.782
410.896 2088.888
411.167 2098.994
411.438 2049.100
411.709 1808.206
411.981 1848.311
412.252 1654.416
412.523 1418.521
412.794 1494.626
413.065 1458.731
413.336 1216.835
413.607 1249.939
413.878 1195.043
414.150 1100.146
414.421 1002.250
414.692 874.353
414.963 820.456
415.234 951.558
415.505 815.661
415.776 852.763
416.047 850.865
416.319 738.967
416.590 635.068
416.861 488.170
417.132 558.271
417.403 580.372
417.674 517.472
417.945 483.573
418.217 407.673
418.488 538.773
418.759 444.873
419.030 333.972
419.301 392.072
419.572 450.171
419.843 474.270
420.114 398.368
420.386 395.467
420.657 485.565
420.928 426.663
421.199 369.761
421.470 330.858
421.741 254.956
422.012 340.053
422.283 408.150
422.555 409.247
422.826 460.343
423.097 496.440
423.368 437.536
423.639 352.632
423.910 458.727
424.181 406.823
424.453 318.918
424.724 548.013
424.995 614.108
425.266 477.203
425.537 398.297
425.808 485.391
426.079 534.485
426.350 425.579
426.622 408.673
426.893 485.766
427.164 406.860
427.435 388.953
427.706 392.045
427.977 348.138
428.248 327.231
428.519 400.323
428.791 393.415
429.062 458.507
429.333 383.598
429.604 326.690
429.875 423.781
430.146 478.872
430.417 471.963
430.689 431.054
430.960 302.144
431.231 343.234
431.502 491.324
431.773 485.414
432.044 452.504
432.315 518.594
432.586 552.683
432.858 541.772
433.129 384.861
433.400 410.950
433.671 467.038
433.942 411.127
434.213 323.215
434.484 329.303
434.755 424.391
435.027 354.478
435.298 425.566
435.569 480.653
435.840 377.740
436.116 366.827
436.391 436.914
436.667 463.000
436.942 541.086
437.218 545.172
437.493 593.258
437.769 605.344
438.045 521.430
438.320 490.515
438.596 475.600
438.871 462.686
439.147 492.770
439.422 438.855
439.698 386.940
439.974 433.024
440.249 516.108
440.525 558.192
440.800 387.276
441.076 421.360
441.351 542.443
441.627 579.526
441.903 529.609
442.178 395.692
442.454 467.775
442.729 647.858
443.005 533.940
443.281 570.022
443.556 643.104
443.832 521.186
444.107 416.268
444.383 441.350
444.658 455.431
444.934 413.512
445.210 543.593
445.485 603.674
445.761 621.755
446.036 570.835
446.312 574.916
446.587 582.996
446.863 429.076
447.139 480.156
447.414 503.235
447.690 550.315
447.965 555.394
448.241 505.474
448.516 545.553
448.792 502.632
449.068 497.710
449.343 537.789
449.619 479.867
449.894 538.945
450.170 533.024
450.445 710.101
450.721 749.179
450.997 510.257
451.272 544.334
451.548 451.411
451.823 452.489
452.099 564.566
452.375 502.642
452.650 494.719
452.926 553.795
453.201 506.872
453.477 710.948
453.752 695.024
454.028 538.100
454.304 574.175
454.579 637.251
454.855 580.326
455.130 607.402
455.406 712.477
455.681 652.552
455.957 609.626
456.233 564.701
456.508 575.776
456.784 571.850
457.059 539.924
457.335 594.998
457.610 505.072
457.886 500.146
458.162 479.219
458.437 552.293
458.713 595.366
458.988 540.439
459.264 522.512
459.539 520.585
459.815 506.657
460.091 482.730
460.366 462.802
460.642 482.875
460.917 488.947
461.193 544.019
461.468 513.090
461.744 478.162
462.020 455.234
462.295 435.305
462.571 443.376
462.846 550.447
463.122 613.518
463.397 580.589
463.673 482.177
463.949 497.233
464.224 484.316
464.500 505.365
464.775 498.941
465.051 473.065
465.327 454.626
465.602 546.058
465.878 527.692
466.153 405.478
466.429 557.800
466.704 702.023
466.980 602.496
467.256 582.565
467.531 627.261
467.807 610.924
468.082 590.953
468.358 573.412
468.633 594.284
468.909 524.072
469.185 450.295
469.460 545.383
469.736 599.374
470.011 445.363
470.287 435.929
470.562 547.763
470.838 512.056
471.114 532.843
471.389 542.001
471.665 515.316
471.940 578.658
472.216 506.863
472.491 404.100
472.767 476.585
473.043 553.732
473.318 590.310
473.594 473.690
473.869 454.910
474.145 484.478
474.421 450.974
474.696 442.902
474.972 373.155
475.247 422.531
475.523 532.146
475.798 533.774
476.074 526.168
476.350 570.022
476.625 503.390
476.901 471.855
477.176 543.741
477.452 467.974
477.727 434.468
478.003 310.107
478.279 488.017
478.554 579.545
478.830 551.715
479.105 550.659
479.381 552.193
479.656 501.547
479.932 484.892
480.208 487.501
480.483 535.605
480.759 567.013
481.034 485.695
481.310 473.637
481.585 486.858
481.861 502.041
482.137 451.245
482.412 530.330
482.688 527.319
482.963 545.909
483.239 573.480
483.514 425.245
483.790 456.455
484.066 673.843
484.341 523.530
484.617 445.302
484.892 490.248
485.168 490.308
485.443 419.304
485.719 415.388
485.995 446.370
486.270 528.246
486.546 497.587
486.821 420.495
487.097 387.147
487.373 461.775
487.648 524.901
487.924 525.427
488.199 404.144
488.475 271.589
488.750 347.585
489.026 464.765
489.302 411.829
489.577 398.738
489.853 390.570
490.128 478.776
490.404 460.752
490.679 360.026
490.955 495.606
491.231 570.932
491.506 540.236
491.782 423.290
492.057 407.277
492.333 481.697
492.608 470.012
492.884 452.455
493.160 387.932
493.435 376.004
493.711 473.118
493.986 466.834
494.262 473.230
494.537 462.501
494.813 520.911
495.089 392.794
495.364 399.726
495.640 436.127
495.915 395.907
496.191 536.506
496.467 530.193
496.742 519.411
497.018 520.491
497.293 429.727
497.569 528.032
497.844 520.222
498.120 531.168
498.396 538.229
498.671 480.229
498.947 475.318
499.222 502.684
499.498 514.184
499.773 564.985
500.049 560.184
500.325 555.807
500.600 619.973
500.876 581.609
501.151 649.029
501.427 641.703
501.702 703.709
501.978 689.693
502.254 686.101
502.529 623.090
502.805 744.618
503.080 812.963
503.356 669.538
503.631 587.440
503.907 609.938
504.183 596.834
504.458 695.066
504.734 665.094
505.009 676.270
505.285 624.376
505.560 594.476
505.836 527.317
506.112 523.321
506.387 499.083
506.663 526.943
506.938 477.450
507.214 460.314
507.490 550.811
507.765 561.407
508.041 548.341
508.316 567.566
508.592 468.791
508.867 492.516
509.143 626.746
509.419 509.210
509.694 440.035
509.970 515.312
510.245 458.275
510.521 477.868
510.796 440.478
511.072 425.544
511.348 472.602
511.623 454.707
511.899 433.520
512.174 540.389
512.450 575.617
512.725 559.794
513.001 480.002
513.277 411.260
513.552 520.180
513.828 457.073
514.103 465.539
514.379 606.086
514.654 505.532
514.930 506.552
515.206 711.207
515.481 661.206
515.757 497.373
516.032 448.011
516.308 548.746
516.583 622.405
516.859 528.738
517.135 540.470
517.410 660.944
517.686 736.793
517.961 708.658
518.237 661.743
518.513 619.850
518.788 784.675
519.064 780.311
519.339 705.749
519.615 677.121
519.890 736.302
520.166 786.699
520.442 950.569
520.717 958.314
520.993 900.517
521.268 814.999
521.544 893.966
521.819 797.193
522.095 829.103
522.371 943.406
522.646 947.286
522.922 1020.179
523.197 958.921
523.473 1023.120
523.748 907.375
524.024 846.176
524.300 868.230
524.575 802.245
524.851 900.854
525.126 878.049
525.402 830.129
525.677 907.685
525.953 873.401
526.229 835.204
526.504 779.588
526.780 857.280
527.055 848.575
527.331 820.867
527.606 927.061
527.882 895.595
528.158 789.217
528.433 896.342
528.709 826.327
528.984 786.064
529.260 762.619
529.535 731.189
529.811 662.068
530.087 625.850
530.362 591.814
530.638 664.434
530.913 760.262
531.189 772.622
531.465 600.850
531.740 576.353
532.016 599.197
532.291 558.620
532.567 636.296
532.842 642.153
533.118 622.450
533.394 692.029
533.669 581.550
533.945 494.044
534.220 460.040
534.496 624.113
534.771 607.220
535.047 610.782
535.323 616.303
535.598 658.671
535.874 725.763
536.149 765.615
536.425 762.492
536.700 825.157
536.976 1024.856
537.252 1153.480
537.527 1129.114
537.803 1235.247
538.078 1457.742
538.354 1546.279
538.629 1602.961
538.905 1652.215
539.181 1820.210
539.456 1951.416
539.732 2112.317
540.007 2149.871
540.283 1996.899
540.558 1989.046
540.834 2057.315
541.110 2041.571
541.385 1971.316
541.661 2065.416
541.936 2078.406
542.212 1995.197
542.488 2004.158
542.763 2116.191
543.039 2155.037
543.314 2100.515
543.590 2005.323
543.865 2002.384
544.141 1988.522
544.417 1998.493
544.692 1954.840
544.968 1956.866
545.243 1953.882
545.519 1859.628
545.794 1967.879
546.070 2107.084
546.348 2031.609
546.627 1917.304
546.905 2075.471
547.183 2039.611
547.461 2157.823
547.740 2383.285
548.018 2320.088
548.296 2298.956
548.575 2321.835
548.853 2372.520
549.131 2422.212
549.409 2457.547
549.688 2541.912
549.966 2572.705
550.244 2721.553
550.523 2784.307
550.801 2788.519
551.079 2871.854
551.357 2942.120
551.636 2968.895
551.914 2994.636
552.192 2908.876
552.471 3070.720
552.749 3282.441
553.027 3388.501
553.306 3576.948
553.584 3779.542
553.862 3830.877
554.140 3932.094
554.419 3971.508
554.697 4049.900
554.975 4045.975
555.254 3972.654
555.532 3728.577
555.810 3743.513
556.088 3850.184
556.367 3641.847
556.645 3409.743
556.923 3339.740
557.202 3214.083
557.480 3031.387
557.758 2732.654
558.036 2548.404
558.315 2393.458
558.593 2377.037
558.871 2169.910
559.150 1927.105
559.428 1731.266
559.706 1580.317
559.984 1477.477
560.263 1459.694
560.541 1394.360
560.819 1230.999
561.098 1177.706
561.376 1135.433
561.654 1001.815
561.932 878.657
562.211 879.886
562.489 894.330
562.767 785.062
563.046 637.916
563.324 623.903
563.602 699.466
563.880 656.603
564.159 677.751
564.437 744.250
564.715 641.352
564.994 531.982
565.272 616.469
565.550 521.953
565.828 461.068
566.107 615.981
566.385 619.120
566.663 507.236
566.942 521.206
567.220 564.468
567.498 664.084
567.776 544.887
568.055 456.459
568.333 514.186
568.611 576.868
568.890 547.036
569.168 477.663
569.446 522.603
569.725 557.420
570.003 429.917
570.281 369.438
570.559 464.250
570.838 521.848
571.116 606.690
571.394 677.460
571.673 683.000
571.951 612.823
572.229 599.264
572.507 597.937
572.786 595.634
573.064 541.719
573.342 557.332
573.621 437.478
573.899 467.755
574.177 621.565
574.455 641.757
574.734 570.011
575.012 627.774
575.290 548.109
575.569 556.522
575.847 623.834
576.125 584.613
576.403 457.519
576.682 537.648
576.960 621.499
577.243 663.243
577.527 595.949
577.810 494.505
578.093 525.597
578.377 513.823
578.660 515.832
578.944 557.367
579.227 522.860
579.510 562.063
579.794 545.789
580.077 480.860
580.360 533.949
580.644 533.519
580.927 496.309
581.210 492.365
581.494 485.411
581.777 558.592
582.061 481.492
582.344 454.088
582.627 455.117
582.911 559.836
583.194 509.529
583.477 547.485
583.761 597.418
584.044 645.354
584.327 622.055
584.611 547.162
584.894 549.192
585.178 488.285
585.461 478.327
585.744 577.260
586.028 520.869
586.311 572.901
586.594 610.933
586.878 520.965
587.161 479.996
587.444 551.028
587.728 559.060
588.011 565.091
588.295 447.123
588.578 526.628
588.861 659.526
589.145 508.217
589.428 490.739
589.711 439.280
589.995 464.846
590.278 583.758
590.562 538.373
590.845 515.888
591.128 638.159
591.412 588.290
591.695 527.969
591.978 649.230
592.262 572.986
592.545 403.380
592.828 552.515
593.112 527.070
593.395 533.083
593.679 512.662
593.962 530.620
594.245 493.307
594.529 438.611
594.812 383.533
595.095 377.975
595.379 598.704
595.662 627.162
595.945 478.605
596.229 407.724
596.512 473.283
596.796 517.389
597.079 507.996
597.362 632.778
597.646 641.084
597.929 540.223
598.212 525.885
598.496 535.795
598.779 651.782
599.062 681.426
599.346 531.406
599.629 457.933
599.913 482.141
600.196 538.328
600.479 544.717
600.763 525.578
601.046 467.543
601.329 494.606
601.613 561.996
601.896 498.111
602.179 566.412
602.463 485.891
602.746 513.424
603.030 611.685
603.313 587.560
603.596 439.404
603.880 459.590
604.163 558.638
604.446 511.106
604.730 451.389
605.013 480.330
605.296 532.738
605.580 515.137
605.863 542.589
606.147 466.221
606.430 502.488
606.713 594.979
606.997 545.639
607.280 605.798
607.563 495.258
607.847 501.644
608.130 527.140
608.414 554.049
608.697 551.141
608.980 526.243
609.264 570.905
609.547 510.627
609.830 529.264
610.114 517.538
610.397 495.039
610.680 516.108
610.964 523.030
611.247 553.449
611.531 521.635
611.814 428.433
612.097 437.292
612.381 534.930
612.664 660.114
612.947 530.602
613.231 517.871
613.514 512.513
613.797 536.116
614.081 559.718
614.364 516.523
614.648 457.611
614.931 461.567
615.214 425.248
615.498 465.024
615.781 543.264
616.064 448.803
616.348 509.853
616.631 539.938
616.914 540.418
617.198 554.770
617.481 469.082
617.765 485.350
618.048 543.111
618.331 512.535
618.615 455.756
618.898 556.573
619.181 552.646
619.465 512.665
619.748 387.074
620.031 410.255
620.315 441.412
620.598 517.272
620.882 593.284
621.165 663.482
621.448 607.843
621.732 568.672
622.015 506.012
622.298 486.110
622.582 536.521
622.865 548.072
623.148 536.110
623.432 547.220
623.715 468.167
623.999 606.544
624.282 620.231
624.565 648.668
624.849 531.994
625.132 417.165
625.415 607.715
625.699 676.972
625.982 586.180
626.265 507.513
626.549 531.269
626.832 618.163
627.116 639.401
627.399 508.114
627.682 951.671
627.966 781.554
628.249 490.049
628.532 504.657
628.816 647.100
629.099 550.285
629.383 523.733
629.666 527.707
629.949 507.231
630.233 492.331
630.516 583.062
630.799 635.346
631.083 552.623
631.366 480.694
631.649 416.088
631.933 394.157
632.216 541.912
632.500 584.697
632.783 600.494
633.066 512.145
633.350 520.346
633.633 597.088
633.916 568.854
634.200 497.250
634.483 549.480
634.766 608.101
635.050 660.672
635.333 571.580
635.617 548.675
635.900 603.582
636.183 637.468
636.467 613.259
636.750 697.973
637.033 761.204
637.317 672.531
637.600 697.297
637.883 720.139
638.167 730.743
638.450 725.652
638.734 724.738
639.017 827.757
639.300 863.360
639.584 815.802
639.867 886.919
640.150 824.266
640.434 872.931
640.717 943.166
641.000 935.711
641.284 1032.930
641.567 1082.562
641.851 1119.778
642.134 1252.858
642.417 1224.607
642.701 1402.575
642.984 1560.165
643.267 1576.217
643.551 1644.591
643.834 1711.759
644.117 1942.387
644.401 2143.855
644.684 2415.667
644.968 2853.089
645.251 3138.427
645.534 3402.989
645.818 3827.025
646.101 4318.903
646.384 4856.953
646.668 5307.679
646.951 5771.550
647.235 6298.613
647.518 6808.033
647.801 7532.679
648.085 8061.777
648.368 8406.782
648.651 8704.735
648.935 9263.523
649.218 9797.443
649.501 10340.157
649.785 11054.547
650.068 11849.955
650.352 12545.774
650.635 13205.101
650.918 13762.554
651.202 14546.530
651.485 15288.760
651.768 15872.706
652.052 16061.115
652.335 16460.489
652.618 16638.771
652.902 17003.049
653.185 17303.076
653.469 17348.669
653.752 17326.470
654.035 17525.500
654.319 17720.124
654.602 17713.193
654.885 17609.914
655.169 17612.332
655.452 17327.142
655.735 17420.354
656.019 17594.073
656.302 17561.634
656.586 17534.859
656.869 17864.486
657.152 17720.949
657.436 17775.406
657.719 17955.283
658.002 18155.977
658.286 18310.701
658.569 18354.221
658.852 18440.362
659.136 18825.035
659.419 18797.646
659.703 18793.607
659.986 19040.329
660.269 19156.404
660.553 19104.438
660.836 19064.826
661.119 18746.758
661.403 18584.350
661.686 18299.952
661.969 18178.915
662.253 17879.975
662.536 17490.769
662.820 17070.931
663.103 16436.064
663.386 16026.349
663.670 15419.879
663.953 14665.002
664.236 13954.451
664.520 13391.149
664.803 12861.282
665.086 12242.010
665.370 11641.466
665.653 11112.612
665.937 10501.186
666.220 9691.876
666.503 9030.640
666.787 8591.513
667.070 8020.582
667.353 7413.895
667.637 6819.771
667.920 6359.345
668.204 5788.744
668.487 5190.596
668.770 4839.487
669.054 4267.207
669.337 3892.373
669.620 3643.668
669.904 3304.948
670.187 3070.825
670.470 2954.591
670.754 2637.265
671.037 2447.383
671.321 2280.450
671.604 2252.128
671.887 2154.147
672.171 2055.907
672.454 1976.116
672.737 1917.686
673.021 1784.289
673.304 1704.006
673.587 1798.483
673.871 1690.064
674.154 1618.853
674.438 1647.259
674.721 1551.698
675.004 1448.377
675.288 1383.583
675.571 1344.863
675.854 1248.077
676.138 1152.476
676.421 1081.447
676.704 992.709
676.988 1094.904
677.271 1228.287
677.555 1084.800
677.838 972.100
678.121 939.091
678.405 940.021
678.688 1043.561
678.971 843.464
679.255 887.053
679.538 990.808
679.821 975.268
680.105 891.150
680.388 774.867
680.672 758.021
680.955 801.700
681.238 734.917
681.522 693.633
681.805 717.720
682.088 771.160
682.372 778.240
682.655 659.031
682.938 777.005
683.222 760.324
683.505 667.094
683.789 713.091
684.072 702.662
684.355 683.159
684.639 663.346
684.922 619.525
685.205 643.553
685.489 807.456
685.772 729.949
686.056 697.260
686.339 675.313
686.622 534.048
686.906 586.260
687.189 666.656
687.472 759.577
687.756 629.503
688.039 539.366
688.322 510.158
688.606 707.463
688.889 670.948
689.173 603.118
689.456 661.593
689.739 701.278
690.023 653.642
690.306 643.234
690.589 623.833
690.873 639.853
691.156 641.953
691.439 568.091
691.723 535.852
692.006 608.304
692.290 592.506
692.573 609.563
692.856 631.116
693.140 610.410
693.423 554.932
693.706 499.567
693.990 519.235
694.273 534.213
694.556 698.800
694.840 758.175
695.123 665.468
695.407 636.936
695.690 565.612
695.973 609.513
696.257 625.381
696.540 766.732
696.830 694.020
697.120 645.734
697.410 675.890
697.699 572.651
697.989 710.403
698.279 651.662
698.569 545.480
698.859 581.359
699.149 618.021
699.439 559.185
699.729 514.755
700.018 517.834
700.308 580.525
700.598 494.916
700.888 405.011
701.178 527.460
701.468 468.119
701.758 403.833
702.048 517.779
702.337 440.464
702.627 481.974
702.917 492.082
703.207 443.777
703.497 469.505
703.787 405.734
704.077 456.462
704.366 556.968
704.656 500.259
704.946 418.775
705.236 357.435
705.526 465.878
705.816 592.642
706.106 463.454
706.396 485.918
706.685 488.459
706.975 393.144
707.265 366.613
707.555 540.149
707.845 501.434
708.135 408.290
708.425 357.689
708.715 381.798
709.004 503.968
709.294 480.269
709.584 500.049
709.874 553.320
710.164 556.295
710.454 507.016
710.744 479.878
711.034 499.146
711.323 510.975
711.613 412.566
711.903 540.004
712.193 589.185
712.483 488.906
712.773 484.006
713.063 475.222
713.352 487.040
713.642 516.407
713.932 598.342
714.222 549.482
714.512 439.041
714.802 435.417
715.092 521.674
715.382 478.127
715.671 478.186
715.961 481.134
716.251 394.444
716.541 413.330
716.831 491.794
717.121 405.065
717.411 473.205
717.701 562.215
717.990 478.020
718.280 457.066
718.570 447.530
718.860 421.355
719.150 435.145
719.440 405.165
719.730 392.196
720.019 562.638
720.309 506.840
720.599 465.785
720.889 446.597
721.179 489.674
721.469 500.695
721.759 427.365
722.049 464.772
722.338 403.426
722.628 459.932
722.918 495.015
723.208 535.405
723.498 424.844
723.788 458.954
724.078 600.452
724.368 584.267
724.657 493.161
724.947 518.724
725.237 517.310
725.527 514.429
725.817 441.624
726.107 396.499
726.397 410.054
726.686 364.614
726.976 447.802
727.266 543.562
727.556 472.977
727.846 503.460
728.136 539.738
728.426 461.342
728.716 412.908
729.005 505.946
729.295 466.232
729.585 431.230
729.875 398.433
730.165 470.609
730.455 476.444
730.745 489.543
731.035 482.762
731.324 532.354
731.614 505.122
731.904 420.107
732.194 514.389
732.484 507.122
732.774 463.362
733.064 431.276
733.354 331.096
733.643 415.983
733.933 460.426
734.223 409.759
734.513 519.910
734.803 580.920
735.093 493.130
735.383 430.150
735.672 434.071
735.962 539.631
736.252 411.064
736.542 389.357
736.832 409.940
737.122 347.611
737.412 417.234
737.702 520.700
737.991 521.696
738.281 493.238
738.571 450.529
738.861 408.123
739.151 438.649
739.441 508.046
739.731 423.498
740.021 474.593
740.310 510.579
740.600 522.944
740.890 425.376
741.180 425.243
741.470 458.821
741.760 505.233
742.050 609.887
742.339 498.348
742.629 426.157
742.919 527.062
743.209 385.251
743.499 387.625
743.789 399.904
744.079 471.206
744.369 497.460
744.658 418.183
744.948 275.209
745.238 429.114
745.528 475.709
745.818 553.576
746.108 530.773
746.398 558.126
746.688 455.857
746.977 522.405
747.267 488.656
747.557 523.947
747.847 517.997
748.137 430.964
748.427 415.058
748.717 328.832
749.006 279.763
749.296 422.486
749.586 466.856
749.876 548.013
750.166 507.190
750.456 485.776
750.746 477.293
751.036 376.508
751.325 459.357
751.615 495.794
751.905 444.859
752.195 489.317
752.485 470.332
752.775 494.840
753.065 462.822
753.355 545.919
753.644 528.916
753.934 479.319
754.224 498.912
754.514 610.873
754.804 454.808
755.094 351.512
755.384 406.691
755.674 494.970
755.963 530.089
756.253 469.390
756.543 526.104
756.833 572.402
757.123 551.761
757.413 478.962
757.703 426.715
757.992 425.723
758.282 480.531
758.572 468.967
758.862 423.754
759.152 493.115
759.442 476.569
759.732 478.067
760.022 560.493
760.311 444.370
760.601 329.695
760.891 473.572
761.181 544.467
761.471 456.497
761.761 347.202
762.051 416.702
762.341 535.008
762.630 554.694
762.920 522.482
763.210 478.668
763.500 501.361
763.793 457.065
764.086 521.529
764.379 493.855
764.671 521.031
764.964 435.532
765.257 460.696
765.550 490.872
765.843 381.006
766.136 410.254
766.429 427.404
766.722 462.234
767.014 428.583
767.307 288.041
767.600 369.625
767.893 436.543
768.186 413.371
768.479 469.836
768.772 537.389
769.064 508.168
769.357 482.494
769.650 425.533
769.943 531.865
770.236 541.949
770.529 419.524
770.822 439.699
771.115 524.389
771.407 539.059
771.700 553.199
771.993 563.872
772.286 485.616
772.579 522.438
772.872 476.080
773.165 424.682
773.457 455.945
773.750 472.563
774.043 403.958
774.336 407.410
774.629 478.174
774.922 494.815
775.215 444.373
775.508 460.611
775.800 420.925
776.093 501.926
776.386 488.355
776.679 429.444
776.972 499.950
777.265 655.048
777.558 678.547
777.850 583.405
778.143 540.202
778.436 520.637
778.729 514.096
779.022 525.164
779.315 480.956
779.608 392.526
779.900 442.790
780.193 432.752
780.486 422.290
780.779 476.041
781.072 437.501
781.365 446.979
781.658 513.705
781.951 462.513
782.243 460.596
782.536 498.682
782.829 470.582
783.122 516.779
783.415 535.331
783.708 533.337
784.001 520.310
784.293 569.470
784.586 556.888
784.879 579.946
785.172 488.287
785.465 374.560
785.758 439.702
786.051 461.758
786.344 539.847
786.636 635.495
786.929 483.355
787.222 486.343
787.515 440.336
787.808 424.483
788.101 412.507
788.394 502.430
788.686 616.328
788.979 570.956
789.272 514.454
789.565 490.000
789.858 418.156
790.151 369.635
790.444 360.655
790.737 412.028
791.029 367.305
791.322 441.170
791.615 429.775
791.908 490.585
792.201 479.129
792.494 465.702
792.787 539.952
793.079 650.173
793.372 588.780
793.665 568.442
793.958 472.741
794.251 507.648
794.544 569.903
794.837 648.249
795.130 575.479
795.422 545.581
795.715 491.754
796.008 484.272
796.301 505.232
796.594 467.395
796.887 516.211
797.180 493.806
797.472 384.147
797.765 354.248
798.058 379.803
798.351 386.176
798.644 382.199
798.937 342.330
799.230 409.730
799.523 684.328
799.815 592.614
800.108 410.173
800.401 418.161
800.694 519.388
800.987 441.115
801.280 453.996
801.573 518.942
801.865 526.945
802.158 461.561
802.451 412.670
802.744 391.723
803.037 457.603
803.330 473.056
803.623 573.394
803.915 575.401
804.208 451.112
804.501 464.039
804.794 499.085
805.087 416.597
805.380 333.275
805.673 405.025
805.966 473.104
806.258 414.471
806.551 502.664
806.844 524.764
807.137 505.202
807.430 425.389
807.723 410.340
808.016 535.853
808.308 565.111
808.601 444.510
808.894 390.084
809.187 475.080
809.480 492.722
809.773 400.780
810.066 449.484
810.359 511.378
810.651 511.412
810.944 361.714
811.237 386.308
811.530 501.355
811.825 435.206
812.119 426.705
812.414 376.262
812.709 423.118
813.003 493.823
813.298 458.957
813.593 458.885
813.887 464.504
814.182 634.829
814.476 584.723
814.771 570.521
815.066 486.240
815.360 395.310
815.655 403.451
815.950 431.339
816.244 492.388
816.539 522.964
816.834 504.627
817.128 545.969
817.423 605.566
817.718 665.717
818.012 530.340
818.307 347.431
818.602 428.384
818.896 445.702
819.191 407.117
819.486 407.966
819.780 516.113
820.075 679.212
820.369 633.058
820.664 444.283
820.959 512.617
821.253 525.595
821.548 449.958
821.843 525.670
822.137 562.610
822.432 556.501
822.727 533.109
823.021 456.432
823.316 553.054
823.611 580.401
823.905 452.564
824.200 371.899
824.495 481.345
824.789 595.280
825.084 627.329
825.379 502.475
825.673 511.464
825.968 567.584
826.262 500.400
826.557 568.956
826.852 574.733
827.146 546.081
827.441 529.606
827.736 574.766
828.030 505.249
828.325 323.195
828.620 493.057
828.914 621.116
829.209 495.213
829.504 591.189
829.798 594.181
830.093 456.143
830.388 398.014
830.682 396.549
830.977 502.676
831.271 560.454
831.566 478.622
831.861 402.477
832.155 412.248
832.450 503.720
832.745 533.612
833.039 485.728
833.334 422.928
833.629 442.717
833.923 451.155
834.218 404.677
834.513 390.054
834.807 430.383
835.102 368.369
835.397 412.334
835.691 410.722
835.986 414.257
836.281 372.893
836.575 383.301
836.870 426.508
837.164 476.788
837.459 391.371
837.754 427.514
838.048 453.800
838.343 418.015
838.638 436.510
838.932 459.915
839.227 436.154
839.522 459.696
839.816 459.089
840.111 439.853
840.406 451.670
840.700 547.803
840.995 631.727
841.290 663.833
841.584 606.457
841.879 579.889
842.174 523.283
842.468 476.418
842.763 377.693
843.057 449.684
843.352 519.618
843.647 519.199
843.941 452.667
844.236 453.453
844.531 536.956
844.825 526.786
845.120 575.213
845.415 594.299
845.709 470.175
846.004 554.002
846.299 466.582
846.593 568.944
846.888 608.636
847.183 523.209
847.477 468.506
847.772 476.851
848.066 486.495
848.361 467.113
848.656 524.669
848.950 492.736
849.245 567.681
849.540 488.745
849.834 614.173
850.129 599.980
850.424 509.979
850.718 531.266
851.013 588.748
851.308 522.641
851.602 588.094
851.897 596.362
852.192 653.557
852.486 568.451
852.781 459.642
853.076 530.672
853.370 555.247
853.665 611.322
853.959 640.759
854.254 535.136
854.549 624.514
854.843 559.604
855.138 422.157
855.433 489.639
855.727 645.204
856.022 531.491
856.317 520.744
856.611 557.870
856.906 438.157
857.201 509.425
857.495 643.642
857.790 604.945
858.085 520.529
858.379 475.520
858.674 395.619
858.969 380.779
859.263 505.493
859.558 519.252
859.852 446.692
860.147 457.784
860.442 544.818
860.736 418.864
861.031 536.945
861.326 630.733
861.620 479.552
861.915 552.803
862.210 614.338
862.504 497.400
862.799 563.519
863.094 581.479
863.388 471.974
863.683 465.120
863.978 487.993
864.272 473.291
864.567 467.613
864.861 507.481
865.156 437.595
865.451 401.313
865.745 503.286
866.040 520.826
866.335 525.941
866.629 586.109
866.924 527.904
867.219 468.491
867.513 593.181
867.808 525.670
868.103 436.416
868.397 433.959
868.692 503.798
868.987 482.108
869.281 443.998
869.576 513.814
869.871 572.368
870.165 471.390
870.460 369.336
870.754 462.050
871.049 404.594
871.344 461.227
871.638 463.819
871.933 398.874
872.228 454.592
872.522 457.637
872.817 535.111
873.112 711.245
873.406 562.830
873.701 590.156
873.996 568.567
874.290 519.384
874.585 448.481
874.880 464.543
875.174 439.993
875.469 440.543
875.764 486.458
876.058 410.780
876.353 340.679
876.647 415.943
876.942 434.745
877.237 465.085
877.531 522.922
877.826 524.338
878.121 500.988
878.415 433.094
878.710 411.985
879.005 486.829
879.299 404.405
879.594 404.593
879.889 332.792
880.183 334.990
880.478 420.119
880.773 398.801
881.067 392.474
881.362 453.147
881.656 377.332
881.951 386.250
882.246 350.100
882.540 398.310
882.835 413.764
883.130 462.060
883.424 439.736
883.719 355.759
884.014 434.101
884.308 400.016
884.603 375.318
884.898 403.291
885.192 478.990
885.487 414.860
885.782 350.684
886.076 473.262
886.371 428.434
886.666 303.394
886.960 381.086
887.255 373.590
887.549 378.292
887.844 503.411
888.139 556.440
888.433 493.179
888.728 407.053
889.023 416.829
889.317 456.878
889.612 390.050
889.907 415.376
890.201 446.357
890.496 458.348
890.791 439.399
891.085 394.887
891.380 386.951
891.675 439.420
891.969 443.844
892.264 366.908
892.559 401.630
892.853 461.127
893.148 386.112
893.442 364.293
893.737 466.914
894.032 391.620
894.326 318.499
894.621 388.110
894.916 346.131
895.210 373.146
895.505 430.679
895.800 379.785
896.094 287.330
896.389 377.364
896.684 381.238
896.978 363.256
897.273 329.423
897.568 431.612
897.862 467.368
898.157 370.116
898.451 515.583
898.746 493.467
899.041 498.339
899.335 466.460
899.630 398.618
899.925 438.130
900.219 494.825
900.514 571.131
900.809 489.922
901.103 307.887
901.398 415.354
901.693 408.456
901.987 384.763
902.282 439.637
902.577 370.847
902.871 336.656
903.166 474.341
903.461 511.378
903.755 469.840
904.050 405.698
904.344 310.383
904.639 371.995
904.934 436.071
905.228 383.804
905.523 346.978
905.818 406.131
906.112 476.409
906.407 392.438
906.702 341.618
906.996 391.903
907.291 429.079
907.586 392.982
907.880 528.483
908.175 498.062
908.470 471.705
908.764 496.715
909.059 536.330
909.354 471.623
909.648 408.133
909.943 417.273
910.237 483.002
910.532 550.806
910.827 593.893
911.121 555.912
911.416 490.765
911.711 498.125
912.005 503.653
912.300 428.944
912.599 476.394
912.898 456.975
913.196 486.083
913.495 513.919
913.794 563.209
914.093 483.770
914.391 489.328
914.690 543.876
914.989 480.899
915.288 511.241
915.586 505.662
915.885 432.645
916.184 379.993
916.483 372.496
916.782 453.090
917.080 497.270
917.379 478.439
917.678 430.830
917.977 513.344
918.275 527.081
918.574 513.408
918.873 514.853
919.172 483.489
919.471 415.546
919.769 416.742
920.068 404.173
920.367 372.418
920.666 394.990
920.964 485.761
921.263 447.205
921.562 403.674
921.861 489.074
922.159 410.496
922.458 421.172
922.757 453.537
923.056 418.206
923.355 441.969
923.653 514.454
923.952 442.738
924.251 334.914
924.550 484.019
924.848 534.868
925.147 438.349
925.446 389.188
925.745 479.432
926.043 444.538
926.342 448.874
926.641 443.330
926.940 485.795
927.239 518.456
927.537 566.012
927.836 506.436
928.135 442.562
928.434 500.380
928.732 502.429
929.031 524.450
929.330 545.021
929.629 495.789
929.927 458.712
930.226 420.721
930.525 453.663
930.824 540.595
931.123 499.412
931.421 515.142
931.720 487.278
932.019 544.496
932.318 526.588
932.616 509.072
932.915 499.440
933.214 497.275
933.513 479.275
933.812 470.364
934.110 526.005
934.409 638.256
934.708 540.003
935.007 652.922
935.305 643.227
935.604 505.858
935.903 543.538
936.202 585.478
936.500 721.301
936.799 826.941
937.098 717.113
937.397 645.289
937.696 576.700
937.994 503.959
938.293 566.676
938.592 498.842
938.891 612.229
939.189 632.209
939.488 695.452
939.787 757.376
940.086 531.369
940.384 612.333
940.683 669.005
940.982 573.186
941.281 690.862
941.580 853.624
941.878 773.328
942.177 566.855
942.476 674.969
942.775 686.252
943.073 544.372
943.372 546.516
943.671 721.013
943.970 800.495
944.268 614.560
944.567 593.204
944.866 695.553
945.165 617.175
945.464 536.893
945.762 507.661
946.061 677.435
946.360 855.816
946.659 764.755
946.957 684.459
947.256 638.938
947.555 637.651
947.854 669.246
948.153 607.911
948.451 582.178
948.750 565.667
949.049 548.628
949.348 769.671
949.646 725.976
949.945 665.593
950.244 702.941
950.543 664.727
950.841 615.857
951.140 551.591
951.439 488.707
951.738 552.690
952.037 581.170
952.335 627.002
952.634 674.721
952.933 576.649
953.232 531.819
953.530 395.642
953.829 562.057
954.128 650.771
954.427 602.450
954.725 683.472
955.024 677.283
955.323 712.536
955.622 569.173
955.921 461.359
956.219 574.200
956.518 548.409
956.817 575.356
957.116 582.286
957.414 521.271
957.713 417.893
958.012 364.972
958.311 450.591
958.610 640.028
958.908 603.311
959.207 559.721
959.506 494.388
959.805 513.739
960.103 571.052
960.402 569.766
960.701 497.299
961.000 452.324
961.298 455.904
961.597 557.815
961.896 541.446
962.195 575.074
962.494 567.642
962.792 519.422
963.091 487.498
963.390 477.107
963.689 454.835
963.987 510.533
964.286 565.420
964.585 587.805
964.884 550.108
965.182 454.375
965.481 735.712
965.780 807.968
966.080 652.930
966.380 585.640
966.680 538.222
966.981 560.089
967.281 573.827
967.581 496.009
967.881 536.527
968.181 597.302
968.481 534.263
968.781 455.713
969.082 363.556
969.382 482.887
969.682 593.376
969.982 548.167
970.282 560.457
970.582 466.511
970.882 425.472
971.183 597.410
971.483 497.210
971.783 448.167
972.083 509.740
972.383 559.041
972.683 519.466
972.983 561.459
973.284 488.016
973.584 445.295
973.884 490.090
974.184 494.244
974.484 533.402
974.784 446.461
975.084 407.792
975.385 407.154
975.685 488.213
975.985 489.215
976.285 476.490
976.585 441.507
976.885 388.273
977.185 429.904
977.486 450.316
977.786 448.190
978.086 520.155
978.386 575.661
978.686 481.299
978.986 411.492
979.286 394.498
979.587 471.504
979.887 392.510
980.187 356.516
980.487 405.522
980.787 458.528
981.087 440.535
981.387 617.541
981.688 501.547
981.988 354.553
982.288 392.559
982.588 474.565
982.888 485.571
983.188 463.577
983.488 571.583
983.789 559.589
984.089 546.595
984.389 516.601
984.689 476.607
984.989 368.613
985.289 414.619
985.589 543.625
985.890 500.631
986.190 406.637
986.490 427.642
986.790 543.648
987.090 486.654
987.390 497.660
987.690 519.666
987.991 440.672
988.291 453.678
988.591 467.684
988.891 367.690
989.191 357.696
989.491 475.702
989.791 497.708
990.092 508.713
990.392 546.719
990.692 536.725
990.992 481.731
991.292 418.737
991.592 500.743
991.892 524.749
992.193 595.754
992.493 581.760
992.793 499.766
993.093 461.772
993.393 432.778
993.693 437.784
993.993 500.789
994.294 595.795
994.594 469.801
994.894 440.807
995.194 468.813
995.494 402.818
995.794 416.824
996.094 391.830
996.395 418.836
996.695 522.841
996.995 408.847
997.295 334.853
997.595 353.859
997.895 323.864
998.195 336.870
998.496 378.876
998.796 379.882
999.096 547.887
999.396 507.893
999.696 479.899
999.996 504.904
1000.296 608.910
1000.597 607.916
1000.897 462.922
1001.197 489.927
1001.497 633.933
1001.797 452.939
1002.097 424.944
1002.397 492.950
1002.698 438.956
1002.998 540.961
1003.298 546.967
1003.598 417.973
1003.898 356.978
1004.198 469.984
1004.498 508.989
1004.799 456.995
1005.099 483.001
1005.399 562.006
1005.699 613.012
1005.999 569.017
1006.299 440.023
1006.599 562.029
1006.900 580.034
1007.200 450.040
1007.500 402.045
1007.800 423.051
1008.100 407.056
1008.400 442.062
1008.700 422.068
1009.001 392.073
1009.301 398.079
1009.601 586.084
1009.901 597.090
1010.201 464.095
1010.501 439.101
1010.801 564.106
1011.102 466.112
1011.402 485.117
1011.702 407.123
1012.002 360.128
1012.302 518.134
1012.602 525.139
1012.902 466.145
1013.203 494.150
1013.503 552.156
1013.803 538.161
1014.103 408.167
1014.403 492.172
1014.703 440.178
1015.003 420.183
1015.304 531.188
1015.604 574.194
1015.904 396.199
1016.204 399.205
1016.504 427.210
1016.804 432.216
1017.104 406.221
1017.405 428.226
1017.705 427.232
1018.005 431.237
1018.305 451.243
1018.605 422.248
1018.905 359.253
1019.205 367.259
1019.506 628.264
1019.806 640.269
1020.106 531.275
1020.406 523.280
1020.706 496.286
1021.006 561.291
1021.306 597.296
1021.607 470.302
1021.907 578.307
1022.207 538.312
1022.507 443.318
1022.807 465.323
1023.107 516.328
1023.407 471.333
1023.708 466.339
1024.008 405.344
1024.308 423.349
1024.608 433.355
1024.908 358.360
1025.208 485.365
1025.508 596.370
1025.809 544.376
1026.109 437.381
1026.409 548.386
1026.709 558.392
1027.009 521.397
1027.309 515.402
1027.609 402.407
1027.910 427.412
1028.210 496.418
1028.510 553.423
1028.810 709.428
1029.110 628.433
1029.410 560.439
1029.710 604.444
1030.011 591.449
1030.311 601.454
1030.611 492.459
1030.911 511.465
1031.211 547.470
1031.511 460.475
1031.811 589.480
1032.112 634.485
1032.412 505.490
1032.712 334.496
1033.012 409.501
1033.312 561.506
1033.612 525.511
1033.912 476.516
1034.212 448.521
1034.513 456.526
1034.813 444.532
1035.113 552.537
1035.413 468.542
1035.713 488.547
1036.013 483.552
1036.313 453.557
1036.614 528.562
1036.914 486.567
1037.214 402.572
1037.514 452.578
1037.814 456.583
1038.114 459.588
1038.414 479.593
1038.715 559.598
1039.015 441.603
1039.315 398.608
1039.615 442.613
1039.915 406.618
1040.215 446.623
1040.515 500.628
1040.816 519.633
1041.116 459.638
1041.416 438.643
1041.716 358.648
1042.016 343.653
1042.316 534.658
1042.616 530.663
1042.917 431.668
1043.217 416.673
1043.517 434.678
1043.817 560.683
1044.117 496.688
1044.417 439.693
1044.717 404.698
1045.018 435.703
1045.318 544.708
1045.618 596.713
1045.918 523.718
1046.218 414.723
1046.518 432.728
1046.818 474.733
1047.119 442.738
1047.419 616.743
1047.719 574.748
1048.019 462.753
1048.319 512.758
1048.619 518.763
1048.919 531.767
1049.220 475.772
1049.520 493.777
1049.820 413.782
1050.120 358.787
1050.420 538.792
1050.720 501.797
1051.020 461.802
1051.321 544.807
1051.621 581.812
1051.921 476.816
1052.221 376.821
1052.521 344.826
1052.821 371.831
1053.121 454.836
1053.422 546.841
1053.722 599.846
1054.022 521.850
1054.322 608.855
1054.622 523.860
1054.922 385.865
1055.222 513.870
1055.523 550.875
1055.823 520.879
1056.123 518.884
1056.423 469.889
1056.723 515.894
1057.023 464.899
1057.323 390.903
1057.624 508.908
1057.924 534.913
1058.224 465.918
1058.524 408.922
1058.824 478.927
1059.124 496.932
1059.424 444.937
1059.725 540.942
1060.025 450.946
1060.325 453.951
1060.625 468.956
1060.925 436.961
1061.225 470.965
1061.525 584.970
1061.826 525.975
1062.126 517.980
1062.426 524.984
1062.726 528.989
1063.026 500.994
1063.326 636.998
1063.626 573.003
1063.927 481.008
1064.227 497.012
1064.527 445.017
1064.827 585.022
1065.127 535.027
1065.427 348.031
1065.727 361.036
1066.028 535.041
1066.328 550.045
1066.628 390.050
1066.928 379.055
1067.228 400.059
1067.528 392.064
1067.828 418.069
1068.129 408.073
1068.429 526.078
1068.729 571.082
1069.029 489.087
1069.329 345.092
1069.629 439.096
1069.929 530.101
1070.230 595.106
1070.530 573.110
1070.830 499.115
1071.130 550.119
1071.430 482.124
1071.730 519.129
1072.030 560.133
1072.331 458.138
1072.631 460.142
1072.931 546.147
1073.231 523.152
1073.531 474.156
1073.831 460.161
1074.131 528.165
1074.432 570.170
1074.732 472.174
1075.032 360.179
1075.332 376.184
1075.632 434.188
1075.932 411.193
1076.232 385.197
1076.533 409.202
1076.833 485.206
1077.133 442.211
1077.433 436.215
1077.733 414.220
1078.033 508.224
1078.333 514.229
1078.634 523.233
1078.934 513.238
1079.234 418.242
1079.534 575.247
1079.834 600.251
1080.134 542.256
1080.434 555.260
1080.735 521.265
1081.035 483.269
1081.335 402.274
1081.635 409.278
1081.935 439.283
1082.235 463.287
1082.535 453.292
1082.836 502.296
1083.136 484.300
1083.436 531.305
1083.736 530.309
1084.036 436.314
1084.336 396.318
1084.636 464.323
1084.937 530.327
1085.237 574.331
1085.537 524.336
1085.837 518.340
1086.137 469.345
1086.437 537.349
1086.737 467.354
1087.038 411.358
1087.338 529.362
1087.638 561.367
1087.938 446.371
1088.238 371.375
1088.538 481.380
1088.838 572.384
1089.139 528.389
1089.439 395.393
1089.739 510.397
1090.039 507.402
1090.339 562.406
1090.639 500.410
1090.939 515.415
1091.240 440.419
1091.540 389.423
1091.840 404.428
1092.140 558.432
1092.453 564.436
1092.766 477.441
1093.079 455.445
1093.392 451.449
1093.705 436.454
1094.018 502.458
1094.330 633.462
1094.643 518.467
1094.956 543.471
1095.269 495.475
1095.582 476.480
1095.895 419.484
1096.208 426.488
1096.521 474.492
1096.834 479.497
1097.147 476.501
1097.460 523.505
1097.773 563.510
1098.085 444.514
1098.398 395.518
1098.711 409.522
1099.024 368.527
1099.337 482.531
1099.650 615.535
1099.963 575.539
1100.276 444.544
1100.589 402.548
1100.902 468.552
1101.215 505.556
1101.528 554.561
1101.841 510.565
1102.153 508.569
1102.466 561.573
1102.779 437.577
1103.092 405.582
1103.405 502.586
1103.718 494.590
1104.031 474.594
1104.344 517.598
1104.657 490.603
1104.970 692.607
1105.283 530.611
1105.596 455.615
1105.909 506.619
1106.221 593.624
1106.534 537.628
1106.847 426.632
1107.160 362.636
1107.473 379.640
1107.786 449.644
1108.099 399.648
1108.412 438.653
1108.725 511.657
1109.038 397.661
1109.351 450.665
1109.664 504.669
1109.977 432.673
1110.289 448.677
1110.602 447.682
1110.915 476.686
1111.228 475.690
1111.541 442.694
1111.854 409.698
1112.167 306.702
1112.480 372.706
1112.793 418.710
1113.106 410.714
1113.419 447.719
1113.732 449.723
1114.044 406.727
1114.357 481.731
1114.670 512.735
1114.983 435.739
1115.296 415.743
1115.609 506.747
1115.922 497.751
1116.235 526.755
1116.548 522.759
1116.861 456.763
1117.174 479.767
1117.487 517.771
1117.800 636.775
1118.112 483.780
1118.425 378.784
1118.738 396.788
1119.051 402.792
1119.364 453.796
1119.677 486.800
1119.990 432.804
1120.303 503.808
1120.616 566.812
1120.929 462.816
1121.242 491.820
1121.555 480.824
1121.868 538.828
1122.180 495.832
1122.493 382.836
1122.806 382.840
1123.119 476.844
1123.432 535.848
1123.745 504.852
1124.058 420.856
1124.371 417.860
1124.684 531.864
1124.997 496.868
1125.310 461.872
1125.623 374.876
1125.935 350.879
1126.248 451.883
1126.561 524.887
1126.874 416.891
1127.187 521.895
1127.500 540.899
1127.813 463.903
1128.126 485.907
1128.439 493.911
1128.752 618.915
1129.065 477.919
1129.378 301.923
1129.691 412.927
1130.003 436.931
1130.316 408.935
1130.629 388.938
1130.942 455.942
1131.255 457.946
1131.568 366.950
1131.881 412.954
1132.194 530.958
1132.507 503.962
1132.820 426.966
1133.133 475.970
1133.446 404.974
1133.759 578.977
1134.071 860.981
1134.384 632.985
1134.697 618.989
1135.010 623.993
1135.323 518.997
1135.636 475.001
1135.949 379.004
1136.262 401.008
1136.575 480.012
1136.888 490.016
1137.201 451.020
1137.514 467.024
1137.826 549.028
1138.139 480.031
1138.452 477.035
1138.765 621.039
1139.078 631.043
1139.391 568.047
1139.704 560.051
1140.017 566.054
1140.330 447.058
1140.643 466.062
1140.956 474.066
1141.269 450.070
1141.582 493.073
1141.894 432.077
1142.207 521.081
1142.520 458.085
1142.833 519.089
1143.146 479.092
1143.459 391.096
1143.772 384.100
1144.085 443.104
1144.398 431.107
1144.711 414.111
1145.024 412.115
1145.337 475.119
1145.650 550.122
1145.962 447.126
1146.275 422.130
1146.588 390.134
1146.901 527.137
1147.214 519.141
1147.527 402.145
1147.840 470.149
1148.153 480.152
1148.466 447.156
1148.779 429.160
1149.092 538.164
1149.405 461.167
1149.718 486.171
1150.030 555.175
1150.343 506.178
1150.656 373.182
1150.969 389.186
1151.282 541.190
1151.595 539.193
1151.908 460.197
1152.221 312.201
1152.534 336.204
1152.847 549.208
1153.160 528.212
1153.473 507.215
1153.785 547.219
1154.098 495.223
1154.411 533.226
1154.724 536.230
1155.037 614.234
1155.350 480.238
1155.663 477.241
1155.976 428.245
1156.289 504.248
1156.602 413.252
1156.915 314.256
1157.228 343.259
1157.541 433.263
1157.853 448.267
1158.166 458.270
1158.479 499.274
1158.792 509.278
1159.105 507.281
1159.418 456.285
1159.731 454.289
1160.044 463.292
1160.357 590.296
1160.670 571.299
1160.983 388.303
1161.296 458.307
1161.609 553.310
1161.921 508.314
1162.234 393.317
1162.547 302.321
1162.860 367.325
1163.173 360.328
1163.486 439.332
1163.799 433.335
1164.112 394.339
1164.425 470.343
1164.738 437.346
1165.051 390.350
1165.364 426.353
1165.676 456.357
1165.989 485.360
1166.302 446.364
1166.615 554.368
1166.928 480.371
1167.241 554.375
1167.554 562.378
1167.867 557.382
1168.180 531.385
1168.493 412.389
1168.806 415.392
1169.119 391.396
1169.432 494.399
1169.744 482.403
1170.057 470.407
1170.370 571.410
1170.683 548.414
1170.996 439.417
1171.309 400.421
1171.622 399.424
1171.935 447.428
1172.248 574.431
1172.561 551.435
1172.874 495.438
1173.187 523.442
1173.500 560.445
1173.812 593.449
1174.125 538.452
1174.438 503.456
1174.751 420.459
1175.064 454.463
1175.377 534.466
1175.690 473.470
1176.003 402.473
1176.316 456.477
1176.629 540.480
1176.942 469.483
1177.255 407.487
1177.567 379.490
1177.880 406.494
1178.193 496.497
1178.506 478.501
1178.819 523.504
1179.132 584.508
1179.445 401.511
1179.758 488.515
1180.071 539.518
1180.384 424.521
1180.697 460.525
1181.010 517.528
1181.323 567.532
1181.635 579.535
1181.948 517.539
1182.261 417.542
1182.574 417.545
1182.887 468.549
1183.200 598.552
1183.513 545.556
1183.826 444.559
1184.139 483.562
1184.452 460.566
1184.765 357.569
1185.078 322.573
1185.391 432.576
1185.703 401.579
1186.016 356.583
1186.329 371.586
1186.642 481.590
1186.955 550.593
1187.268 442.596
1187.581 453.600
1187.894 457.603
1188.207 464.607
1188.520 409.610
1188.833 417.613
1189.146 381.617
1189.459 326.620
1189.771 363.623
1190.084 495.627
1190.397 463.630
1190.710 512.633
1191.023 514.637
1191.336 513.640
1191.649 472.643
1191.962 457.647
1192.275 385.650
1192.588 502.653
1192.901 613.657
1193.214 471.660
1193.526 457.663
1193.839 483.667
1194.152 351.670
1194.465 460.673
1194.778 465.677
1195.091 442.680
1195.404 465.683
1195.717 484.687
1196.030 499.690
1196.343 488.693
1196.656 448.697
1196.969 467.700
1197.282 520.703
1197.594 493.706
1197.907 539.710
1198.220 505.713
1198.533 451.716
1198.846 444.720
1199.159 472.723
1199.472 466.726
1199.785 510.729
1200.098 435.733
1200.411 487.736
1200.724 445.739
1201.037 392.743
1201.350 346.746
1201.662 362.749
1201.975 456.752
1202.288 431.756
1202.601 163.759
