165.028 36.542
165.288 -40.978
165.547 81.504
165.807 114.988
166.067 4.475
166.327 -86.035
166.587 -37.544
166.847 64.950
167.107 53.447
167.367 48.945
167.627 111.446
167.886 108.949
168.146 83.455
168.406 199.962
168.666 186.472
168.926 67.984
169.186 91.498
169.446 117.014
169.706 21.532
169.966 94.053
170.225 94.575
170.485 128.099
170.745 169.626
171.005 220.154
171.265 84.684
171.525 71.217
171.785 11.751
172.045 32.287
172.305 130.825
172.564 107.365
172.824 45.906
173.084 142.450
173.344 42.995
173.604 45.542
173.864 170.091
174.124 129.642
174.384 76.194
174.644 159.748
174.903 276.303
175.163 267.860
175.423 268.419
175.683 79.980
175.943 103.542
176.203 73.105
176.463 57.670
176.723 25.237
176.983 60.805
177.242 135.375
177.502 205.946
177.762 218.518
178.022 51.092
178.282 56.667
178.542 44.244
178.802 81.822
179.062 65.401
179.322 233.981
179.581 259.563
179.841 93.146
180.101 105.731
180.361 155.316
180.621 127.903
180.881 102.491
181.141 53.080
181.401 72.671
181.661 206.262
181.920 278.855
182.180 145.448
182.440 49.043
182.700 72.639
182.960 108.235
183.220 104.833
183.480 240.432
183.740 142.032
184.000 60.632
184.259 10.234
184.519 117.836
184.779 70.440
185.039 130.044
185.299 216.649
185.559 186.255
185.819 214.862
186.079 181.469
186.339 126.078
186.598 113.687
186.858 13.297
187.118 61.907
187.378 140.518
187.638 175.130
187.898 224.743
188.158 226.356
188.418 139.970
188.678 72.585
188.937 111.200
189.197 148.816
189.457 183.432
189.717 116.049
189.977 62.666
190.237 133.284
190.497 197.902
190.757 176.521
191.017 141.140
191.276 62.760
191.536 62.380
191.796 59.001
192.056 73.622
192.316 96.243
192.576 33.865
192.836 29.487
193.096 98.110
193.356 102.732
193.616 102.355
193.875 115.979
194.135 110.602
194.395 208.226
194.655 211.850
194.915 204.474
195.175 171.099
195.435 218.724
195.695 87.348
195.955 -9.026
196.214 103.599
196.474 230.224
196.734 255.849
196.994 256.475
197.254 241.101
197.514 228.726
197.774 151.352
198.034 60.978
198.294 83.604
198.553 195.230
198.813 107.856
199.073 48.481
199.333 143.107
199.593 217.733
199.853 214.359
200.113 314.985
200.373 257.610
200.633 89.236
200.892 82.861
201.152 130.486
201.412 133.112
201.672 194.737
201.932 329.362
202.192 291.986
202.452 168.611
202.712 125.235
202.972 173.860
203.231 246.484
203.491 206.107
203.751 171.731
204.011 250.354
204.271 287.977
204.531 140.600
204.791 112.222
205.051 103.844
205.311 186.466
205.570 107.088
205.830 99.709
206.090 124.330
206.350 231.951
206.610 327.571
206.870 191.191
207.130 153.810
207.390 197.429
207.650 202.048
207.909 235.666
208.169 214.284
208.429 190.901
208.689 114.518
208.949 209.135
209.209 249.751
209.469 116.366
209.729 120.981
209.989 145.596
210.248 93.210
210.508 324.824
210.768 266.437
211.028 174.049
211.288 199.661
211.548 212.273
211.808 252.884
212.068 349.494
212.328 310.104
212.587 304.713
212.847 233.322
213.107 272.930
213.367 267.537
213.627 243.144
213.887 198.750
214.147 118.356
214.407 175.961
214.667 200.565
214.926 311.169
215.186 215.772
215.446 217.374
215.706 176.976
215.966 145.577
216.226 166.177
216.486 177.777
216.746 202.376
217.006 226.974
217.265 175.572
217.525 155.168
217.785 190.765
218.045 229.360
218.305 164.955
218.565 130.548
218.825 200.141
219.085 314.734
219.345 212.325
219.604 88.916
219.864 177.506
220.124 251.096
220.384 190.684
220.644 200.272
220.904 164.859
221.164 192.445
221.424 218.030
221.684 137.614
221.943 139.198
222.203 221.781
222.463 160.363
222.723 122.944
222.983 217.524
223.243 169.103
223.503 207.682
223.763 194.260
224.023 146.837
224.282 214.413
224.542 231.988
224.802 268.562
225.062 247.135
225.322 297.708
225.582 237.279
225.842 189.850
226.102 255.420
226.362 259.989
226.621 251.557
226.881 183.124
227.141 213.690
227.401 221.255
227.661 173.819
227.921 299.383
228.181 213.945
228.441 183.507
228.701 344.067
228.960 319.627
229.220 168.186
229.480 152.743
229.740 278.300
230.000 380.856
230.260 236.411
230.520 164.965
230.780 202.518
231.040 214.070
231.299 201.621
231.559 235.171
231.819 225.720
232.079 239.268
232.339 237.815
232.599 157.361
232.859 278.906
233.119 336.450
233.379 269.993
233.638 252.536
233.898 326.077
234.158 284.617
234.418 148.156
234.678 217.694
234.938 274.231
235.198 178.767
235.458 133.303
235.718 207.837
235.978 218.370
236.237 178.902
236.497 225.433
236.757 284.963
237.017 259.492
237.277 245.020
237.537 211.547
237.797 155.073
238.057 284.598
238.317 241.122
238.576 116.644
238.836 206.166
239.096 293.687
239.356 244.207
239.616 222.725
239.876 207.243
240.136 251.760
240.396 389.275
240.656 385.790
240.915 273.303
241.175 228.816
241.435 187.327
241.695 221.838
241.955 333.347
242.215 382.855
242.475 336.362
242.735 214.869
242.995 291.374
243.254 266.878
243.514 239.381
243.774 116.883
244.034 187.384
244.294 369.883
244.554 319.382
244.814 338.880
245.074 272.377
245.334 250.872
245.593 281.367
245.853 220.860
246.113 203.353
246.373 243.844
246.633 309.334
246.893 282.824
247.153 270.312
247.413 352.799
247.673 286.285
247.932 206.770
248.192 239.254
248.452 310.737
248.712 289.219
248.972 163.700
249.232 343.179
249.492 288.658
249.752 185.136
250.012 318.612
250.271 281.088
250.531 276.562
250.791 432.036
251.051 433.508
251.311 273.979
251.571 165.449
251.831 246.918
252.091 238.387
252.351 206.854
252.610 261.319
252.870 300.784
253.130 278.248
253.390 288.711
253.650 302.173
253.911 345.633
254.172 356.093
254.433 255.552
254.694 226.009
254.955 295.466
255.216 258.921
255.477 357.375
255.738 309.829
255.999 224.281
256.261 315.732
256.522 326.182
256.783 335.632
257.044 225.080
257.305 161.527
257.566 126.973
257.827 109.418
258.088 234.862
258.349 240.304
258.610 318.746
258.871 378.187
259.132 381.627
259.393 281.065
259.654 207.503
259.915 162.940
260.176 228.375
260.437 303.810
260.698 264.243
260.959 221.676
261.221 339.107
261.482 404.538
261.743 316.967
262.004 303.396
262.265 432.823
262.526 451.249
262.787 307.675
263.048 240.099
263.309 244.522
263.570 324.944
263.831 342.366
264.092 290.786
264.353 168.205
264.614 426.623
264.875 374.040
265.136 283.457
265.397 446.872
265.658 494.286
265.919 424.699
266.181 353.111
266.442 252.522
266.703 252.932
266.964 280.341
267.225 234.749
267.486 265.157
267.747 325.563
268.008 405.968
268.269 444.372
268.530 385.775
268.791 350.177
269.052 383.578
269.313 379.978
269.574 325.378
269.835 308.776
270.096 311.173
270.357 309.569
270.618 298.964
270.879 251.359
271.141 278.752
271.402 288.144
271.663 227.535
271.924 280.926
272.185 319.315
272.446 311.704
272.707 304.091
272.968 294.477
273.229 274.863
273.490 289.247
273.751 253.631
274.012 305.014
274.273 372.395
274.534 329.776
274.795 327.156
275.056 327.535
275.317 265.912
275.578 201.289
275.839 250.665
276.101 270.040
276.362 226.414
276.623 255.787
276.884 363.160
277.145 341.531
277.406 341.901
277.667 275.271
277.928 285.639
278.189 384.006
278.450 327.373
278.711 316.739
278.972 324.103
279.233 244.467
279.494 345.830
279.755 450.192
280.016 461.553
280.277 375.913
280.538 349.272
280.799 266.631
281.061 300.988
281.322 290.344
281.583 300.700
281.844 269.055
282.105 228.408
282.366 311.761
282.627 316.113
282.888 367.464
283.149 371.814
283.410 278.164
283.671 303.512
283.932 308.860
284.193 196.206
284.454 294.552
284.715 355.897
284.976 287.241
285.237 373.584
285.498 520.926
285.759 399.267
286.021 341.608
286.282 322.947
286.543 375.286
286.804 385.624
287.065 408.961
287.326 402.297
287.587 260.632
287.848 365.966
288.109 424.300
288.370 360.632
288.631 226.964
288.892 198.295
289.153 262.625
289.414 219.955
289.675 339.283
289.936 437.610
290.197 452.937
290.458 331.263
290.719 267.588
290.981 391.912
291.242 417.236
291.503 413.558
291.764 321.880
292.025 189.201
292.286 228.521
292.547 311.840
292.808 289.158
293.069 346.476
293.330 360.792
293.591 340.108
293.852 318.423
294.113 231.738
294.374 264.051
294.635 346.364
294.896 395.676
295.157 440.987
295.418 435.297
295.679 412.606
295.941 351.915
296.202 337.223
296.463 331.530
296.724 473.836
296.985 473.142
297.246 386.446
297.507 269.750
297.768 273.053
298.029 366.355
298.290 457.657
298.551 479.958
298.812 516.258
299.073 331.557
299.334 252.855
299.595 386.153
299.856 360.450
300.117 427.746
300.378 406.041
300.639 265.336
300.901 266.630
301.162 349.923
301.423 392.215
301.684 505.506
301.945 560.797
302.206 388.087
302.467 358.376
302.728 264.665
302.989 294.953
303.250 340.240
303.511 419.526
303.772 436.811
304.033 434.096
304.294 410.380
304.555 357.664
304.816 371.946
305.077 341.228
305.338 271.509
305.599 261.790
305.861 349.069
306.122 401.348
306.383 293.626
306.644 346.904
306.905 250.181
307.166 353.457
307.427 394.732
307.688 345.007
307.949 336.281
308.210 323.554
308.471 337.826
308.732 376.098
308.993 343.369
309.254 353.639
309.515 281.909
309.776 366.178
310.037 355.446
310.298 239.714
310.559 281.981
310.821 409.247
311.082 422.513
311.343 271.777
311.604 270.042
311.865 291.305
312.126 277.568
312.387 361.830
312.648 363.091
312.909 315.352
313.170 339.612
313.434 362.872
313.698 307.130
313.963 380.388
314.227 351.646
314.491 326.902
314.755 362.159
315.019 306.414
315.284 232.669
315.548 341.923
315.812 313.176
316.076 439.429
316.340 481.681
316.604 435.932
316.869 446.183
317.133 427.433
317.397 429.683
317.661 389.932
317.925 342.180
318.190 362.428
318.454 353.675
318.718 346.921
318.982 413.167
319.246 512.412
319.511 561.656
319.775 380.900
320.039 371.143
320.303 382.386
320.567 413.628
320.832 422.869
321.096 382.109
321.360 390.350
321.624 392.589
321.888 344.828
322.153 349.066
322.417 263.304
322.681 214.541
322.945 370.777
323.209 402.013
323.473 356.248
323.738 383.482
324.002 360.716
324.266 443.950
324.530 454.182
324.794 365.414
325.059 312.646
325.323 254.877
325.587 339.107
325.851 384.337
326.115 484.566
326.380 381.795
326.644 371.023
326.908 428.250
327.172 385.477
327.436 352.703
327.701 378.929
327.965 317.154
328.229 332.379
328.493 291.603
328.757 314.826
329.022 414.049
329.286 314.271
329.550 303.493
329.814 332.714
330.078 343.935
330.342 268.154
330.607 276.374
330.871 357.593
331.135 451.811
331.399 502.029
331.663 417.246
331.928 386.463
332.192 395.679
332.456 400.894
332.720 432.109
332.984 304.324
333.249 335.538
333.513 371.751
333.777 235.964
334.041 208.176
334.305 376.388
334.570 371.599
334.834 236.810
335.098 423.020
335.362 483.229
335.626 437.438
335.891 401.647
336.155 400.855
336.419 372.062
336.683 240.269
336.947 308.476
337.211 338.681
337.476 301.887
337.740 357.092
338.004 351.296
338.268 356.500
338.532 408.703
338.797 389.906
339.061 436.108
339.325 492.310
339.589 548.511
339.853 392.712
340.118 361.912
340.382 430.112
340.646 480.311
340.910 316.510
341.174 342.708
341.439 321.906
341.703 399.103
341.967 421.300
342.231 331.496
342.495 302.692
342.759 396.887
343.024 364.082
343.288 455.276
343.552 409.470
343.816 216.663
344.080 248.856
344.345 324.048
344.609 232.240
344.873 189.431
345.137 353.622
345.401 419.813
345.666 303.003
345.930 416.192
346.194 482.381
346.458 327.569
346.722 322.758
346.987 330.945
347.251 366.132
347.515 480.319
347.779 383.505
348.043 369.691
348.308 362.876
348.572 296.061
348.836 288.245
349.100 345.429
349.364 275.612
349.628 246.795
349.893 321.978
350.157 417.160
350.421 389.341
350.685 380.522
350.949 331.703
351.214 274.883
351.478 324.063
351.742 363.242
352.006 379.421
352.270 348.600
352.535 316.778
352.799 314.955
353.063 402.132
353.327 364.309
353.591 304.485
353.856 345.661
354.120 394.836
354.384 425.011
354.648 491.186
354.912 431.360
355.177 337.533
355.441 296.707
355.705 499.879
355.969 519.052
356.233 410.224
356.497 417.395
356.762 374.566
357.026 329.737
357.290 362.907
357.554 405.077
357.818 382.246
358.083 392.415
358.347 406.584
358.611 403.752
358.875 398.920
359.139 437.087
359.404 350.254
359.668 375.421
359.932 446.587
360.196 486.752
360.460 379.918
360.725 397.083
360.989 501.247
361.253 552.411
361.517 450.575
361.781 455.738
362.046 479.901
362.310 494.064
362.574 477.226
362.838 381.387
363.102 348.549
363.366 395.710
363.631 358.870
363.895 365.030
364.159 488.190
364.423 430.349
364.687 457.508
364.952 476.667
365.216 510.825
365.480 400.983
365.747 293.140
366.013 355.297
366.280 369.454
366.546 451.610
366.813 339.766
367.079 378.922
367.346 451.077
367.612 417.232
367.879 451.386
368.145 485.540
368.412 388.694
368.678 366.847
368.945 462.000
369.211 408.152
369.478 385.305
369.744 346.456
370.011 365.608
370.278 366.759
370.544 344.910
370.811 357.060
371.077 391.210
371.344 415.360
371.610 441.509
371.877 414.658
372.143 442.806
372.410 487.954
372.676 561.102
372.943 528.250
373.209 433.397
373.476 365.544
373.742 365.690
374.009 456.836
374.276 469.982
374.542 422.127
374.809 346.272
375.075 242.417
375.342 227.561
375.608 298.705
375.875 322.849
376.141 492.992
376.408 472.135
376.674 447.278
376.941 451.420
377.207 397.562
377.474 622.704
377.740 547.845
378.007 349.986
378.273 405.127
378.540 477.267
378.807 415.407
379.073 343.546
379.340 346.686
379.606 395.825
379.873 367.963
380.139 410.102
380.406 446.240
380.672 421.377
380.939 358.515
381.205 318.652
381.472 278.788
381.738 303.925
382.005 391.061
382.271 410.196
382.538 410.332
382.804 497.467
383.071 412.601
383.338 392.736
383.604 435.870
383.871 452.004
384.137 456.137
384.404 446.270
384.670 410.403
384.937 365.536
385.203 409.668
385.470 384.800
385.736 442.932
386.003 444.063
386.269 437.194
386.536 388.325
386.802 358.455
387.069 428.585
387.336 533.715
387.602 493.844
387.869 312.974
388.135 267.102
388.402 250.231
388.668 337.359
388.935 454.487
389.201 533.615
389.468 495.742
389.734 505.869
390.001 467.996
390.267 408.123
390.534 410.249
390.800 416.375
391.067 478.500
391.333 481.626
391.600 463.751
391.867 423.876
392.133 423.000
392.400 394.124
392.666 336.248
392.933 451.372
393.199 484.495
393.466 431.618
393.732 393.741
393.999 496.863
394.265 450.985
394.532 331.107
394.798 418.229
395.065 383.350
395.331 431.471
395.598 490.592
395.864 513.713
396.131 504.833
396.398 474.953
396.664 504.072
396.931 481.192
397.197 548.311
397.464 451.430
397.730 554.548
397.997 540.667
398.263 479.785
398.530 496.903
398.796 572.020
399.063 564.137
399.329 414.254
399.596 542.371
399.862 567.487
400.129 631.604
400.396 643.719
400.662 508.835
400.929 504.950
401.195 535.066
401.462 602.180
401.728 652.295
401.995 641.409
402.261 607.523
402.528 664.637
402.794 736.751
403.061 830.864
403.327 985.977
403.594 971.090
403.860 936.202
404.127 1012.315
404.393 1160.427
404.660 1298.539
404.931 1400.650
405.202 1433.761
405.473 1454.872
405.745 1604.983
406.016 1783.094
406.287 1726.204
406.558 1758.314
406.829 1849.424
407.100 1794.533
407.371 1992.642
407.642 2034.751
407.914 1980.860
408.185 1901.969
408.456 1908.077
408.727 2061.185
408.998 2049.293
409.269 2145.401
409.540 2179.508
409.811 1946.615
410.083 1904.722
410.354 1848.828
410.625 1710.935
410.896 1753.041
411.167 1774.147
411.438 1744.253
411.709 1516.358
411.981 1560.463
412.252 1353.568
412.523 1179.673
412.794 1268.777
413.065 1309.882
413.336 1107.986
413.607 1130.090
413.878 1116.193
414.150 1008.296
414.421 819.400
414.692 724.502
414.963 710.605
415.234 802.708
415.505 760.810
415.776 786.912
416.047 784.013
416.319 684.115
416.590 560.216
416.861 436.317
417.132 562.418
417.403 557.519
417.674 479.619
417.945 430.719
418.217 444.819
418.488 562.919
418.759 459.019
419.030 392.118
419.301 468.217
419.572 476.316
419.843 470.415
420.114 407.513
420.386 395.611
420.657 499.709
420.928 390.807
421.199 364.905
421.470 395.002
421.741 300.099
422.012 331.196
422.283 372.293
422.555 396.390
422.826 471.486
423.097 571.582
423.368 463.678
423.639 354.774
423.910 434.869
424.181 385.964
424.453 330.059
424.724 545.154
424.995 550.249
425.266 429.343
425.537 371.438
425.808 476.532
426.079 514.626
426.350 407.719
426.622 408.813
426.893 518.906
427.164 474.999
427.435 370.092
427.706 346.184
427.977 342.277
428.248 329.369
428.519 396.461
428.791 361.553
429.062 430.644
429.333 374.736
429.604 382.827
429.875 444.918
430.146 464.009
430.417 468.100
430.689 496.190
430.960 404.280
431.231 405.371
431.502 547.460
431.773 535.550
432.044 403.640
432.315 486.729
432.586 477.818
432.858 542.907
433.129 429.996
433.400 421.084
433.671 496.173
433.942 455.261
434.213 327.349
434.484 334.436
434.755 417.524
435.027 333.612
435.298 409.699
435.569 499.786
435.840 473.873
436.116 427.959
436.391 458.046
436.667 510.132
436.942 570.218
437.218 594.304
437.493 555.390
437.769 592.476
438.045 550.561
438.320 518.646
438.596 528.731
438.871 474.816
439.147 467.901
439.422 453.985
439.698 350.070
439.974 344.154
440.249 520.238
440.525 556.322
440.800 369.405
441.076 448.489
441.351 571.572
441.627 603.655
441.903 556.738
442.178 408.821
442.454 438.903
442.729 575.986
443.005 437.068
443.281 504.150
443.556 623.232
443.832 543.313
444.107 467.395
444.383 471.476
444.658 455.558
444.934 424.639
445.210 544.719
445.485 634.800
445.761 604.881
446.036 508.961
446.312 606.041
446.587 626.121
446.863 466.201
447.139 512.281
447.414 528.360
447.690 556.440
447.965 572.519
448.241 482.598
448.516 474.677
448.792 518.755
449.068 553.834
449.343 574.912
449.619 474.991
449.894 548.069
450.170 523.146
450.445 629.224
450.721 669.302
450.997 428.379
451.272 529.456
451.548 461.534
451.823 466.610
452.099 601.687
452.375 524.764
452.650 477.840
452.926 526.917
453.201 578.993
453.477 724.069
453.752 638.145
454.028 510.220
454.304 593.296
454.579 684.371
454.855 671.446
455.130 601.521
455.406 684.596
455.681 647.671
455.957 571.746
456.233 557.820
456.508 576.894
456.784 559.969
457.059 542.043
457.335 691.116
457.610 610.190
457.886 545.264
458.162 455.337
458.437 432.410
458.713 556.483
458.988 538.556
459.264 531.629
459.539 548.702
459.815 520.774
460.091 484.847
460.366 440.919
460.642 426.991
460.917 473.063
461.193 523.135
461.468 471.206
461.744 457.278
462.020 459.349
462.295 536.420
462.571 529.491
462.846 546.562
463.122 625.633
463.397 569.704
463.673 454.320
463.949 425.419
464.224 416.498
464.500 463.521
464.775 456.055
465.051 490.144
465.327 493.700
465.602 549.165
465.878 512.820
466.153 396.609
466.429 555.915
466.704 765.010
466.980 688.609
467.256 665.678
467.531 650.397
467.807 577.971
468.082 574.031
468.358 547.499
468.633 571.304
468.909 518.160
469.185 426.286
469.460 557.568
469.736 647.824
470.011 471.659
470.287 455.155
470.562 544.850
470.838 435.477
471.114 511.742
471.389 532.012
471.665 472.961
471.940 558.527
472.216 530.254
472.491 431.567
472.767 477.711
473.043 593.396
473.318 659.386
473.594 463.638
473.869 466.211
474.145 505.952
474.421 459.223
474.696 459.289
474.972 423.163
475.247 482.784
475.523 584.191
475.798 580.775
476.074 523.223
476.350 516.160
476.625 538.158
476.901 542.301
477.176 546.906
477.452 437.564
477.727 427.455
478.003 340.704
478.279 516.581
478.554 613.190
478.830 514.183
479.105 503.051
479.381 492.463
479.656 430.660
479.932 472.841
480.208 550.361
480.483 514.478
480.759 559.031
481.034 532.266
481.310 497.985
481.585 522.246
481.861 496.098
482.137 433.224
482.412 514.339
482.688 524.412
482.963 598.170
483.239 664.766
483.514 480.459
483.790 492.559
484.066 620.000
484.341 556.568
484.617 481.298
484.892 505.276
485.168 555.087
485.443 453.204
485.719 478.114
485.995 544.686
486.270 558.080
486.546 475.928
486.821 381.031
487.097 340.851
487.373 387.911
487.648 571.261
487.924 599.273
488.199 423.890
488.475 285.441
488.750 323.174
489.026 439.349
489.302 376.600
489.577 364.523
489.853 436.702
490.128 603.262
490.404 544.021
490.679 417.854
490.955 554.355
491.231 581.782
491.506 539.355
491.782 464.524
492.057 424.987
492.333 487.665
492.608 457.389
492.884 493.648
493.160 394.878
493.435 410.414
493.711 479.098
493.986 416.980
494.262 428.229
494.537 430.245
494.813 504.324
495.089 406.643
495.364 399.822
495.640 425.418
495.915 449.049
496.191 547.429
496.467 464.279
496.742 434.778
497.018 486.036
497.293 459.438
497.569 531.093
497.844 489.625
498.120 516.412
498.396 558.166
498.671 512.102
498.947 529.038
499.222 497.810
499.498 467.514
499.773 538.215
500.049 557.289
500.325 570.873
500.600 589.069
500.876 543.667
501.151 636.086
501.427 597.622
501.702 594.257
501.978 624.462
502.254 648.936
502.529 548.739
502.805 660.121
503.080 738.461
503.356 644.407
503.631 608.748
503.907 585.742
504.183 554.419
504.458 638.481
504.734 568.121
505.009 620.753
505.285 575.888
505.560 591.537
505.836 566.885
506.112 557.829
506.387 511.323
506.663 482.547
506.938 495.745
507.214 490.741
507.490 554.945
507.765 521.137
508.041 576.689
508.316 617.104
508.592 511.180
508.867 544.923
509.143 622.818
509.419 584.679
509.694 517.359
509.970 446.196
510.245 444.353
510.521 545.959
510.796 477.533
511.072 405.655
511.348 460.729
511.623 531.567
511.899 483.312
512.174 511.681
512.450 539.993
512.725 535.082
513.001 459.279
513.277 449.963
513.552 564.735
513.828 537.043
514.103 536.563
514.379 610.119
514.654 500.699
514.930 508.855
515.206 772.387
515.481 659.578
515.757 469.302
516.032 431.707
516.308 546.144
516.583 601.267
516.859 484.271
517.135 524.239
517.410 609.757
517.686 608.831
517.961 553.483
518.237 550.515
518.513 518.516
518.788 761.774
519.064 744.904
519.339 679.968
519.615 610.824
519.890 640.173
520.166 711.855
520.442 827.673
520.717 805.580
520.993 800.620
521.268 732.521
521.544 733.528
521.819 747.532
522.095 773.730
522.371 807.547
522.646 866.076
522.922 935.213
523.197 840.429
523.473 874.118
523.748 890.429
524.024 816.788
524.300 757.501
524.575 686.730
524.851 770.984
525.126 785.586
525.402 791.165
525.677 862.978
525.953 809.614
526.229 751.339
526.504 714.780
526.780 836.509
527.055 797.161
527.331 788.591
527.606 848.775
527.882 793.459
528.158 686.024
528.433 808.304
528.709 727.731
528.984 707.620
529.260 757.099
529.535 767.941
529.811 604.678
530.087 529.849
530.362 540.999
530.638 635.803
530.913 681.430
531.189 684.060
531.465 594.333
531.740 551.470
532.016 588.795
532.291 542.415
532.567 600.678
532.842 625.913
533.118 599.403
533.394 639.832
533.669 529.250
533.945 482.599
534.220 498.204
534.496 604.864
534.771 632.785
535.047 596.370
535.323 533.517
535.598 595.476
535.874 661.528
536.149 673.946
536.425 697.151
536.700 728.502
536.976 866.246
537.252 1029.060
537.527 988.854
537.803 1084.179
538.078 1231.795
538.354 1327.214
538.629 1347.262
538.905 1398.483
539.181 1540.335
539.456 1592.643
539.732 1773.920
540.007 1869.715
540.283 1723.382
540.558 1736.528
540.834 1707.362
541.110 1665.528
541.385 1683.390
541.661 1743.826
541.936 1745.594
542.212 1715.901
542.488 1730.807
542.763 1806.169
543.039 1833.794
543.314 1792.166
543.590 1749.298
543.865 1750.331
544.141 1696.745
544.417 1697.778
544.692 1716.685
544.968 1861.709
545.243 1774.136
545.519 1652.254
545.794 1654.929
546.070 1729.521
546.348 1724.315
546.627 1611.308
546.905 1744.293
547.183 1820.311
547.461 1922.634
547.740 1976.297
548.018 1978.300
548.296 1939.631
548.575 1909.878
548.853 1905.944
549.131 2002.308
549.409 2126.351
549.688 2258.334
549.966 2291.110
550.244 2368.528
550.523 2288.914
550.801 2269.854
551.079 2412.058
551.357 2499.138
551.636 2428.524
551.914 2466.177
552.192 2569.765
552.471 2585.172
552.749 2705.238
553.027 2914.227
553.306 2987.111
553.584 3118.907
553.862 3151.244
554.140 3315.327
554.419 3332.067
554.697 3411.437
554.975 3469.780
555.254 3460.559
555.532 3184.754
555.810 3192.415
556.088 3268.025
556.367 3132.716
556.645 2850.521
556.923 2747.444
557.202 2671.923
557.480 2552.859
557.758 2325.394
558.036 2172.180
558.315 2069.268
558.593 1980.242
558.871 1808.932
559.150 1657.645
559.428 1547.972
559.706 1358.198
559.984 1272.945
560.263 1397.113
560.541 1259.713
560.819 1081.771
561.098 1063.379
561.376 998.990
561.654 871.139
561.932 760.366
562.211 807.931
562.489 838.704
562.767 768.835
563.046 667.783
563.324 602.876
563.602 655.362
563.880 622.137
564.159 671.115
564.437 691.599
564.715 541.624
564.994 495.592
565.272 569.522
565.550 537.370
565.828 456.345
566.107 536.477
566.385 572.123
566.663 513.066
566.942 485.734
567.220 488.649
567.498 627.614
567.776 547.839
568.055 485.372
568.333 575.789
568.611 633.772
568.890 539.392
569.168 466.142
569.446 551.649
569.725 546.851
570.003 407.753
570.281 407.213
570.559 522.333
570.838 542.232
571.116 557.325
571.394 600.962
571.673 628.736
571.951 569.184
572.229 536.207
572.507 518.296
572.786 526.615
573.064 551.503
573.342 553.482
573.621 455.082
573.899 504.871
574.177 673.365
574.455 631.045
574.734 524.062
575.012 590.630
575.290 561.858
575.569 563.421
575.847 580.689
576.125 583.665
576.403 505.685
576.682 551.446
576.960 590.003
577.243 598.312
577.527 508.293
577.810 402.906
578.093 464.479
578.377 491.121
578.660 489.176
578.944 481.303
579.227 495.159
579.510 526.405
579.794 532.911
580.077 522.504
580.360 538.927
580.644 505.730
580.927 433.700
581.210 482.439
581.494 507.336
581.777 551.639
582.061 466.562
582.344 429.172
582.627 457.120
582.911 516.972
583.194 479.595
583.477 541.502
583.761 584.448
584.044 614.419
584.327 579.100
584.611 538.172
584.894 513.228
585.178 494.278
585.461 518.285
585.744 513.320
586.028 461.865
586.311 490.895
586.594 556.926
586.878 511.957
587.161 469.987
587.444 499.018
587.728 527.049
588.011 562.079
588.295 433.110
588.578 492.647
588.861 638.532
589.145 556.201
589.428 508.740
589.711 439.261
589.995 443.847
590.278 558.763
590.562 486.351
590.845 427.953
591.128 616.179
591.412 588.265
591.695 488.982
591.978 610.280
592.262 610.920
592.545 472.144
592.828 604.381
593.112 558.943
593.395 474.227
593.679 444.899
593.962 583.375
594.245 586.804
594.529 484.346
594.812 407.352
595.095 352.066
595.379 547.026
595.662 607.241
595.945 494.452
596.229 418.594
596.512 435.616
596.796 553.024
597.079 564.386
597.362 663.424
597.646 695.438
597.929 564.903
598.212 531.764
598.496 493.255
598.779 564.860
599.062 611.285
599.346 486.930
599.629 479.575
599.913 492.923
600.196 517.582
600.479 540.722
600.763 521.579
601.046 439.952
601.329 513.247
601.613 554.068
601.896 535.414
602.179 561.438
602.463 517.261
602.746 525.147
603.030 610.637
603.313 597.307
603.596 463.870
603.880 499.718
604.163 464.451
604.446 437.578
604.730 438.585
605.013 498.848
605.296 531.685
605.580 497.432
605.863 558.184
606.147 500.425
606.430 471.069
606.713 506.838
606.997 458.390
607.280 611.589
607.563 546.058
607.847 503.517
608.130 581.905
608.414 586.255
608.697 527.573
608.980 510.487
609.264 570.818
609.547 500.746
609.830 504.690
610.114 524.305
610.397 531.187
610.680 549.285
610.964 536.663
611.247 598.454
611.531 493.081
611.814 374.363
612.097 431.308
612.381 537.774
612.664 660.016
612.947 529.522
613.231 447.114
613.514 422.039
613.797 538.961
614.081 565.509
614.364 514.455
614.648 414.284
614.931 396.628
615.214 442.823
615.498 503.265
615.781 492.959
616.064 451.646
616.348 533.365
616.631 559.532
616.914 594.439
617.198 541.849
617.481 461.086
617.765 439.870
618.048 507.457
618.331 490.701
618.615 456.626
618.898 555.466
619.181 583.159
619.465 533.316
619.748 455.201
620.031 420.034
620.315 399.663
620.598 467.545
620.882 514.708
621.165 643.475
621.448 642.506
621.732 580.484
622.015 450.161
622.298 480.994
622.582 547.368
622.865 508.979
623.148 472.041
623.432 557.095
623.715 476.039
623.999 618.443
624.282 607.041
624.565 597.221
624.849 521.794
625.132 489.605
625.415 655.960
625.699 664.720
625.982 575.946
626.265 530.624
626.549 498.800
626.832 549.330
627.116 629.152
627.399 543.319
627.682 995.877
627.966 811.616
628.249 452.675
628.532 431.139
628.816 589.777
629.099 506.044
629.383 506.563
629.666 531.549
629.949 509.069
630.233 459.373
630.516 526.416
630.799 569.909
631.083 487.379
631.366 413.608
631.649 402.206
631.933 387.144
632.216 455.901
632.500 478.405
632.783 496.452
633.066 518.769
633.350 559.801
633.633 604.650
633.916 561.963
634.200 508.595
634.483 526.330
634.766 602.208
635.050 597.653
635.333 501.008
635.617 499.129
635.900 587.305
636.183 630.681
636.467 670.750
636.750 698.752
637.033 700.661
637.317 625.328
637.600 601.266
637.883 571.615
638.167 611.438
638.450 638.405
638.734 635.618
639.017 714.291
639.300 751.766
639.584 740.794
639.867 908.262
640.150 878.349
640.434 890.531
640.717 939.253
641.000 922.452
641.284 987.894
641.567 972.002
641.851 1047.705
642.134 1200.295
642.417 1198.260
642.701 1345.333
642.984 1481.480
643.267 1472.103
643.551 1493.660
643.834 1583.178
644.117 1771.792
644.401 1967.475
644.684 2297.393
644.968 2700.790
645.251 2873.699
645.534 3119.499
645.818 3441.284
646.101 3877.400
646.384 4405.120
646.668 4879.319
646.951 5259.622
647.235 5804.060
647.518 6259.908
647.801 6737.372
648.085 7205.245
648.368 7673.504
648.651 7848.336
648.935 8441.292
649.218 9022.292
649.501 9362.578
649.785 9891.448
650.068 10662.962
650.352 11293.448
650.635 11928.907
650.918 12442.578
651.202 13230.386
651.485 13926.732
651.768 14358.241
652.052 14633.834
652.335 14924.463
652.618 15147.165
652.902 15366.561
653.185 15574.017
653.469 15772.200
653.752 15969.042
654.035 16069.944
654.319 16214.070
654.602 16181.724
654.885 16082.296
655.169 16119.968
655.452 15869.241
655.735 15937.915
656.019 16031.904
656.302 16158.420
656.586 16253.473
656.869 16319.255
657.152 16387.050
657.436 16227.434
657.719 16296.095
658.002 16690.554
658.286 16745.818
658.569 16927.438
658.852 16931.511
659.136 17181.140
659.419 17173.039
659.703 17396.411
659.986 17466.482
660.269 17384.035
660.553 17171.267
660.836 17181.451
661.119 17171.309
661.403 17205.284
661.686 16958.911
661.969 16621.190
662.253 16306.555
662.536 16028.121
662.820 15661.959
663.103 15235.002
663.386 14708.654
663.670 14138.695
663.953 13398.556
664.236 12819.446
664.520 12172.051
664.803 11714.118
665.086 11133.456
665.370 10614.868
665.653 10049.539
665.937 9521.212
666.220 8952.267
666.503 8414.762
666.787 7839.732
667.070 7262.191
667.353 6739.853
667.637 6176.507
667.920 5760.705
668.204 5176.069
668.487 4718.307
668.770 4439.018
669.054 3835.168
669.337 3459.893
669.620 3205.071
669.904 2963.538
670.187 2796.345
670.470 2754.321
670.754 2464.545
671.037 2213.981
671.321 2072.822
671.604 2053.490
671.887 1977.822
672.171 1925.642
672.454 1814.286
672.737 1699.171
673.021 1615.806
673.304 1569.230
673.587 1673.973
673.871 1630.112
674.154 1478.941
674.438 1480.480
674.721 1457.890
675.004 1338.010
675.288 1282.475
675.571 1227.173
675.854 1107.728
676.138 1038.787
676.421 1063.614
676.704 962.460
676.988 1005.862
677.271 1184.607
677.555 1119.668
677.838 1008.002
678.121 947.063
678.405 901.424
678.688 984.259
678.971 788.188
679.255 841.112
679.538 954.203
679.821 945.923
680.105 768.317
680.388 704.992
680.672 739.009
680.955 716.159
681.238 673.220
681.522 657.986
681.805 716.373
682.088 755.229
682.372 768.549
682.655 667.074
682.938 706.760
683.222 665.025
683.505 619.763
683.789 699.197
684.072 681.452
684.355 696.418
684.639 654.683
684.922 541.968
685.205 527.373
685.489 649.522
685.772 653.354
686.056 669.747
686.339 716.837
686.622 550.433
686.906 523.312
687.189 608.926
687.472 700.803
687.756 636.483
688.039 605.851
688.322 525.494
688.606 622.591
688.889 616.346
689.173 550.603
689.456 617.428
689.739 593.438
690.023 584.496
690.306 606.413
690.589 558.925
690.873 607.269
691.156 646.830
691.439 612.509
691.723 482.455
692.006 516.309
692.290 535.005
692.573 582.235
692.856 576.901
693.140 606.971
693.423 544.250
693.706 454.676
693.990 452.720
694.273 492.560
694.556 644.804
694.840 766.115
695.123 610.383
695.407 597.387
695.690 562.189
695.973 563.817
696.257 633.286
696.540 754.051
696.830 652.575
697.120 624.843
697.410 619.086
697.699 553.853
697.989 710.066
698.279 640.043
698.569 515.429
698.859 543.111
699.149 603.367
699.439 530.246
699.729 483.804
700.018 466.474
700.308 518.004
700.598 453.801
700.888 428.045
701.178 524.074
701.468 480.963
701.758 433.887
702.048 504.307
702.337 437.089
702.627 512.914
702.917 475.595
703.207 446.457
703.497 480.230
703.787 384.286
704.077 352.497
704.366 469.276
704.656 422.683
704.946 386.432
705.236 394.055
705.526 510.445
705.816 575.331
706.106 346.459
706.396 360.075
706.685 428.532
706.975 349.105
707.265 337.527
707.555 502.067
707.845 517.937
708.135 407.943
708.425 330.663
708.715 385.408
709.004 496.704
709.294 497.708
709.584 484.908
709.874 524.372
710.164 531.291
710.454 468.128
710.744 416.349
711.034 441.596
711.323 447.632
711.613 431.900
711.903 552.436
712.193 579.000
712.483 471.838
712.773 463.004
713.063 443.466
713.352 462.201
713.642 448.606
713.932 535.551
714.222 557.893
714.512 484.408
714.802 438.942
715.092 535.856
715.382 464.236
715.671 412.197
715.961 416.235
716.251 328.581
716.541 378.329
716.831 431.826
717.121 384.578
717.411 469.982
717.701 548.466
717.990 473.840
718.280 462.443
718.570 406.107
718.860 374.246
719.150 389.900
719.440 395.268
719.730 392.795
720.019 570.870
720.309 575.251
720.599 507.453
720.889 408.918
721.179 467.306
721.469 517.577
721.759 457.685
722.049 501.803
722.338 419.364
722.628 394.248
722.918 439.949
723.208 468.695
723.498 347.556
723.788 437.414
724.078 599.123
724.368 525.076
724.657 471.599
724.947 469.175
725.237 503.427
725.527 576.800
725.817 467.291
726.107 446.417
726.397 434.827
726.686 372.946
726.976 426.152
727.266 483.227
727.556 395.233
727.846 471.139
728.136 483.270
728.426 420.268
728.716 408.655
729.005 530.762
729.295 501.707
729.585 361.919
729.875 356.387
730.165 418.823
730.455 465.394
730.745 483.336
731.035 505.681
731.324 512.516
731.614 465.904
731.904 399.316
732.194 477.075
732.484 477.554
732.774 484.377
733.064 457.154
733.354 403.667
733.643 414.619
733.933 440.545
734.223 376.231
734.513 513.673
734.803 578.578
735.093 444.934
735.383 437.570
735.672 482.506
735.962 491.293
736.252 376.457
736.542 434.016
736.832 418.359
737.122 377.607
737.412 393.307
737.702 481.048
737.991 470.267
738.281 472.190
738.571 416.730
738.861 443.155
739.151 429.390
739.441 475.196
739.731 405.397
740.021 392.417
740.310 464.810
740.600 527.474
740.890 359.947
741.180 368.569
741.470 459.402
741.760 521.607
742.050 605.531
742.339 522.667
742.629 413.878
742.919 524.674
743.209 404.604
743.499 353.584
743.789 410.383
744.079 442.080
744.369 478.254
744.658 424.707
744.948 334.201
745.238 474.289
745.528 493.133
745.818 561.096
746.108 481.745
746.398 486.210
746.688 420.682
746.977 516.029
747.267 443.550
747.557 462.891
747.847 553.362
748.137 512.135
748.427 428.567
748.717 429.008
749.006 362.923
749.296 375.250
749.586 419.666
749.876 525.676
750.166 465.928
750.456 456.437
750.746 488.842
751.036 386.061
751.325 447.951
751.615 406.454
751.905 453.421
752.195 449.888
752.485 414.901
752.775 451.366
753.065 420.348
753.355 596.538
753.644 575.531
753.934 475.872
754.224 477.414
754.514 565.256
754.804 389.176
755.094 316.973
755.384 392.212
755.674 467.451
755.963 504.576
756.253 471.963
756.543 517.642
756.833 519.701
757.123 487.064
757.413 447.366
757.703 376.022
757.992 366.990
758.282 458.000
758.572 458.474
758.862 367.030
759.152 458.501
759.442 450.021
759.732 506.768
760.022 564.068
760.311 423.803
760.601 337.297
760.891 481.174
761.181 561.105
761.471 520.435
761.761 395.091
762.051 418.267
762.341 505.384
762.630 588.484
762.920 429.383
763.210 415.716
763.500 467.677
763.793 414.317
764.086 453.605
764.379 456.179
764.671 529.633
764.964 464.253
765.257 458.230
765.550 476.304
765.843 399.704
766.136 430.967
766.429 434.004
766.722 419.481
767.014 393.921
767.307 297.654
767.600 358.090
767.893 347.375
768.186 301.016
768.479 424.013
768.772 521.808
769.064 489.563
769.357 438.730
769.650 453.298
769.943 544.495
770.236 451.860
770.529 393.860
770.822 395.889
771.115 466.466
771.407 570.885
771.700 551.725
771.993 553.305
772.286 538.632
772.579 550.198
772.872 449.404
773.165 418.167
773.457 461.526
773.750 504.386
774.043 445.871
774.336 406.940
774.629 500.890
774.922 491.317
775.215 384.367
775.508 412.810
775.800 435.546
776.093 503.469
776.386 501.969
776.679 397.753
776.972 464.231
777.265 633.428
777.558 674.050
777.850 560.822
778.143 508.573
778.436 502.055
778.729 474.427
779.022 467.404
779.315 421.185
779.608 396.071
779.900 413.169
780.193 414.186
780.486 444.907
780.779 452.496
781.072 355.863
781.365 405.379
781.658 447.967
781.951 372.678
782.243 440.079
782.536 499.208
782.829 483.155
783.122 480.155
783.415 506.767
783.708 511.794
784.001 527.854
784.293 523.854
784.586 534.363
784.879 558.423
785.172 513.832
785.465 451.232
785.758 444.230
786.051 497.348
786.344 583.365
786.636 659.036
786.929 467.856
787.222 433.701
787.515 414.827
787.808 410.013
788.101 412.023
788.394 498.948
788.686 580.878
788.979 609.470
789.272 569.912
789.565 497.498
789.858 390.723
790.151 380.136
790.444 356.172
790.737 393.540
791.029 403.744
791.322 473.615
791.615 399.376
791.908 447.139
792.201 470.656
792.494 456.240
792.787 485.677
793.079 600.829
793.372 518.569
793.665 492.178
793.958 467.264
794.251 481.234
794.544 544.511
794.837 645.763
795.130 505.196
795.422 462.336
795.715 462.347
796.008 472.800
796.301 497.766
796.594 459.928
796.887 499.780
797.180 563.101
797.472 465.405
797.765 350.761
798.058 411.179
798.351 399.636
798.644 389.677
798.937 363.766
799.230 436.124
799.523 715.733
799.815 638.974
800.108 427.619
800.401 358.837
800.694 478.967
800.987 408.709
801.280 448.498
801.573 515.442
801.865 556.412
802.158 562.854
802.451 482.027
802.744 424.154
803.037 440.133
803.330 441.582
803.623 538.957
803.915 524.996
804.208 424.632
804.501 463.531
804.794 517.596
805.087 467.089
805.380 379.860
805.673 387.499
805.966 476.599
806.258 424.983
806.551 486.088
806.844 497.143
807.137 539.865
807.430 394.755
807.723 371.674
808.016 537.347
808.308 569.626
808.601 443.995
808.894 385.543
809.187 440.323
809.480 461.018
809.773 390.213
810.066 471.100
810.359 566.247
810.651 567.401
810.944 378.332
811.237 376.706
811.530 498.816
811.825 411.451
812.119 362.611
812.414 291.986
812.709 404.413
813.003 453.825
813.298 393.721
813.593 483.688
813.887 460.942
814.182 603.876
814.476 559.829
814.771 530.398
815.066 456.209
815.360 335.837
815.655 325.685
815.950 415.549
816.244 467.441
816.539 569.322
816.834 542.829
817.128 534.210
817.423 546.928
817.718 647.798
818.012 521.597
818.307 276.196
818.602 416.576
818.896 519.084
819.191 484.685
819.486 484.664
819.780 543.377
820.075 615.717
820.369 639.752
820.664 475.828
820.959 492.402
821.253 532.301
821.548 478.426
821.843 513.698
822.137 489.294
822.432 514.283
822.727 525.257
823.021 471.536
823.316 533.691
823.611 560.997
823.905 486.634
824.200 439.760
824.495 475.509
824.789 537.756
825.084 557.221
825.379 501.912
825.673 485.557
825.968 485.537
826.262 468.054
826.557 500.375
826.852 541.256
827.146 510.481
827.441 500.406
827.736 521.118
828.030 448.356
828.325 340.672
828.620 512.657
828.914 608.855
829.209 458.626
829.504 606.524
829.798 608.426
830.093 457.687
830.388 399.558
830.682 398.091
830.977 522.107
831.271 482.155
831.566 391.236
831.861 410.263
832.155 427.278
832.450 514.546
832.745 554.702
833.039 470.782
833.334 403.968
833.629 477.734
833.923 431.414
834.218 446.341
834.513 400.520
834.807 359.052
835.102 294.489
835.397 413.770
835.691 433.784
835.986 401.933
836.281 407.618
836.575 421.905
836.870 387.888
837.164 377.524
837.459 386.930
837.754 425.025
838.048 392.598
838.343 384.177
838.638 424.195
838.932 478.093
839.227 457.328
839.522 437.347
839.816 463.512
840.111 439.302
840.406 384.851
840.700 487.711
840.995 641.309
841.290 628.540
841.584 532.121
841.879 556.614
842.174 490.518
842.468 445.536
842.763 379.211
843.057 478.727
843.352 444.640
843.647 437.410
843.941 444.543
844.236 478.825
844.531 500.483
844.825 549.129
845.120 543.867
845.415 535.250
845.709 495.002
846.004 512.225
846.299 403.460
846.593 544.803
846.888 543.890
847.183 445.916
847.477 455.460
847.772 528.430
848.066 501.768
848.361 471.031
848.656 490.963
848.950 494.381
849.245 549.877
849.540 456.066
849.834 634.148
850.129 624.564
850.424 480.631
850.718 444.412
851.013 534.078
851.308 450.811
851.602 551.855
851.897 623.331
852.192 659.798
852.486 497.930
852.781 471.595
853.076 607.917
853.370 537.437
853.665 560.331
853.959 568.195
854.254 543.612
854.549 659.176
854.843 530.485
855.138 469.132
855.433 579.596
855.727 645.693
856.022 534.239
856.317 521.231
856.611 570.743
856.906 434.151
857.201 532.329
857.495 654.190
857.790 636.710
858.085 597.844
858.379 534.820
858.674 448.260
858.969 422.274
859.263 436.353
859.558 434.921
859.852 392.217
860.147 485.665
860.442 586.814
860.736 435.669
861.031 529.807
861.326 589.980
861.620 437.940
861.915 545.726
862.210 581.532
862.504 452.887
862.799 538.385
863.094 574.483
863.388 461.808
863.683 461.327
863.978 417.764
864.272 425.315
864.567 449.169
864.861 469.179
865.156 436.992
865.451 346.601
865.745 496.469
866.040 576.988
866.335 536.673
866.629 578.311
866.924 469.874
867.219 436.167
867.513 515.980
867.808 473.197
868.103 463.183
868.397 495.111
868.692 528.463
868.987 456.294
869.281 434.367
869.576 574.353
869.871 585.798
870.165 437.907
870.460 351.822
870.754 386.917
871.049 364.332
871.344 420.055
871.638 518.523
871.933 442.633
872.228 452.048
872.522 432.504
872.817 486.592
873.112 639.243
873.406 534.941
873.701 550.559
873.996 529.047
874.290 459.474
874.585 445.969
874.880 497.921
875.174 474.240
875.469 409.056
875.764 433.766
876.058 393.818
876.353 318.040
876.647 360.621
876.942 414.026
877.237 448.252
877.531 441.251
877.826 498.989
878.121 465.255
878.415 423.035
878.710 424.682
879.005 508.008
879.299 453.799
879.594 423.790
879.889 300.279
880.183 310.981
880.478 402.726
880.773 405.716
881.067 370.485
881.362 459.105
881.656 399.950
881.951 403.291
882.246 356.014
882.540 400.526
882.835 419.650
883.130 421.109
883.424 386.992
883.719 355.213
884.014 473.666
884.308 450.473
884.603 368.418
884.898 355.648
885.192 438.703
885.487 440.517
885.782 392.487
886.076 499.702
886.371 482.654
886.666 299.268
886.960 341.122
887.255 344.405
887.549 350.052
887.844 501.087
888.139 541.644
888.433 475.740
888.728 386.092
889.023 416.295
889.317 433.294
889.612 379.773
889.907 410.418
890.201 416.619
890.496 430.405
890.791 436.215
891.085 425.246
891.380 394.361
891.675 414.151
891.969 436.243
892.264 338.181
892.559 359.650
892.853 472.949
893.148 422.647
893.442 414.860
893.737 480.489
894.032 414.874
894.326 365.542
894.621 357.619
894.916 286.513
895.210 339.131
895.505 432.793
895.800 385.437
896.094 298.267
896.389 353.879
896.684 412.502
896.978 380.371
897.273 314.737
897.568 389.554
897.862 427.041
898.157 375.765
898.451 478.760
898.746 437.174
899.041 480.969
899.335 473.004
899.630 429.104
899.925 436.702
900.219 477.453
900.514 520.898
900.809 390.623
901.103 290.468
901.398 449.445
901.693 437.295
901.987 374.412
902.282 440.871
902.577 359.595
902.871 319.174
903.166 411.348
903.461 464.400
903.755 425.501
904.050 379.161
904.344 318.807
904.639 360.680
904.934 414.871
905.228 379.652
905.523 313.959
905.818 365.035
906.112 481.258
906.407 431.591
906.702 347.388
906.996 391.344
907.291 416.720
907.586 374.305
907.880 519.746
908.175 486.589
908.470 392.960
908.764 409.866
909.059 486.585
909.354 452.808
909.648 392.041
909.943 397.528
910.237 482.434
910.532 506.240
910.827 555.742
911.121 581.029
911.416 469.972
911.711 440.567
912.005 457.960
912.300 447.741
912.599 542.423
912.898 482.300
913.196 439.122
913.495 459.537
913.794 534.747
914.093 426.551
914.391 418.049
914.690 501.315
914.989 451.370
915.288 492.000
915.586 473.301
915.885 392.733
916.184 335.315
916.483 332.508
916.782 434.643
917.080 517.357
917.379 487.265
917.678 421.755
917.977 526.928
918.275 563.384
918.574 512.812
918.873 545.594
919.172 506.678
919.471 423.503
919.769 388.496
920.068 343.400
920.367 357.461
920.666 336.747
920.964 418.809
921.263 393.611
921.562 360.594
921.861 437.156
922.159 403.094
922.458 408.920
922.757 443.194
923.056 452.745
923.355 392.378
923.653 490.328
923.952 472.598
924.251 428.778
924.550 523.789
924.848 508.550
925.147 420.872
925.446 408.400
925.745 449.974
926.043 430.957
926.342 434.254
926.641 444.695
926.940 488.166
927.239 450.411
927.537 507.794
927.836 463.282
928.135 407.434
928.434 454.001
928.732 463.004
929.031 491.045
929.330 473.597
929.629 466.356
929.927 464.234
930.226 411.779
930.525 424.933
930.824 506.561
931.123 442.258
931.421 512.375
931.720 503.498
932.019 558.663
932.318 497.153
932.616 462.348
932.915 459.957
933.214 491.157
933.513 468.761
933.812 440.023
934.110 518.659
934.409 550.584
934.708 533.650
935.007 706.555
935.305 687.164
935.604 530.664
935.903 575.685
936.202 584.715
936.500 662.976
936.799 771.480
937.098 664.532
937.397 615.697
937.696 497.403
937.994 499.304
938.293 582.638
938.592 535.907
938.891 584.848
939.189 567.000
939.488 624.309
939.787 735.972
940.086 639.892
940.384 657.394
940.683 620.275
940.982 518.445
941.281 618.818
941.580 854.128
941.878 893.432
942.177 690.374
942.476 663.836
942.775 657.485
943.073 536.077
943.372 532.368
943.671 608.624
943.970 717.553
944.268 698.529
944.567 580.558
944.866 593.725
945.165 569.511
945.464 505.287
945.762 454.467
946.061 721.292
946.360 797.325
946.659 795.340
946.957 723.472
947.256 646.535
947.555 601.368
947.854 628.776
948.153 578.905
948.451 596.629
948.750 616.079
949.049 622.008
949.348 734.529
949.646 601.107
949.945 583.517
950.244 696.660
950.543 639.721
950.841 565.651
951.140 533.481
951.439 462.879
951.738 464.482
952.037 540.005
952.335 679.059
952.634 627.605
952.933 511.871
953.232 578.175
953.530 375.848
953.829 575.034
954.128 671.225
954.427 651.323
954.725 707.292
955.024 721.875
955.323 682.502
955.622 502.840
955.921 458.148
956.219 523.948
956.518 490.274
956.817 538.987
957.116 550.736
957.414 507.522
957.713 424.161
958.012 422.680
958.311 449.822
958.610 598.610
958.908 548.339
959.207 534.881
959.506 537.012
959.805 605.033
960.103 600.948
960.402 518.053
960.701 441.184
961.000 399.835
961.298 419.328
961.597 554.833
961.896 508.340
962.195 515.514
962.494 597.881
962.792 498.890
963.091 438.255
963.390 430.223
963.689 480.338
963.987 502.193
964.286 573.393
964.585 544.644
964.884 472.380
965.182 393.247
965.481 687.684
965.780 859.885
966.080 703.827
966.380 604.259
966.680 598.472
966.981 558.309
967.281 505.952
967.581 460.117
967.881 572.063
968.181 591.260
968.481 516.569
968.781 497.467
969.082 451.552
969.382 513.860
969.682 555.869
969.982 611.607
970.282 646.249
970.582 500.687
970.882 428.959
971.183 544.241
971.483 476.591
971.783 464.169
972.083 518.417
972.383 553.153
972.683 504.326
972.983 475.878
973.284 455.365
973.584 433.275
973.884 453.316
974.184 493.555
974.484 534.771
974.784 411.854
975.084 340.573
975.385 376.907
975.685 466.142
975.985 428.324
976.285 411.584
976.585 435.742
976.885 386.574
977.185 427.189
977.486 471.922
977.786 487.100
978.086 567.910
978.386 556.816
978.686 398.799
978.986 343.817
979.286 380.823
979.587 454.829
979.887 387.835
980.187 363.840
980.487 361.846
980.787 384.852
981.087 419.858
981.387 547.864
981.688 467.870
981.988 382.875
982.288 388.881
982.588 477.887
982.888 503.893
983.188 435.899
983.488 481.905
983.789 521.910
984.089 513.916
984.389 456.922
984.689 406.928
984.989 368.933
985.289 388.939
985.589 501.945
985.890 513.951
986.190 411.956
986.490 423.962
986.790 501.968
987.090 451.974
987.390 475.979
987.690 497.985
987.991 390.991
988.291 412.997
988.591 480.002
988.891 400.008
989.191 398.014
989.491 501.019
989.791 466.025
990.092 426.031
990.392 501.036
990.692 530.042
990.992 493.048
991.292 366.053
991.592 527.059
991.892 556.065
992.193 540.070
992.493 490.076
992.793 401.082
993.093 388.087
993.393 445.093
993.693 487.099
993.993 518.104
994.294 532.110
994.594 445.115
994.894 438.121
995.194 493.127
995.494 436.132
995.794 387.138
996.094 391.143
996.395 500.149
996.695 573.154
996.995 398.160
997.295 297.166
997.595 357.171
997.895 352.177
998.195 272.182
998.496 341.188
998.796 335.193
999.096 521.199
999.396 481.204
999.696 462.210
999.996 509.215
1000.296 556.221
1000.597 558.226
1000.897 487.232
1001.197 446.237
1001.497 558.243
1001.797 438.248
1002.097 409.254
1002.397 495.259
1002.698 480.265
1002.998 545.270
1003.298 520.276
1003.598 413.281
1003.898 369.286
1004.198 485.292
1004.498 564.297
1004.799 476.303
1005.099 562.308
1005.399 551.314
1005.699 571.319
1005.999 557.324
1006.299 464.330
1006.599 592.335
1006.900 593.341
1007.200 506.346
1007.500 451.351
1007.800 447.357
1008.100 423.362
1008.400 401.367
1008.700 430.373
1009.001 431.378
1009.301 410.384
1009.601 518.389
1009.901 564.394
1010.201 502.400
1010.501 515.405
1010.801 636.410
1011.102 478.416
1011.402 500.421
1011.702 454.426
1012.002 408.431
1012.302 492.437
1012.602 467.442
1012.902 439.447
1013.203 481.453
1013.503 573.458
1013.803 545.463
1014.103 441.468
1014.403 533.474
1014.703 396.479
1015.003 311.484
1015.304 518.490
1015.604 583.495
1015.904 383.500
1016.204 382.505
1016.504 421.510
1016.804 467.516
1017.104 471.521
1017.405 401.526
1017.705 380.531
1018.005 356.537
1018.305 417.542
1018.605 440.547
1018.905 333.552
1019.205 325.557
1019.506 609.563
1019.806 634.568
1020.106 522.573
1020.406 501.578
1020.706 444.583
1021.006 487.588
1021.306 611.594
1021.607 557.599
1021.907 594.604
1022.207 524.609
1022.507 437.614
1022.807 475.619
1023.107 494.624
1023.407 388.630
1023.708 395.635
1024.008 411.640
1024.308 472.645
1024.608 446.650
1024.908 350.655
1025.208 458.660
1025.508 582.665
1025.809 556.670
1026.109 445.676
1026.409 482.681
1026.709 490.686
1027.009 483.691
1027.309 531.696
1027.609 378.701
1027.910 392.706
1028.210 432.711
1028.510 541.716
1028.810 704.721
1029.110 616.726
1029.410 518.731
1029.710 580.736
1030.011 562.741
1030.311 566.746
1030.611 519.751
1030.911 496.756
1031.211 490.761
1031.511 472.766
1031.811 610.771
1032.112 521.776
1032.412 465.781
1032.712 361.786
1033.012 405.791
1033.312 591.796
1033.612 569.801
1033.912 456.806
1034.212 395.811
1034.513 418.816
1034.813 403.821
1035.113 478.826
1035.413 405.831
1035.713 414.836
1036.013 438.841
1036.313 436.846
1036.614 548.851
1036.914 535.855
1037.214 434.860
1037.514 568.865
1037.814 496.870
1038.114 486.875
1038.414 447.880
1038.715 508.885
1039.015 455.890
1039.315 368.895
1039.615 434.900
1039.915 464.904
1040.215 433.909
1040.515 431.914
1040.816 525.919
1041.116 483.924
1041.416 435.929
1041.716 385.934
1042.016 388.938
1042.316 496.943
1042.616 451.948
1042.917 409.953
1043.217 400.958
1043.517 452.963
1043.817 488.967
1044.117 450.972
1044.417 479.977
1044.717 466.982
1045.018 438.987
1045.318 518.991
1045.618 509.996
1045.918 430.001
1046.218 334.006
1046.518 377.011
1046.818 465.015
1047.119 402.020
1047.419 556.025
1047.719 527.030
1048.019 434.034
1048.319 495.039
1048.619 484.044
1048.919 429.049
1049.220 408.053
1049.520 525.058
1049.820 510.063
1050.120 423.068
1050.420 502.072
1050.720 492.077
1051.020 486.082
1051.321 462.087
1051.621 572.091
1051.921 476.096
1052.221 335.101
1052.521 350.105
1052.821 359.110
1053.121 457.115
1053.422 525.119
1053.722 546.124
1054.022 442.129
1054.322 519.133
1054.622 474.138
1054.922 413.143
1055.222 515.147
1055.523 479.152
1055.823 498.157
1056.123 567.161
1056.423 546.166
1056.723 571.171
1057.023 485.175
1057.323 351.180
1057.624 404.185
1057.924 483.189
1058.224 504.194
1058.524 472.198
1058.824 473.203
1059.124 446.208
1059.424 436.212
1059.725 493.217
1060.025 457.222
1060.325 455.226
1060.625 406.231
1060.925 378.235
1061.225 425.240
1061.525 518.244
1061.826 487.249
1062.126 501.254
1062.426 525.258
1062.726 551.263
1063.026 517.267
1063.326 647.272
1063.626 609.276
1063.927 541.281
1064.227 502.285
1064.527 422.290
1064.827 485.294
1065.127 470.299
1065.427 366.304
1065.727 409.308
1066.028 541.313
1066.328 543.317
1066.628 424.322
1066.928 397.326
1067.228 427.331
1067.528 394.335
1067.828 410.340
1068.129 361.344
1068.429 498.349
1068.729 533.353
1069.029 482.357
1069.329 372.362
1069.629 407.366
1069.929 484.371
1070.230 565.375
1070.530 554.380
1070.830 440.384
1071.130 542.389
1071.430 491.393
1071.730 525.398
1072.030 586.402
1072.331 406.406
1072.631 412.411
1072.931 485.415
1073.231 506.420
1073.531 494.424
1073.831 476.429
1074.131 487.433
1074.432 582.437
1074.732 503.442
1075.032 421.446
1075.332 413.451
1075.632 386.455
1075.932 376.459
1076.232 385.464
1076.533 397.468
1076.833 456.473
1077.133 424.477
1077.433 413.481
1077.733 407.486
1078.033 523.490
1078.333 544.494
1078.634 517.499
1078.934 501.503
1079.234 415.507
1079.534 566.512
1079.834 598.516
1080.134 488.520
1080.434 523.525
1080.735 474.529
1081.035 474.533
1081.335 414.538
1081.635 433.542
1081.935 450.546
1082.235 421.551
1082.535 460.555
1082.836 544.559
1083.136 520.564
1083.436 586.568
1083.736 562.572
1084.036 438.576
1084.336 351.581
1084.636 427.585
1084.937 548.589
1085.237 590.593
1085.537 500.598
1085.837 483.602
1086.137 456.606
1086.437 502.611
1086.737 450.615
1087.038 438.619
1087.338 570.623
1087.638 556.628
1087.938 408.632
1088.238 296.636
1088.538 445.640
1088.838 599.644
1089.139 582.649
1089.439 452.653
1089.739 516.657
1090.039 510.661
1090.339 577.666
1090.639 457.670
1090.939 458.674
1091.240 404.678
1091.540 423.682
1091.840 430.687
1092.140 534.691
1092.453 531.695
1092.766 399.699
1093.079 368.703
1093.392 472.707
1093.705 443.712
1094.018 435.716
1094.330 563.720
1094.643 534.724
1094.956 564.728
1095.269 494.732
1095.582 507.737
1095.895 484.741
1096.208 450.745
1096.521 432.749
1096.834 470.753
1097.147 478.757
1097.460 485.761
1097.773 562.766
1098.085 480.770
1098.398 426.774
1098.711 441.778
1099.024 413.782
1099.337 540.786
1099.650 607.790
1099.963 539.794
1100.276 427.798
1100.589 447.802
1100.902 518.807
1101.215 477.811
1101.528 514.815
1101.841 483.819
1102.153 509.823
1102.466 541.827
1102.779 441.831
1103.092 432.835
1103.405 442.839
1103.718 432.843
1104.031 466.847
1104.344 491.851
1104.657 451.855
1104.970 678.859
1105.283 556.863
1105.596 436.867
1105.909 446.872
1106.221 529.876
1106.534 518.880
1106.847 412.884
1107.160 330.888
1107.473 361.892
1107.786 432.896
1108.099 417.900
1108.412 437.904
1108.725 482.908
1109.038 399.912
1109.351 448.916
1109.664 486.920
1109.977 449.924
1110.289 468.928
1110.602 480.932
1110.915 502.936
1111.228 492.940
1111.541 398.944
1111.854 361.948
1112.167 324.951
1112.480 377.955
1112.793 397.959
1113.106 384.963
1113.419 523.967
1113.732 522.971
1114.044 403.975
1114.357 420.979
1114.670 461.983
1114.983 441.987
1115.296 448.991
1115.609 526.995
1115.922 523.999
1116.235 522.003
1116.548 478.007
1116.861 441.011
1117.174 390.015
1117.487 434.018
1117.800 625.022
1118.112 531.026
1118.425 400.030
1118.738 370.034
1119.051 382.038
1119.364 455.042
1119.677 507.046
1119.990 478.050
1120.303 467.053
1120.616 548.057
1120.929 487.061
1121.242 504.065
1121.555 483.069
1121.868 462.073
1122.180 451.077
1122.493 358.081
1122.806 370.084
1123.119 487.088
1123.432 453.092
1123.745 444.096
1124.058 384.100
1124.371 363.104
1124.684 490.107
1124.997 474.111
1125.310 442.115
1125.623 410.119
1125.935 358.123
1126.248 383.127
1126.561 463.130
1126.874 481.134
1127.187 532.138
1127.500 521.142
1127.813 483.146
1128.126 460.149
1128.439 456.153
1128.752 590.157
1129.065 419.161
1129.378 215.165
1129.691 361.168
1130.003 452.172
1130.316 418.176
1130.629 396.180
1130.942 495.184
1131.255 487.187
1131.568 391.191
1131.881 482.195
1132.194 528.199
1132.507 495.202
1132.820 460.206
1133.133 530.210
1133.446 429.214
1133.759 621.217
1134.071 963.221
1134.384 690.225
1134.697 612.229
1135.010 586.232
1135.323 441.236
1135.636 390.240
1135.949 380.244
1136.262 443.247
1136.575 434.251
1136.888 437.255
1137.201 466.258
1137.514 427.262
1137.826 501.266
1138.139 406.269
1138.452 414.273
1138.765 589.277
1139.078 613.281
1139.391 627.284
1139.704 491.288
1140.017 521.292
1140.330 493.295
1140.643 432.299
1140.956 389.303
1141.269 421.306
1141.582 500.310
1141.894 453.314
1142.207 552.317
1142.520 511.321
1142.833 547.325
1143.146 447.328
1143.459 397.332
1143.772 429.336
1144.085 492.339
1144.398 444.343
1144.711 382.347
1145.024 423.350
1145.337 480.354
1145.650 499.357
1145.962 475.361
1146.275 447.365
1146.588 385.368
1146.901 505.372
1147.214 455.376
1147.527 403.379
1147.840 447.383
1148.153 446.386
1148.466 454.390
1148.779 441.394
1149.092 575.397
1149.405 503.401
1149.718 507.404
1150.030 501.408
1150.343 454.412
1150.656 387.415
1150.969 410.419
1151.282 510.422
1151.595 482.426
1151.908 409.429
1152.221 299.433
1152.534 360.437
1152.847 547.440
1153.160 525.444
1153.473 461.447
1153.785 487.451
1154.098 443.454
1154.411 511.458
1154.724 549.461
1155.037 593.465
1155.350 502.469
1155.663 509.472
1155.976 464.476
1156.289 490.479
1156.602 392.483
1156.915 352.486
1157.228 348.490
1157.541 416.493
1157.853 422.497
1158.166 451.500
1158.479 483.504
1158.792 473.507
1159.105 465.511
1159.418 472.514
1159.731 463.518
1160.044 430.521
1160.357 542.525
1160.670 531.528
1160.983 392.532
1161.296 457.535
1161.609 522.539
1161.921 476.542
1162.234 466.546
1162.547 358.549
1162.860 348.553
1163.173 359.556
1163.486 479.560
1163.799 489.563
1164.112 462.567
1164.425 456.570
1164.738 432.573
1165.051 374.577
1165.364 416.580
1165.676 483.584
1165.989 550.587
1166.302 477.591
1166.615 513.594
1166.928 492.598
1167.241 514.601
1167.554 527.604
1167.867 504.608
1168.180 445.611
1168.493 405.615
1168.806 491.618
1169.119 423.622
1169.432 477.625
1169.744 517.628
1170.057 469.632
1170.370 559.635
1170.683 548.639
1170.996 444.642
1171.309 416.645
1171.622 384.649
1171.935 435.652
1172.248 547.656
1172.561 534.659
1172.874 447.662
1173.187 441.666
1173.500 479.669
1173.812 552.673
1174.125 517.676
1174.438 488.679
1174.751 380.683
1175.064 429.686
1175.377 550.689
1175.690 459.693
1176.003 392.696
1176.316 425.699
1176.629 436.703
1176.942 415.706
1177.255 360.709
1177.567 332.713
1177.880 389.716
1178.193 470.720
1178.506 438.723
1178.819 505.726
1179.132 519.730
1179.445 379.733
1179.758 504.736
1180.071 529.739
1180.384 399.743
1180.697 457.746
1181.010 515.749
1181.323 607.753
1181.635 618.756
1181.948 531.759
1182.261 437.763
1182.574 400.766
1182.887 435.769
1183.200 569.773
1183.513 524.776
1183.826 434.779
1184.139 485.782
1184.452 498.786
1184.765 428.789
1185.078 376.792
1185.391 423.796
1185.703 391.799
1186.016 323.802
1186.329 355.805
1186.642 443.809
1186.955 527.812
1187.268 479.815
1187.581 509.818
1187.894 468.822
1188.207 524.825
1188.520 478.828
1188.833 451.831
1189.146 398.835
1189.459 333.838
1189.771 389.841
1190.084 547.844
1190.397 467.848
1190.710 467.851
1191.023 505.854
1191.336 467.857
1191.649 419.861
1191.962 470.864
1192.275 422.867
1192.588 502.870
1192.901 594.874
1193.214 443.877
1193.526 455.880
1193.839 500.883
1194.152 403.886
1194.465 478.890
1194.778 450.893
1195.091 474.896
1195.404 463.899
1195.717 460.902
1196.030 500.906
1196.343 470.909
1196.656 412.912
1196.969 424.915
1197.282 463.918
1197.594 448.921
1197.907 561.925
1198.220 601.928
1198.533 508.931
1198.846 482.934
1199.159 448.937
1199.472 401.941
1199.785 478.944
1200.098 388.947
1200.411 494.950
1200.724 485.953
1201.037 414.956
1201.350 388.959
1201.662 374.963
1201.975 416.966
1202.288 498.969
1202.601 195.972
