"Time (ps)"	"Channel 2 - Counts per bin"
0	0
10000000000	0
20000000000	0
30000000000	0
40000000000	0
50000000000	0
60000000000	0
70000000000	0
80000000000	0
90000000000	0
100000000000	0
110000000000	0
120000000000	0
130000000000	0
140000000000	0
150000000000	0
160000000000	0
170000000000	0
180000000000	0
190000000000	0
200000000000	0
210000000000	0
220000000000	0
230000000000	0
240000000000	0
250000000000	0
260000000000	0
270000000000	0
280000000000	0
290000000000	0
300000000000	0
310000000000	0
320000000000	0
330000000000	0
340000000000	0
350000000000	0
360000000000	0
370000000000	0
380000000000	0
390000000000	0
400000000000	0
410000000000	0
420000000000	0
430000000000	0
440000000000	0
450000000000	0
460000000000	0
470000000000	49295
480000000000	48886
490000000000	49117
500000000000	48988
510000000000	48973
520000000000	49287
530000000000	48569
540000000000	49275
550000000000	48487
560000000000	48973
570000000000	48559
580000000000	48866
590000000000	48740
600000000000	48898
610000000000	48712
620000000000	48889
630000000000	49280
640000000000	48788
650000000000	49320
660000000000	48817
670000000000	49191
680000000000	48792
690000000000	48913
700000000000	49155
710000000000	49217
720000000000	48766
730000000000	49234
740000000000	48489
750000000000	49013
760000000000	48671
770000000000	49332
780000000000	49054
790000000000	48658
800000000000	49261
810000000000	49082
820000000000	48701
830000000000	49170
840000000000	48610
850000000000	48998
860000000000	49159
870000000000	49003
880000000000	49063
890000000000	49014
900000000000	49153
910000000000	49049
920000000000	49117
930000000000	49075
940000000000	49250
950000000000	48711
960000000000	49572
970000000000	48815
980000000000	49725
990000000000	49370
1000000000000	49040
1010000000000	48990
1020000000000	49483
1030000000000	49106
1040000000000	48995
1050000000000	49561
1060000000000	49658
1070000000000	49446
1080000000000	49174
1090000000000	49464
1100000000000	49015
1110000000000	48869
1120000000000	49315
1130000000000	48933
1140000000000	49124
1150000000000	49125
1160000000000	48597
1170000000000	49235
1180000000000	48906
1190000000000	48906
1200000000000	49255
1210000000000	48770
1220000000000	48942
1230000000000	48555
1240000000000	49664
1250000000000	48849
1260000000000	49379
1270000000000	48742
1280000000000	49315
1290000000000	49095
1300000000000	49209
1310000000000	48877
1320000000000	48940
1330000000000	49052
1340000000000	48902
1350000000000	49110
1360000000000	48984
1370000000000	48864
1380000000000	49402
1390000000000	49027
1400000000000	48842
1410000000000	49302
1420000000000	48443
1430000000000	49156
1440000000000	48521
1450000000000	49561
1460000000000	48770
1470000000000	48762
1480000000000	48900
1490000000000	48353
1500000000000	48699
1510000000000	48219
1520000000000	48459
1530000000000	48675
1540000000000	48576
1550000000000	48366
1560000000000	48856
1570000000000	49106
1580000000000	48715
1590000000000	49348
1600000000000	48539
1610000000000	49283
1620000000000	48548
1630000000000	49071
1640000000000	48892
1650000000000	48659
1660000000000	49211
1670000000000	49244
1680000000000	49175
1690000000000	49399
1700000000000	49221
1710000000000	48422
1720000000000	49426
1730000000000	48814
1740000000000	49286
1750000000000	49022
1760000000000	49199
1770000000000	48595
1780000000000	49099
1790000000000	48913
1800000000000	48957
1810000000000	48986
1820000000000	49016
1830000000000	49344
1840000000000	48981
1850000000000	49044
1860000000000	48530
1870000000000	48966
1880000000000	49557
1890000000000	48641
1900000000000	49417
1910000000000	48606
1920000000000	49143
1930000000000	48896
1940000000000	48976
1950000000000	49317
1960000000000	49043
1970000000000	49174
1980000000000	48690
1990000000000	49270
2000000000000	49157
2010000000000	49219
2020000000000	49063
2030000000000	49352
2040000000000	48563
2050000000000	49187
2060000000000	48883
2070000000000	49470
2080000000000	48917
2090000000000	49120
2100000000000	48992
2110000000000	49026
2120000000000	49139
2130000000000	48845
2140000000000	49414
2150000000000	48539
2160000000000	49745
2170000000000	48745
2180000000000	49122
2190000000000	48745
2200000000000	48832
2210000000000	48645
2220000000000	48807
2230000000000	49183
2240000000000	48679
2250000000000	49103
2260000000000	48582
2270000000000	48627
2280000000000	48106
2290000000000	49146
2300000000000	48766
2310000000000	48926
2320000000000	48907
2330000000000	48803
2340000000000	48566
2350000000000	48543
2360000000000	48620
2370000000000	49004
2380000000000	48497
2390000000000	49005
2400000000000	49237
2410000000000	48606
2420000000000	48712
2430000000000	48442
2440000000000	48369
2450000000000	48978
2460000000000	48910
2470000000000	49158
2480000000000	49079
2490000000000	49087
2500000000000	49015
2510000000000	49139
2520000000000	48576
2530000000000	48884
2540000000000	48585
2550000000000	49216
2560000000000	48539
2570000000000	49095
2580000000000	48662
2590000000000	48883
2600000000000	49142
2610000000000	48201
2620000000000	49009
2630000000000	48660
2640000000000	48953
2650000000000	48919
2660000000000	48793
2670000000000	48711
2680000000000	48770
2690000000000	49258
2700000000000	49047
2710000000000	48763
2720000000000	48873
2730000000000	49032
2740000000000	48971
2750000000000	48705
2760000000000	48772
2770000000000	48535
2780000000000	48840
2790000000000	49066
2800000000000	48901
2810000000000	48892
2820000000000	48469
2830000000000	48940
2840000000000	48634
2850000000000	48867
2860000000000	48943
2870000000000	48870
2880000000000	49023
2890000000000	48995
2900000000000	49044
2910000000000	48733
2920000000000	49065
2930000000000	48566
2940000000000	49255
2950000000000	48666
2960000000000	0
2970000000000	0
2980000000000	0
2990000000000	0
3000000000000	0
3010000000000	0
3020000000000	0
3030000000000	0
3040000000000	0
3050000000000	0
3060000000000	0
3070000000000	0
3080000000000	0
3090000000000	0
3100000000000	0
3110000000000	0
3120000000000	0
3130000000000	0
3140000000000	0
3150000000000	0
3160000000000	0
3170000000000	0
3180000000000	0
3190000000000	0
3200000000000	0
3210000000000	0
3220000000000	0
3230000000000	0
3240000000000	0
3250000000000	0
3260000000000	0
3270000000000	0
3280000000000	0
3290000000000	0
3300000000000	0
3310000000000	0
3320000000000	0
3330000000000	0
3340000000000	0
3350000000000	0
3360000000000	0
3370000000000	0
3380000000000	0
3390000000000	0
3400000000000	0
3410000000000	0
3420000000000	0
3430000000000	0
3440000000000	0
3450000000000	0
3460000000000	0
3470000000000	0
3480000000000	48567
3490000000000	48902
3500000000000	48626
3510000000000	48690
3520000000000	48585
3530000000000	48467
3540000000000	48527
3550000000000	48661
3560000000000	48779
3570000000000	48495
3580000000000	48873
3590000000000	48261
3600000000000	48729
3610000000000	48416
3620000000000	48453
3630000000000	48539
3640000000000	48274
3650000000000	48560
3660000000000	48567
3670000000000	48606
3680000000000	48646
3690000000000	48815
3700000000000	48696
3710000000000	49052
3720000000000	48482
3730000000000	48769
3740000000000	48420
3750000000000	49315
3760000000000	48974
3770000000000	48845
3780000000000	48497
3790000000000	48490
3800000000000	48700
3810000000000	48675
3820000000000	48525
3830000000000	48800
3840000000000	48197
3850000000000	48350
3860000000000	48049
3870000000000	48410
3880000000000	48362
3890000000000	48409
3900000000000	48388
3910000000000	48606
3920000000000	48632
3930000000000	48597
3940000000000	48729
3950000000000	48488
3960000000000	49060
3970000000000	48348
3980000000000	48478
3990000000000	48312
4000000000000	48611
4010000000000	48269
4020000000000	48844
4030000000000	48595
4040000000000	48567
4050000000000	48473
4060000000000	48570
4070000000000	48486
4080000000000	48682
4090000000000	48378
4100000000000	48602
4110000000000	48324
4120000000000	48559
4130000000000	48396
4140000000000	48102
4150000000000	48765
4160000000000	48400
4170000000000	48779
4180000000000	48625
4190000000000	48269
4200000000000	48437
4210000000000	48270
4220000000000	49063
4230000000000	48145
4240000000000	49244
4250000000000	48540
4260000000000	48923
4270000000000	47945
4280000000000	48696
4290000000000	48568
4300000000000	48815
4310000000000	48486
4320000000000	49060
4330000000000	48412
4340000000000	48910
4350000000000	47933
4360000000000	48993
4370000000000	48016
4380000000000	48413
4390000000000	48485
4400000000000	48512
4410000000000	48623
4420000000000	48679
4430000000000	48806
4440000000000	48578
4450000000000	48914
4460000000000	48423
4470000000000	48573
4480000000000	48490
4490000000000	48377
4500000000000	48751
4510000000000	48386
4520000000000	48426
4530000000000	48814
4540000000000	48445
4550000000000	48421
4560000000000	48710
4570000000000	48686
4580000000000	48534
4590000000000	48973
4600000000000	48615
4610000000000	48188
4620000000000	48388
4630000000000	48079
4640000000000	48342
4650000000000	48521
4660000000000	48367
4670000000000	49126
4680000000000	48453
4690000000000	49014
4700000000000	48296
4710000000000	48886
4720000000000	48551
4730000000000	48954
4740000000000	48520
4750000000000	48740
4760000000000	48498
4770000000000	48305
4780000000000	48582
4790000000000	48590
4800000000000	48694
4810000000000	48474
4820000000000	48420
4830000000000	48897
4840000000000	48450
4850000000000	48791
4860000000000	48447
4870000000000	48343
4880000000000	48845
4890000000000	48704
4900000000000	48426
4910000000000	48335
4920000000000	47660
4930000000000	48256
4940000000000	48341
4950000000000	48333
4960000000000	48269
4970000000000	48358
4980000000000	48410
4990000000000	47981
5000000000000	48352
5010000000000	48579
5020000000000	48034
5030000000000	48398
5040000000000	48191
5050000000000	48165
5060000000000	47725
5070000000000	49039
5080000000000	47875
5090000000000	49285
5100000000000	48538
5110000000000	48748
5120000000000	48638
5130000000000	48489
5140000000000	49145
5150000000000	48556
5160000000000	48835
5170000000000	48658
5180000000000	48537
5190000000000	48511
5200000000000	48446
5210000000000	48426
5220000000000	48565
5230000000000	48555
5240000000000	48151
5250000000000	48571
5260000000000	47738
5270000000000	48227
5280000000000	48448
5290000000000	47648
5300000000000	48215
5310000000000	47671
5320000000000	48351
5330000000000	48931
5340000000000	48378
5350000000000	48863
5360000000000	48274
5370000000000	48626
5380000000000	48670
5390000000000	48733
5400000000000	48257
5410000000000	48406
5420000000000	48474
5430000000000	47961
5440000000000	48427
5450000000000	48230
5460000000000	48637
5470000000000	47840
5480000000000	48255
5490000000000	48470
5500000000000	48131
5510000000000	48305
5520000000000	48717
5530000000000	48821
5540000000000	48696
5550000000000	48998
5560000000000	49009
5570000000000	48394
5580000000000	48858
5590000000000	48376
5600000000000	48996
5610000000000	48453
5620000000000	48835
5630000000000	48455
5640000000000	49339
5650000000000	48624
5660000000000	48942
5670000000000	48508
5680000000000	48754
5690000000000	48816
5700000000000	48920
5710000000000	48773
5720000000000	48998
5730000000000	49146
5740000000000	49249
5750000000000	49343
5760000000000	48697
5770000000000	49462
5780000000000	48926
5790000000000	49311
5800000000000	48906
5810000000000	49120
5820000000000	49009
5830000000000	49346
5840000000000	49256
5850000000000	49176
5860000000000	48770
5870000000000	48948
5880000000000	49200
5890000000000	48662
5900000000000	48957
5910000000000	48618
5920000000000	48849
5930000000000	49116
5940000000000	49128
5950000000000	48835
5960000000000	48634
5970000000000	48962
5980000000000	48673
5990000000000	48909
6000000000000	48768
6010000000000	48828
6020000000000	48532
6030000000000	49194
6040000000000	48671
6050000000000	49211
6060000000000	49088
6070000000000	49204
6080000000000	49022
6090000000000	0
6100000000000	0
6110000000000	0
6120000000000	0
6130000000000	0
6140000000000	0
6150000000000	0
6160000000000	0
6170000000000	0
6180000000000	0
6190000000000	0
6200000000000	0
6210000000000	0
6220000000000	0
6230000000000	0
6240000000000	0
6250000000000	0
6260000000000	0
6270000000000	0
6280000000000	0
6290000000000	0
6300000000000	0
6310000000000	0
6320000000000	0
6330000000000	0
6340000000000	0
6350000000000	0
6360000000000	0
6370000000000	0
6380000000000	0
6390000000000	0
6400000000000	0
6410000000000	0
6420000000000	0
6430000000000	0
6440000000000	0
6450000000000	0
6460000000000	0
6470000000000	0
6480000000000	0
6490000000000	0
6500000000000	0
6510000000000	0
6520000000000	0
6530000000000	0
6540000000000	0
6550000000000	0
6560000000000	0
6570000000000	0
6580000000000	0
6590000000000	0
6600000000000	0
6610000000000	48982
6620000000000	48982
6630000000000	49140
6640000000000	48631
6650000000000	48784
6660000000000	48781
6670000000000	48887
6680000000000	48959
6690000000000	48955
6700000000000	48749
6710000000000	49432
6720000000000	48501
6730000000000	48664
6740000000000	48810
6750000000000	49042
6760000000000	48758
6770000000000	48991
6780000000000	48750
6790000000000	49124
6800000000000	49118
6810000000000	49368
6820000000000	49030
6830000000000	48856
6840000000000	49362
6850000000000	48572
6860000000000	49361
6870000000000	48930
6880000000000	49109
6890000000000	49128
6900000000000	49153
6910000000000	48895
6920000000000	48780
6930000000000	49074
6940000000000	48774
6950000000000	49028
6960000000000	49145
6970000000000	49125
6980000000000	48983
6990000000000	49375
7000000000000	49515
7010000000000	49186
7020000000000	49608
7030000000000	48836
7040000000000	49206
7050000000000	48781
7060000000000	49088
7070000000000	48468
7080000000000	49322
7090000000000	48744
7100000000000	49517
7110000000000	48900
7120000000000	49516
7130000000000	49367
7140000000000	48914
7150000000000	49531
7160000000000	48908
7170000000000	49147
7180000000000	49209
7190000000000	49108
7200000000000	49359
7210000000000	49117
7220000000000	49655
7230000000000	49353
7240000000000	49401
7250000000000	49289
7260000000000	49404
7270000000000	48907
7280000000000	49215
7290000000000	49514
7300000000000	49469
7310000000000	49382
7320000000000	49281
7330000000000	49631
7340000000000	48966
7350000000000	48949
7360000000000	49338
7370000000000	49365
7380000000000	49130
7390000000000	49286
7400000000000	48737
7410000000000	49534
7420000000000	48990
7430000000000	49017
7440000000000	48984
7450000000000	48966
7460000000000	49091
7470000000000	49223
7480000000000	48830
7490000000000	49136
7500000000000	48780
7510000000000	49088
7520000000000	48669
7530000000000	49856
7540000000000	48751
7550000000000	49381
7560000000000	48388
7570000000000	49512
7580000000000	49261
7590000000000	48841
7600000000000	49219
7610000000000	48905
7620000000000	49467
7630000000000	48982
7640000000000	49066
7650000000000	49037
7660000000000	48126
7670000000000	49498
7680000000000	48493
7690000000000	49937
7700000000000	48572
7710000000000	49322
7720000000000	48861
7730000000000	49249
7740000000000	48956
7750000000000	48750
7760000000000	49278
7770000000000	48949
7780000000000	49332
7790000000000	48911
7800000000000	49280
7810000000000	49857
7820000000000	49003
7830000000000	49302
7840000000000	49024
7850000000000	49139
7860000000000	49428
7870000000000	49061
7880000000000	49719
7890000000000	49193
7900000000000	49225
7910000000000	49107
7920000000000	48697
7930000000000	49138
7940000000000	49062
7950000000000	49381
7960000000000	48375
7970000000000	49385
7980000000000	49037
7990000000000	49456
8000000000000	48480
8010000000000	48974
8020000000000	49377
8030000000000	49102
8040000000000	49071
8050000000000	48532
8060000000000	49137
8070000000000	49068
8080000000000	49312
8090000000000	49362
8100000000000	49094
8110000000000	49011
8120000000000	49053
8130000000000	49003
8140000000000	48948
8150000000000	48861
8160000000000	48610
8170000000000	49039
8180000000000	49280
8190000000000	48894
8200000000000	48916
8210000000000	48845
8220000000000	49094
8230000000000	48667
8240000000000	48943
8250000000000	48612
8260000000000	48986
8270000000000	48744
8280000000000	49044
8290000000000	48635
8300000000000	49018
8310000000000	48974
8320000000000	49030
8330000000000	48391
8340000000000	49024
8350000000000	48834
8360000000000	48739
8370000000000	48386
8380000000000	49028
8390000000000	49127
8400000000000	48789
8410000000000	49384
8420000000000	48495
8430000000000	49295
8440000000000	48628
8450000000000	49276
8460000000000	48636
8470000000000	49043
8480000000000	48960
8490000000000	48936
8500000000000	49182
8510000000000	48532
8520000000000	49234
8530000000000	48421
8540000000000	49099
8550000000000	48073
8560000000000	49570
8570000000000	48753
8580000000000	48989
8590000000000	49015
8600000000000	48530
8610000000000	48808
8620000000000	48455
8630000000000	48656
8640000000000	49168
8650000000000	48724
8660000000000	48786
8670000000000	48924
8680000000000	48660
8690000000000	48582
8700000000000	48882
8710000000000	49016
8720000000000	48605
8730000000000	48575
8740000000000	47978
8750000000000	49058
8760000000000	48236
8770000000000	48896
8780000000000	48812
8790000000000	48862
8800000000000	48731
8810000000000	48887
8820000000000	49195
8830000000000	48365
8840000000000	49392
8850000000000	48401
8860000000000	49246
8870000000000	48543
8880000000000	48810
8890000000000	48730
8900000000000	48777
8910000000000	48666
8920000000000	48689
8930000000000	48593
8940000000000	48779
8950000000000	48901
8960000000000	48667
8970000000000	48824
8980000000000	48801
8990000000000	48789
9000000000000	48790
9010000000000	49015
9020000000000	48545
9030000000000	48889
9040000000000	48855
9050000000000	48845
9060000000000	0
9070000000000	0
9080000000000	0
9090000000000	0
9100000000000	0
9110000000000	0
9120000000000	0
9130000000000	0
9140000000000	0
9150000000000	0
9160000000000	0
9170000000000	0
9180000000000	0
9190000000000	0
9200000000000	0
9210000000000	0
9220000000000	0
9230000000000	0
9240000000000	0
9250000000000	0
9260000000000	0
9270000000000	0
9280000000000	0
9290000000000	0
9300000000000	0
9310000000000	0
9320000000000	0
9330000000000	0
9340000000000	0
9350000000000	0
9360000000000	0
9370000000000	0
9380000000000	0
9390000000000	0
9400000000000	0
9410000000000	0
9420000000000	0
9430000000000	0
9440000000000	0
9450000000000	0
9460000000000	0
9470000000000	0
9480000000000	0
9490000000000	0
9500000000000	0
9510000000000	0
9520000000000	0
9530000000000	0
9540000000000	0
9550000000000	0
9560000000000	0
9570000000000	48740
9580000000000	48856
9590000000000	48734
9600000000000	48695
9610000000000	49147
9620000000000	48827
9630000000000	49199
9640000000000	48754
9650000000000	49132
9660000000000	48917
9670000000000	49002
9680000000000	48984
9690000000000	49293
9700000000000	49347
9710000000000	49262
9720000000000	49067
9730000000000	48671
9740000000000	49296
9750000000000	48973
9760000000000	49302
9770000000000	49535
9780000000000	48815
9790000000000	49290
9800000000000	48760
9810000000000	49222
9820000000000	48961
9830000000000	49247
9840000000000	49150
9850000000000	48966
9860000000000	49247
9870000000000	48885
9880000000000	49004
9890000000000	48688
9900000000000	49338
9910000000000	48866
9920000000000	49440
9930000000000	48802
9940000000000	48937
9950000000000	49088
9960000000000	49127
9970000000000	49462
9980000000000	48929
9990000000000	48890
