165.028 58.227
165.288 2.702
165.547 48.180
165.807 101.660
166.067 56.142
166.327 6.627
166.587 -0.886
166.847 62.604
167.107 20.096
167.367 42.590
167.627 129.086
167.886 124.584
168.146 109.085
168.406 232.588
168.666 208.093
168.926 132.600
169.186 133.110
169.446 130.621
169.706 -11.865
169.966 45.650
170.225 59.168
170.485 118.687
170.745 144.209
171.005 210.733
171.265 135.258
171.525 85.785
171.785 -18.685
172.045 -37.154
172.305 98.379
172.564 62.914
172.824 10.451
173.084 86.989
173.344 57.530
173.604 100.072
173.864 198.615
174.124 146.161
174.384 74.708
174.644 129.257
174.903 244.807
175.163 241.359
175.423 255.913
175.683 61.468
175.943 102.025
176.203 121.584
176.463 79.144
176.723 74.705
176.983 94.268
177.242 96.832
177.502 199.398
177.762 171.965
178.022 30.534
178.282 37.104
178.542 49.675
178.802 93.248
179.062 69.822
179.322 163.397
179.581 195.974
179.841 81.552
180.101 123.131
180.361 129.711
180.621 94.292
180.881 55.875
181.141 135.459
181.401 113.044
181.661 98.630
181.920 206.217
182.180 81.805
182.440 54.394
182.700 61.984
182.960 20.576
183.220 63.168
183.480 296.761
183.740 206.355
184.000 49.951
184.259 -43.453
184.519 64.144
184.779 92.742
185.039 161.340
185.299 253.940
185.559 213.540
185.819 249.142
186.079 236.744
186.339 167.346
186.598 84.950
186.858 -10.446
187.118 29.159
187.378 120.765
187.638 122.371
187.898 199.978
188.158 259.586
188.418 130.194
188.678 63.803
188.937 84.413
189.197 130.023
189.457 155.633
189.717 129.245
189.977 70.856
190.237 77.469
190.497 222.081
190.757 206.694
191.017 165.308
191.276 92.922
191.536 107.537
191.796 62.152
192.056 78.767
192.316 119.383
192.576 59.999
192.836 69.615
193.096 160.232
193.356 109.849
193.616 162.466
193.875 156.084
194.135 100.702
194.395 182.320
194.655 257.938
194.915 200.557
195.175 169.176
195.435 242.795
195.695 125.414
195.955 9.033
196.214 113.653
196.474 208.272
196.734 192.892
196.994 155.512
197.254 146.132
197.514 132.752
197.774 152.372
198.034 99.992
198.294 76.612
198.553 164.232
198.813 117.852
199.073 30.472
199.333 107.093
199.593 259.713
199.853 247.333
200.113 289.953
200.373 301.573
200.633 136.192
200.892 68.812
201.152 78.432
201.412 97.051
201.672 149.671
201.932 287.290
202.192 288.909
202.452 177.528
202.712 129.146
202.972 155.765
203.231 248.383
203.491 222.001
203.751 169.619
204.011 197.237
204.271 252.854
204.531 132.471
204.791 79.088
205.051 109.704
205.311 210.321
205.570 141.936
205.830 169.552
206.090 96.167
206.350 176.782
206.610 336.397
206.870 216.011
207.130 145.624
207.390 194.238
207.650 178.851
207.909 209.463
208.169 220.076
208.429 233.687
208.689 91.299
208.949 144.910
209.209 260.520
209.469 127.130
209.729 115.739
209.989 121.348
210.248 38.957
210.508 279.565
210.768 232.172
211.028 151.779
211.288 208.386
211.548 212.992
211.808 234.597
212.068 325.202
212.328 334.806
212.587 292.410
212.847 209.013
213.107 275.615
213.367 279.217
213.627 242.819
213.887 214.419
214.147 132.019
214.407 151.619
214.667 193.218
214.926 334.816
215.186 263.413
215.446 268.010
215.706 237.606
215.966 165.202
216.226 170.797
216.486 194.391
216.746 187.984
217.006 220.577
217.265 202.169
217.525 179.761
217.785 239.351
218.045 247.941
218.305 172.530
218.565 126.119
218.825 183.706
219.085 296.293
219.345 222.880
219.604 151.465
219.864 252.050
220.124 248.633
220.384 196.217
220.644 206.799
220.904 177.380
221.164 227.961
221.424 196.541
221.684 108.120
221.943 172.698
222.203 239.276
222.463 114.852
222.723 63.428
222.983 165.003
223.243 158.577
223.503 214.151
223.763 122.723
224.023 102.295
224.282 250.865
224.542 297.435
224.802 330.004
225.062 262.572
225.322 314.140
225.582 233.706
225.842 156.271
226.102 217.836
226.362 208.400
226.621 247.962
226.881 217.524
227.141 246.085
227.401 258.645
227.661 198.205
227.921 312.763
228.181 215.320
228.441 157.876
228.701 298.432
228.960 288.986
229.220 201.540
229.480 204.093
229.740 291.644
230.000 396.195
230.260 275.745
230.520 175.294
230.780 176.842
231.040 206.389
231.299 195.935
231.559 236.480
231.819 216.024
232.079 253.567
232.339 276.109
232.599 135.650
232.859 228.190
233.119 339.729
233.379 232.267
233.638 256.805
233.898 309.341
234.158 265.876
234.418 181.410
234.678 242.944
234.938 304.476
235.198 239.007
235.458 194.537
235.718 227.066
235.978 185.595
236.237 191.122
236.497 259.648
236.757 310.173
237.017 258.697
237.277 256.221
237.537 234.743
237.797 156.264
238.057 257.784
238.317 219.303
238.576 144.821
238.836 188.338
239.096 265.854
239.356 251.369
239.616 262.883
239.876 297.396
240.136 264.908
240.396 261.419
240.656 316.929
240.915 302.438
241.175 256.945
241.435 198.452
241.695 268.958
241.955 382.462
242.215 399.966
242.475 358.469
242.735 241.970
242.995 272.471
243.254 272.970
243.514 246.469
243.774 75.966
244.034 182.462
244.294 423.958
244.554 296.452
244.814 255.945
245.074 228.437
245.334 214.928
245.593 228.418
245.853 242.907
246.113 197.395
246.373 275.882
246.633 299.368
246.893 262.853
247.153 278.336
247.413 297.819
247.673 270.301
247.932 260.781
248.192 258.261
248.452 335.739
248.712 325.217
248.972 186.693
249.232 319.169
249.492 240.643
249.752 149.116
250.012 276.588
250.271 240.060
250.531 294.530
250.791 504.999
251.051 472.467
251.311 306.934
251.571 151.400
251.831 244.864
252.091 321.328
252.351 276.791
252.610 250.253
252.870 283.713
253.130 260.173
253.390 254.631
253.650 303.089
253.911 339.546
254.172 355.001
254.433 335.455
254.694 275.909
254.955 233.361
255.216 219.812
255.477 367.262
255.738 307.712
255.999 209.160
256.261 337.607
256.522 360.053
256.783 342.498
257.044 240.942
257.305 146.385
257.566 135.827
257.827 122.268
258.088 191.708
258.349 186.146
258.610 270.584
258.871 343.021
259.132 393.457
259.393 282.891
259.654 159.325
259.915 135.758
260.176 221.189
260.437 297.620
260.698 282.049
260.959 223.478
261.221 294.906
261.482 353.332
261.743 328.758
262.004 316.182
262.265 395.605
262.526 374.028
262.787 246.449
263.048 246.870
263.309 266.289
263.570 352.708
263.831 374.125
264.092 284.541
264.353 179.957
264.614 378.371
264.875 374.784
265.136 283.197
265.397 404.608
265.658 400.018
265.919 489.428
266.181 460.836
266.442 312.243
266.703 228.650
266.964 229.055
267.225 204.459
267.486 237.863
267.747 360.265
268.008 356.667
268.269 349.067
268.530 404.467
268.791 376.865
269.052 350.262
269.313 328.659
269.574 295.054
269.835 265.449
270.096 296.843
270.357 340.235
270.618 275.627
270.879 246.017
271.141 334.407
271.402 286.796
271.663 213.184
271.924 295.570
272.185 344.956
272.446 373.341
272.707 316.725
272.968 282.108
273.229 271.490
273.490 279.871
273.751 216.251
274.012 269.630
274.273 375.008
274.534 333.385
274.795 333.762
275.056 326.137
275.317 199.511
275.578 181.885
275.839 241.257
276.101 231.629
276.362 219.000
276.623 274.369
276.884 353.738
277.145 330.106
277.406 329.473
277.667 264.839
277.928 208.204
278.189 368.568
278.450 373.931
278.711 341.294
278.972 340.655
279.233 289.015
279.494 359.375
279.755 471.734
280.016 434.091
280.277 305.448
280.538 340.804
280.799 273.159
281.061 287.513
281.322 289.866
281.583 257.219
281.844 192.570
282.105 210.921
282.366 289.270
282.627 299.619
282.888 340.967
283.149 345.314
283.410 300.660
283.671 335.005
283.932 263.349
284.193 165.693
284.454 246.035
284.715 268.377
284.976 212.718
285.237 334.058
285.498 553.397
285.759 455.735
286.021 402.072
286.282 386.409
286.543 430.744
286.804 315.079
287.065 300.413
287.326 363.746
287.587 252.078
287.848 316.410
288.109 394.740
288.370 340.070
288.631 235.398
288.892 222.726
289.153 232.053
289.414 201.380
289.675 354.705
289.936 421.030
290.197 409.353
290.458 351.676
290.719 304.998
290.981 403.319
291.242 476.640
291.503 463.959
291.764 279.278
292.025 186.596
292.286 217.913
292.547 302.229
292.808 277.545
293.069 319.859
293.330 382.173
293.591 357.486
293.852 306.799
294.113 285.110
294.374 256.421
294.635 278.730
294.896 317.039
295.157 353.348
295.418 371.655
295.679 381.962
295.941 370.267
296.202 360.572
296.463 349.877
296.724 427.180
296.985 441.483
297.246 357.785
297.507 255.086
297.768 269.386
298.029 376.686
298.290 473.984
298.551 511.282
298.812 502.580
299.073 306.876
299.334 217.172
299.595 369.467
299.856 404.761
300.117 489.054
300.378 403.347
300.639 340.639
300.901 342.930
301.162 333.220
301.423 377.510
301.684 488.799
301.945 513.087
302.206 369.374
302.467 342.661
302.728 289.947
302.989 362.232
303.250 443.516
303.511 447.800
303.772 438.083
304.033 371.365
304.294 310.646
304.555 306.927
304.816 358.207
305.077 352.486
305.338 302.765
305.599 349.043
305.861 359.320
306.122 403.596
306.383 355.872
306.644 370.147
306.905 271.421
307.166 382.694
307.427 430.967
307.688 322.239
307.949 287.511
308.210 337.782
308.471 379.052
308.732 322.321
308.993 245.589
309.254 285.857
309.515 223.125
309.776 332.391
310.037 362.657
310.298 275.922
310.559 295.187
310.821 384.450
311.082 349.713
311.343 240.976
311.604 258.238
311.865 264.499
312.126 269.759
312.387 307.019
312.648 313.278
312.909 297.536
313.170 330.794
313.434 365.051
313.698 325.307
313.963 402.563
314.227 359.818
314.491 334.072
314.755 374.326
315.019 369.579
315.284 253.831
315.548 372.083
315.812 326.334
316.076 441.585
316.340 421.835
316.604 359.084
316.869 429.332
317.133 390.580
317.397 451.827
317.661 430.074
317.925 344.320
318.190 379.565
318.454 372.810
318.718 305.054
318.982 402.298
319.246 443.540
319.511 512.783
319.775 355.024
320.039 378.265
320.303 417.505
320.567 428.745
320.832 381.984
321.096 325.223
321.360 320.460
321.624 326.698
321.888 266.934
322.153 304.170
322.417 309.406
322.681 237.641
322.945 389.875
323.209 404.108
323.473 369.341
323.738 370.574
324.002 332.806
324.266 404.037
324.530 413.267
324.794 387.497
325.059 335.727
325.323 274.956
325.587 334.184
325.851 335.412
326.115 485.639
326.380 422.865
326.644 374.091
326.908 362.317
327.172 345.541
327.436 338.766
327.701 313.989
327.965 284.212
328.229 391.435
328.493 305.657
328.757 262.878
329.022 411.099
329.286 313.319
329.550 265.539
329.814 371.758
330.078 364.976
330.342 270.194
330.607 342.412
330.871 439.628
331.135 481.845
331.399 497.061
331.663 353.276
331.928 333.490
332.192 383.704
332.456 366.918
332.720 384.131
332.984 349.344
333.249 363.555
333.513 335.767
333.777 282.978
334.041 271.188
334.305 347.398
334.570 415.607
334.834 339.816
335.098 474.024
335.362 504.232
335.626 450.439
335.891 335.645
336.155 342.852
336.419 337.057
336.683 233.262
336.947 343.467
337.211 371.671
337.476 281.874
337.740 309.077
338.004 329.280
338.268 322.482
338.532 367.683
338.797 364.884
339.061 425.084
339.325 450.284
339.589 520.484
339.853 421.683
340.118 371.881
340.382 403.079
340.646 465.276
340.910 325.473
341.174 312.670
341.439 347.866
341.703 342.061
341.967 280.256
342.231 290.450
342.495 326.644
342.759 433.838
343.024 421.031
343.288 502.223
343.552 423.415
343.816 248.607
344.080 280.798
344.345 350.988
344.609 235.178
344.873 181.368
345.137 339.557
345.401 388.746
345.666 289.934
345.930 403.122
346.194 459.309
346.458 304.496
346.722 317.682
346.987 337.868
347.251 393.053
347.515 527.238
347.779 367.423
348.043 301.607
348.308 311.790
348.572 305.973
348.836 272.156
349.100 248.338
349.364 237.520
349.628 280.701
349.893 361.882
350.157 423.062
350.421 364.242
350.685 393.422
350.949 317.601
351.214 280.779
351.478 328.957
351.742 344.135
352.006 338.312
352.270 331.489
352.535 294.665
352.799 342.841
353.063 471.017
353.327 350.192
353.591 279.367
353.856 309.541
354.120 326.715
354.384 404.888
354.648 490.061
354.912 464.233
355.177 362.405
355.441 325.577
355.705 497.748
355.969 461.919
356.233 413.089
356.497 416.259
356.762 346.429
357.026 349.598
357.290 378.767
357.554 421.935
357.818 448.103
358.083 414.270
358.347 375.437
358.611 349.604
358.875 340.770
359.139 345.936
359.404 325.101
359.668 382.266
359.932 491.431
360.196 508.595
360.460 411.759
360.725 401.922
360.989 383.085
361.253 489.248
361.517 493.410
361.781 460.572
362.046 504.733
362.310 532.894
362.574 493.055
362.838 373.215
363.102 378.375
363.366 375.534
363.631 279.693
363.895 293.852
364.159 479.010
364.423 453.168
364.687 423.326
364.952 460.483
365.216 460.639
365.480 401.796
365.747 338.952
366.013 359.107
366.280 344.263
366.546 429.417
366.813 403.572
367.079 420.726
367.346 461.880
367.612 416.033
367.879 430.186
368.145 460.339
368.412 353.491
368.678 331.643
368.945 433.794
369.211 399.946
369.478 393.096
369.744 403.247
370.011 402.397
370.278 335.546
370.544 287.696
370.811 338.845
371.077 410.993
371.344 400.142
371.610 433.290
371.877 388.437
372.143 375.584
372.410 425.731
372.676 499.878
372.943 464.024
373.209 410.170
373.476 342.315
373.742 305.460
374.009 375.605
374.276 390.749
374.542 431.893
374.809 393.037
375.075 261.180
375.342 247.323
375.608 283.466
375.875 277.608
376.141 464.750
376.408 430.892
376.674 388.033
376.941 401.174
377.207 367.315
377.474 610.455
377.740 548.595
378.007 330.735
378.273 385.874
378.540 405.013
378.807 365.152
379.073 334.290
379.340 294.428
379.606 352.566
379.873 333.703
380.139 399.840
380.406 409.977
380.672 328.114
380.939 285.250
381.205 283.385
381.472 228.521
381.738 214.656
382.005 379.791
382.271 449.925
382.538 403.059
382.804 466.193
383.071 397.327
383.338 377.460
383.604 438.593
383.871 519.725
384.137 470.858
384.404 409.989
384.670 397.121
384.937 357.252
385.203 416.383
385.470 427.514
385.736 426.645
386.003 367.775
386.269 377.905
386.536 374.034
386.802 361.163
387.069 465.292
387.336 585.421
387.602 565.549
387.869 326.677
388.135 292.805
388.402 257.932
388.668 318.059
388.935 442.186
389.201 509.313
389.468 465.439
389.734 465.565
390.001 425.690
390.267 358.816
390.534 383.941
390.800 393.065
391.067 460.190
391.333 468.314
391.600 361.438
391.867 390.562
392.133 376.685
392.400 319.808
392.666 284.931
392.933 474.053
393.199 519.175
393.466 354.297
393.732 316.419
393.999 370.540
394.265 370.661
394.532 314.782
394.798 407.903
395.065 354.023
395.331 357.143
395.598 410.262
395.864 376.382
396.131 401.501
396.398 422.620
396.664 430.738
396.931 415.857
397.197 452.975
397.464 355.093
397.730 463.210
397.997 466.327
398.263 383.444
398.530 399.561
398.796 470.677
399.063 480.794
399.329 394.909
399.596 497.025
399.862 438.140
400.129 511.256
400.396 551.370
400.662 345.485
400.929 314.599
401.195 337.713
401.462 347.827
401.728 374.941
401.995 392.054
402.261 290.167
402.528 327.280
402.794 398.392
403.061 474.505
403.327 555.617
403.594 476.728
403.860 375.840
404.127 353.951
404.393 501.062
404.660 518.173
404.931 493.283
405.202 500.394
405.473 391.504
405.745 487.613
406.016 643.723
406.287 542.832
406.558 538.941
406.829 603.050
407.100 531.158
407.371 694.267
407.642 750.375
407.914 647.483
408.185 522.590
408.456 449.697
408.727 581.804
408.998 619.911
409.269 707.018
409.540 786.124
409.811 599.230
410.083 544.336
410.354 539.442
410.625 443.547
410.896 524.652
411.167 658.757
411.438 627.862
411.709 517.967
411.981 665.071
412.252 540.175
412.523 408.279
412.794 569.382
413.065 680.485
413.336 508.589
413.607 528.691
413.878 532.794
414.150 491.896
414.421 390.999
414.692 375.101
414.963 405.202
415.234 490.304
415.505 467.405
415.776 592.506
416.047 577.607
416.319 476.708
416.590 393.808
416.861 265.908
417.132 441.008
417.403 522.108
417.674 435.207
417.945 359.307
418.217 394.406
418.488 499.504
418.759 427.603
419.030 302.701
419.301 370.800
419.572 420.898
419.843 423.995
420.114 354.093
420.386 313.190
420.657 420.287
420.928 440.384
421.199 373.481
421.470 382.578
421.741 341.674
422.012 312.770
422.283 344.866
422.555 392.961
422.826 459.057
423.097 530.152
423.368 473.247
423.639 343.342
423.910 380.437
424.181 339.531
424.453 321.625
424.724 566.719
424.995 586.813
425.266 412.906
425.537 411.000
425.808 517.093
426.079 512.186
426.350 415.279
426.622 402.371
426.893 500.464
427.164 445.556
427.435 336.648
427.706 353.740
427.977 385.831
428.248 343.923
428.519 422.014
428.791 363.105
429.062 413.196
429.333 322.286
429.604 330.377
429.875 450.467
430.146 482.557
430.417 461.647
430.689 420.736
430.960 318.826
431.231 321.915
431.502 483.004
431.773 496.093
432.044 424.182
432.315 570.270
432.586 507.358
432.858 509.447
433.129 372.535
433.400 450.622
433.671 496.710
433.942 364.797
434.213 286.884
434.484 412.971
434.755 487.058
435.027 371.145
435.298 456.231
435.569 471.317
435.840 366.404
436.116 388.489
436.391 471.575
436.667 493.661
436.942 508.746
437.218 548.831
437.493 539.916
437.769 579.001
438.045 511.086
438.320 508.170
438.596 481.254
438.871 398.338
439.147 420.422
439.422 354.506
439.698 324.590
439.974 371.673
440.249 474.756
440.525 507.839
440.800 368.922
441.076 465.005
441.351 560.087
441.627 549.169
441.903 526.252
442.178 387.334
442.454 415.415
442.729 557.497
443.005 455.579
443.281 522.660
443.556 626.741
443.832 509.822
444.107 406.903
444.383 460.983
444.658 455.064
444.934 347.144
445.210 506.224
445.485 607.304
445.761 568.384
446.036 526.464
446.312 582.543
446.587 567.622
446.863 408.701
447.139 470.780
447.414 478.859
447.690 537.938
447.965 530.016
448.241 455.095
448.516 471.173
448.792 488.251
449.068 489.329
449.343 498.406
449.619 425.484
449.894 451.561
450.170 444.638
450.445 588.715
450.721 609.792
450.997 480.869
451.272 539.945
451.548 448.022
451.823 415.098
452.099 469.174
452.375 376.250
452.650 424.326
452.926 484.401
453.201 470.477
453.477 675.552
453.752 629.627
454.028 478.702
454.304 591.777
454.579 586.852
454.855 524.926
455.130 544.001
455.406 628.075
455.681 551.149
455.957 508.223
456.233 519.297
456.508 526.370
456.784 602.444
457.059 578.517
457.335 609.590
457.610 533.663
457.886 513.736
458.162 479.809
458.437 474.881
458.713 527.954
458.988 524.026
459.264 602.098
459.539 608.170
459.815 530.242
460.091 470.314
460.366 437.385
460.642 423.457
460.917 501.528
461.193 517.599
461.468 449.670
461.744 443.741
462.020 450.812
462.295 474.882
462.571 424.953
462.846 491.023
463.122 581.093
463.397 592.163
463.673 491.741
463.949 491.811
464.224 480.891
464.500 479.962
464.775 450.511
465.051 474.631
465.327 515.134
465.602 571.575
465.878 540.246
466.153 384.087
466.429 533.390
466.704 724.543
466.980 606.060
467.256 646.128
467.531 647.844
467.807 592.449
468.082 593.519
468.358 535.935
468.633 522.557
468.909 502.544
469.185 476.986
469.460 520.792
469.736 602.955
470.011 471.099
470.287 472.704
470.562 571.506
470.838 476.287
471.114 494.007
471.389 502.154
471.665 482.506
471.940 597.434
472.216 554.990
472.491 425.933
472.767 412.232
473.043 551.244
473.318 612.162
473.594 517.943
473.869 463.602
474.145 426.028
474.421 464.751
474.696 521.785
474.972 448.044
475.247 449.586
475.523 533.715
475.798 501.704
476.074 442.195
476.350 478.920
476.625 545.732
476.901 583.513
477.176 575.855
477.452 454.276
477.727 421.787
478.003 295.406
478.279 472.299
478.554 570.940
478.830 584.809
479.105 651.706
479.381 588.228
479.656 445.289
479.932 459.085
480.208 566.983
480.483 555.350
480.759 587.768
481.034 518.550
481.310 481.238
481.585 509.564
481.861 497.529
482.137 443.716
482.412 521.801
482.688 526.839
482.963 489.260
483.239 494.843
483.514 385.685
483.790 456.974
484.066 636.398
484.341 530.035
484.617 495.668
484.892 555.438
485.168 518.681
485.443 422.798
485.719 462.618
485.995 491.522
486.270 452.441
486.546 373.464
486.821 375.501
487.097 363.959
487.373 443.540
487.648 568.709
487.924 491.512
488.199 358.473
488.475 279.945
488.750 292.199
489.026 472.131
489.302 433.915
489.577 407.076
489.853 427.302
490.128 529.220
490.404 456.351
490.679 327.249
490.955 448.198
491.231 493.219
491.506 465.382
491.782 350.321
492.057 345.142
492.333 470.442
492.608 466.584
492.884 440.221
493.160 319.924
493.435 393.156
493.711 432.427
493.986 409.532
494.262 419.792
494.537 395.337
494.813 439.941
495.089 342.196
495.364 377.615
495.640 468.043
495.915 489.708
496.191 584.231
496.467 530.674
496.742 471.615
497.018 523.933
497.293 463.770
497.569 517.643
497.844 473.177
498.120 522.737
498.396 489.106
498.671 456.875
498.947 498.637
499.222 478.312
499.498 460.932
499.773 497.801
500.049 500.842
500.325 420.557
500.600 503.452
500.876 502.008
501.151 554.222
501.427 543.788
501.702 582.579
501.978 592.683
502.254 607.022
502.529 493.789
502.805 587.995
503.080 657.190
503.356 582.225
503.631 532.361
503.907 540.577
504.183 463.707
504.458 544.732
504.734 554.346
505.009 563.498
505.285 526.672
505.560 535.292
505.836 475.158
506.112 503.551
506.387 437.814
506.663 382.823
506.938 371.752
507.214 384.949
507.490 535.117
507.765 537.656
508.041 500.372
508.316 524.641
508.592 469.255
508.867 533.221
509.143 640.274
509.419 542.837
509.694 474.597
509.970 458.600
510.245 407.682
510.521 490.325
510.796 458.916
511.072 396.029
511.348 410.245
511.623 479.088
511.899 435.960
512.174 521.971
512.450 560.193
512.725 533.457
513.001 433.869
513.277 420.617
513.552 599.677
513.828 520.633
514.103 480.760
514.379 574.971
514.654 470.541
514.930 508.957
515.206 777.397
515.481 649.868
515.757 463.530
516.032 398.545
516.308 519.884
516.583 588.693
516.859 504.828
517.135 456.189
517.410 467.983
517.686 555.493
517.961 502.090
518.237 481.764
518.513 411.177
518.788 552.025
519.064 573.206
519.339 513.902
519.615 423.684
519.890 440.678
520.166 537.602
520.442 618.939
520.717 655.558
520.993 623.480
521.268 532.453
521.544 540.198
521.819 428.734
522.095 436.045
522.371 595.787
522.646 611.172
522.922 662.355
523.197 628.874
523.473 699.130
523.748 646.543
524.024 565.247
524.300 527.971
524.575 494.522
524.851 561.551
525.126 607.903
525.402 624.797
525.677 646.850
525.953 578.397
526.229 576.529
526.504 534.062
526.780 647.361
527.055 586.780
527.331 621.273
527.606 708.118
527.882 632.842
528.158 514.717
528.433 668.339
528.709 627.115
528.984 610.843
529.260 594.753
529.535 573.091
529.811 483.796
530.087 422.210
530.362 499.731
530.638 572.440
530.913 620.838
531.189 601.209
531.465 486.387
531.740 483.034
532.016 559.946
532.291 537.745
532.567 563.054
532.842 562.127
533.118 550.105
533.394 615.730
533.669 547.904
533.945 457.479
534.220 475.031
534.496 597.249
534.771 551.089
535.047 532.157
535.323 523.929
535.598 577.118
535.874 599.208
536.149 633.071
536.425 585.787
536.700 544.732
536.976 601.724
537.252 622.965
537.527 534.227
537.803 558.827
538.078 667.579
538.354 736.450
538.629 698.830
538.905 742.179
539.181 784.118
539.456 848.261
539.732 983.395
540.007 974.551
540.283 823.381
540.558 776.212
540.834 801.528
541.110 828.105
541.385 829.136
541.661 918.285
541.936 944.013
542.212 839.990
542.488 869.763
542.763 923.322
543.039 948.088
543.314 956.065
543.590 928.257
543.865 917.373
544.141 884.643
544.417 899.579
544.692 874.793
544.968 972.152
545.243 919.480
545.519 831.219
545.794 851.965
546.070 964.331
546.348 957.370
546.627 789.460
546.905 902.723
547.183 934.733
547.461 946.689
547.740 1003.333
548.018 901.984
548.296 945.814
548.575 899.180
548.853 815.803
549.131 874.432
549.409 956.937
549.688 1067.095
549.966 1017.530
550.244 1046.339
550.523 1012.635
550.801 1018.601
551.079 1112.588
551.357 1183.843
551.636 1133.304
551.914 1106.452
552.192 1089.725
552.471 1164.876
552.749 1220.746
553.027 1206.787
553.306 1217.438
553.584 1347.269
553.862 1316.513
554.140 1325.392
554.419 1366.588
554.697 1471.425
554.975 1484.699
555.254 1450.049
555.532 1291.444
555.810 1395.586
556.088 1507.803
556.367 1402.679
556.645 1271.001
556.923 1327.457
557.202 1302.880
557.480 1351.166
557.758 1248.049
558.036 1133.633
558.315 1097.592
558.593 1090.851
558.871 1021.187
559.150 1015.385
559.428 1011.545
559.706 935.263
559.984 904.473
560.263 971.139
560.541 886.533
560.819 762.181
561.098 798.251
561.376 823.286
561.654 683.897
561.932 561.395
562.211 672.744
562.489 712.164
562.767 691.361
563.046 589.274
563.324 489.895
563.602 519.219
563.880 500.521
564.159 582.129
564.437 640.090
564.715 546.689
564.994 499.698
565.272 532.362
565.550 497.370
565.828 447.017
566.107 544.418
566.385 557.986
566.663 437.522
566.942 441.819
567.220 506.214
567.498 656.735
567.776 506.768
568.055 430.840
568.333 521.259
568.611 587.807
568.890 542.562
569.168 453.874
569.446 513.283
569.725 519.114
570.003 437.022
570.281 469.393
570.559 572.908
570.838 557.039
571.116 565.364
571.394 595.436
571.673 613.506
571.951 554.911
572.229 553.003
572.507 607.023
572.786 570.682
573.064 536.217
573.342 584.936
573.621 465.134
573.899 468.094
574.177 637.530
574.455 644.051
574.734 532.190
575.012 588.974
575.290 557.263
575.569 602.940
575.847 584.919
576.125 583.970
576.403 478.486
576.682 528.153
576.960 579.473
577.243 624.211
577.527 569.686
577.810 426.862
578.093 433.232
578.377 485.505
578.660 533.956
578.944 505.332
579.227 478.643
579.510 520.775
579.794 499.499
580.077 516.876
580.360 545.198
580.644 558.682
580.927 535.413
581.210 540.415
581.494 482.759
581.777 561.913
582.061 541.588
582.344 459.409
582.627 437.506
582.911 486.392
583.194 515.851
583.477 586.742
583.761 590.766
584.044 636.706
584.327 584.426
584.611 514.528
584.894 553.521
585.178 522.584
585.461 525.612
585.744 616.553
586.028 511.201
586.311 543.233
586.594 598.264
586.878 545.295
587.161 548.327
587.444 532.358
587.728 476.389
588.011 554.421
588.295 490.452
588.578 513.969
588.861 610.903
589.145 544.545
589.428 544.120
589.711 414.607
589.995 461.177
590.278 589.079
590.562 503.699
590.845 446.284
591.128 649.462
591.412 610.570
591.695 533.289
591.978 638.575
592.262 560.323
592.545 433.612
592.828 597.748
593.112 515.428
593.395 441.679
593.679 369.556
593.962 546.877
594.245 565.269
594.529 472.761
594.812 421.625
595.095 362.373
595.379 528.515
595.662 549.945
595.945 449.131
596.229 425.897
596.512 482.509
596.796 521.669
597.079 581.578
597.362 642.003
597.646 612.713
597.929 515.809
598.212 531.138
598.496 562.788
598.779 644.196
599.062 703.455
599.346 586.011
599.629 529.249
599.913 552.402
600.196 596.765
600.479 574.553
600.763 527.857
601.046 436.386
601.329 512.631
601.613 559.353
601.896 507.267
602.179 518.585
602.463 486.197
602.746 544.182
603.030 639.495
603.313 594.735
603.596 455.411
603.880 513.816
604.163 526.589
604.446 499.656
604.730 458.548
605.013 529.556
605.296 561.444
605.580 488.014
605.863 545.828
606.147 441.057
606.430 459.694
606.713 557.119
606.997 488.152
607.280 599.248
607.563 553.287
607.847 551.796
608.130 539.192
608.414 516.187
608.697 494.688
608.980 520.665
609.264 586.889
609.547 509.945
609.830 504.096
610.114 530.568
610.397 479.664
610.680 486.071
610.964 523.326
611.247 515.509
611.531 485.620
611.814 422.840
612.097 404.221
612.381 517.577
612.664 620.173
612.947 517.157
613.231 442.601
613.514 450.921
613.797 544.268
614.081 567.870
614.364 506.010
614.648 426.469
614.931 399.973
615.214 393.123
615.498 436.801
615.781 477.611
616.064 460.905
616.348 519.987
616.631 555.993
616.914 606.653
617.198 548.164
617.481 463.461
617.765 451.124
618.048 518.722
618.331 477.287
618.615 418.497
618.898 501.527
619.181 590.485
619.465 545.596
619.748 449.677
620.031 438.267
620.315 437.736
620.598 468.950
620.882 542.928
621.165 649.855
621.448 563.400
621.732 519.210
622.015 443.614
622.298 483.408
622.582 551.780
622.865 509.400
623.148 478.457
623.432 530.491
623.715 500.487
623.999 661.998
624.282 638.592
624.565 644.933
624.849 502.101
625.132 412.414
625.415 674.536
625.699 733.769
625.982 632.887
626.265 583.636
626.549 547.718
626.832 633.602
627.116 644.739
627.399 488.199
627.682 545.708
627.966 534.106
628.249 533.594
628.532 463.736
628.816 611.276
629.099 578.624
629.383 559.051
629.666 518.998
629.949 459.703
630.233 479.688
630.516 529.823
630.799 557.484
631.083 468.087
631.366 507.545
631.649 430.088
631.933 346.439
632.216 489.501
632.500 542.126
632.783 544.454
633.066 529.857
633.350 518.683
633.633 615.696
633.916 574.890
634.200 531.074
634.483 614.879
634.766 590.218
635.050 542.840
635.333 473.841
635.617 507.152
635.900 591.521
636.183 625.429
636.467 602.177
636.750 591.629
637.033 618.067
637.317 531.679
637.600 524.623
637.883 563.589
638.167 598.730
638.450 620.103
638.734 614.507
639.017 693.181
639.300 696.948
639.584 601.838
639.867 780.531
640.150 726.297
640.434 772.156
640.717 794.821
641.000 765.871
641.284 853.743
641.567 848.016
641.851 858.592
642.134 988.377
642.417 1022.055
642.701 1127.804
642.984 1233.313
643.267 1262.798
643.551 1204.767
643.834 1268.711
644.117 1378.032
644.401 1493.684
644.684 1733.631
644.968 1996.063
645.251 2177.139
645.534 2307.554
645.818 2534.592
646.101 2819.623
646.384 3166.123
646.668 3614.971
646.951 3890.109
647.235 4296.043
647.518 4743.432
647.801 5281.987
648.085 5758.739
648.368 6183.346
648.651 6654.231
648.935 7195.974
649.218 7725.186
649.501 8267.832
649.785 8967.224
650.068 9818.127
650.352 10530.913
650.635 11467.164
650.918 12316.255
651.202 13280.174
651.485 14167.451
651.768 15080.179
652.052 15773.470
652.335 16378.598
652.618 17122.767
652.902 17724.027
653.185 18525.441
653.469 18995.638
653.752 19274.446
654.035 19568.470
654.319 19879.909
654.602 20107.000
654.885 20163.004
655.169 20292.350
655.452 20290.978
655.735 20398.869
656.019 20360.433
656.302 20410.645
656.586 20385.564
656.869 20159.742
657.152 20189.142
657.436 20250.035
657.719 20389.142
658.002 20467.031
658.286 20547.323
658.569 20397.032
658.852 20436.568
659.136 20626.308
659.419 20442.574
659.703 20381.682
659.986 20344.140
660.269 20521.871
660.553 20451.240
660.836 20396.384
661.119 20413.681
661.403 20219.026
661.686 20017.401
661.969 19821.084
662.253 19745.068
662.536 19451.390
662.820 19208.102
663.103 18737.535
663.386 18198.003
663.670 17763.947
663.953 17218.899
664.236 16850.348
664.520 16379.244
664.803 15769.336
665.086 15137.000
665.370 14823.076
665.653 14233.432
665.937 13623.142
666.220 12943.649
666.503 12191.135
666.787 11561.338
667.070 10883.638
667.353 10321.667
667.637 9469.109
667.920 8902.192
668.204 8328.161
668.487 7741.203
668.770 7248.088
669.054 6672.753
669.337 6230.034
669.620 5835.559
669.904 5423.324
670.187 5037.435
670.470 4786.474
670.754 4335.474
671.037 3905.710
671.321 3697.451
671.604 3595.935
671.887 3388.787
672.171 3230.159
672.454 3013.175
672.737 2884.124
673.021 2704.538
673.304 2560.518
673.587 2615.980
673.871 2526.733
674.154 2317.253
674.438 2289.850
674.721 2204.567
675.004 2070.024
675.288 1988.769
675.571 1874.463
675.854 1708.674
676.138 1734.168
676.421 1662.706
676.704 1597.295
676.988 1608.051
677.271 1671.716
677.555 1576.257
677.838 1433.567
678.121 1290.578
678.405 1245.651
678.688 1373.000
678.971 1123.794
679.255 1235.847
679.538 1335.452
679.821 1312.651
680.105 1094.927
680.388 1009.796
680.672 1005.668
680.955 963.069
681.238 969.294
681.522 942.319
681.805 881.679
682.088 912.030
682.372 947.412
682.655 854.475
682.938 947.397
683.222 887.917
683.505 809.450
683.789 840.818
684.072 755.153
684.355 783.612
684.639 839.999
684.922 795.134
685.205 742.961
685.489 824.401
685.772 853.495
686.056 814.658
686.339 819.908
686.622 684.604
686.906 671.053
687.189 769.194
687.472 896.562
687.756 779.901
688.039 602.237
688.322 575.117
688.606 770.335
688.889 753.652
689.173 621.104
689.456 730.726
689.739 771.455
690.023 712.276
690.306 736.278
690.589 678.239
690.873 731.662
691.156 758.736
691.439 683.834
691.723 624.539
692.006 649.167
692.290 638.481
692.573 692.873
692.856 751.559
693.140 751.578
693.423 655.581
693.706 572.341
693.990 574.278
694.273 585.067
694.556 740.313
694.840 889.742
695.123 819.627
695.407 718.696
695.690 670.890
695.973 695.312
696.257 687.405
696.540 850.296
696.830 764.138
697.120 763.128
697.410 806.511
697.699 814.932
697.989 976.001
698.279 807.789
698.569 683.004
698.859 746.547
699.149 772.645
699.439 663.600
699.729 573.145
700.018 561.939
700.308 631.720
700.598 583.828
700.888 572.919
701.178 651.543
701.468 552.522
701.758 490.177
702.048 526.083
702.337 497.310
702.627 596.223
702.917 538.722
703.207 489.316
703.497 571.336
703.787 492.387
704.077 446.622
704.366 525.060
704.656 436.286
704.946 351.994
705.236 367.644
705.526 501.026
705.816 576.892
706.106 408.836
706.396 514.023
706.685 511.516
706.975 395.346
707.265 386.650
707.555 506.601
707.845 491.738
708.135 458.058
708.425 378.654
708.715 420.588
709.004 579.280
709.294 543.724
709.584 534.778
709.874 579.173
710.164 508.184
710.454 443.987
710.744 481.078
711.034 538.805
711.323 516.107
711.613 493.486
711.903 588.396
712.193 592.345
712.483 447.819
712.773 482.250
713.063 458.748
713.352 457.866
713.642 497.065
713.932 545.867
714.222 555.531
714.512 509.287
714.802 474.383
715.092 493.779
715.382 433.845
715.671 442.676
715.961 468.813
716.251 391.758
716.541 426.045
716.831 530.459
717.121 391.844
717.411 437.043
717.701 521.269
717.990 471.523
718.280 384.678
718.570 378.963
718.860 387.204
719.150 421.018
719.440 419.678
719.730 410.543
720.019 599.097
720.309 556.705
720.599 445.927
720.889 435.313
721.179 475.520
721.469 534.419
721.759 463.998
722.049 490.859
722.338 434.306
722.628 462.053
722.918 480.819
723.208 505.797
723.498 432.735
723.788 474.553
724.078 605.463
724.368 558.430
724.657 471.202
724.947 470.707
725.237 520.404
725.527 625.631
725.817 491.003
726.107 405.402
726.397 384.140
726.686 379.319
726.976 452.835
727.266 504.108
727.556 419.983
727.846 508.498
728.136 561.212
728.426 460.571
728.716 384.035
729.005 489.670
729.295 474.181
729.585 340.165
729.875 319.172
730.165 420.370
730.455 490.219
730.745 501.390
731.035 488.783
731.324 517.959
731.614 460.657
731.904 365.882
732.194 463.078
732.484 456.734
732.774 499.550
733.064 510.265
733.354 412.031
733.643 460.081
733.933 448.926
734.223 395.334
734.513 549.345
734.803 573.310
735.093 445.520
735.383 425.462
735.672 497.742
735.962 526.128
736.252 375.090
736.542 442.441
736.832 467.921
737.122 363.492
737.412 417.428
737.702 511.081
737.991 489.506
738.281 509.165
738.571 469.387
738.861 433.908
739.151 451.639
739.441 523.972
739.731 426.642
740.021 432.423
740.310 545.290
740.600 564.599
740.890 342.811
741.180 351.399
741.470 419.528
741.760 467.914
742.050 605.144
742.339 543.052
742.629 440.198
742.919 548.026
743.209 394.337
743.499 375.948
743.789 414.948
744.079 430.804
744.369 493.696
744.658 447.117
744.948 292.233
745.238 440.208
745.528 471.936
745.818 549.800
746.108 514.099
746.398 479.867
746.688 435.194
746.977 571.256
747.267 502.750
747.557 510.222
747.847 549.003
748.137 486.877
748.427 417.239
748.717 400.737
749.006 333.685
749.296 452.558
749.586 459.086
749.876 555.175
750.166 473.516
750.456 401.220
750.746 498.441
751.036 435.581
751.325 517.431
751.615 470.010
751.905 418.076
752.195 466.507
752.485 461.521
752.775 516.051
753.065 449.999
753.355 570.133
753.644 578.155
753.934 505.613
754.224 506.123
754.514 607.046
754.804 426.912
755.094 352.703
755.384 400.862
755.674 441.999
755.963 523.256
756.253 507.731
756.543 562.401
756.833 574.600
757.123 587.089
757.413 479.150
757.703 378.661
757.992 406.816
758.282 499.794
758.572 433.979
758.862 379.721
759.152 438.026
759.442 477.760
759.732 597.852
760.022 605.905
760.311 511.961
760.601 335.918
760.891 484.825
761.181 567.768
761.471 482.840
761.761 373.571
762.051 417.895
762.341 572.417
762.630 616.310
762.920 451.167
763.210 425.426
763.500 539.814
763.793 438.116
764.086 430.073
764.379 416.575
764.671 482.986
764.964 430.686
765.257 456.856
765.550 493.072
765.843 388.247
766.136 415.478
766.429 404.402
766.722 418.107
767.014 404.621
767.307 357.710
767.600 316.434
767.893 336.928
768.186 350.046
768.479 411.551
768.772 495.233
769.064 495.246
769.357 416.210
769.650 405.554
769.943 574.343
770.236 530.046
770.529 426.763
770.822 460.042
771.115 514.490
771.407 587.676
771.700 559.435
771.993 570.114
772.286 532.215
772.579 521.611
772.872 416.785
773.165 439.983
773.457 523.665
773.750 500.998
774.043 422.302
774.336 430.822
774.629 447.104
774.922 455.640
775.215 409.235
775.508 453.741
775.800 419.092
776.093 492.034
776.386 448.292
776.679 426.601
776.972 524.297
777.265 648.177
777.558 665.646
777.850 532.326
778.143 535.354
778.436 495.664
778.729 445.932
779.022 489.160
779.315 449.977
779.608 406.773
779.900 441.961
780.193 425.893
780.486 408.410
780.779 432.085
781.072 347.496
781.365 422.079
781.658 448.620
781.951 408.471
782.243 480.811
782.536 577.171
782.829 517.946
783.122 474.786
783.415 536.508
783.708 561.596
784.001 452.280
784.293 470.346
784.586 561.069
784.879 609.178
785.172 519.491
785.465 448.881
785.758 507.010
786.051 524.056
786.344 545.020
786.636 614.646
786.929 491.535
787.222 495.542
787.515 471.539
787.808 438.641
788.101 437.654
788.394 553.550
788.686 619.496
788.979 609.127
789.272 498.641
789.565 476.199
789.858 410.342
790.151 419.755
790.444 427.759
790.737 422.199
791.029 391.428
791.322 485.252
791.615 435.926
791.908 454.791
792.201 461.335
792.494 476.839
792.787 520.200
793.079 579.554
793.372 493.331
793.665 516.766
793.958 508.801
794.251 521.774
794.544 548.158
794.837 610.531
795.130 490.902
795.422 423.117
795.715 471.982
796.008 514.380
796.301 485.479
796.594 484.494
796.887 530.322
797.180 540.833
797.472 387.305
797.765 316.529
798.058 452.679
798.351 469.094
798.644 387.351
798.937 337.512
799.230 407.904
799.523 718.392
799.815 615.711
800.108 408.345
800.401 354.518
800.694 463.665
800.987 444.271
801.280 463.152
801.573 545.081
801.865 562.076
802.158 491.666
802.451 464.731
802.744 472.726
803.037 437.807
803.330 435.259
803.623 547.610
803.915 523.669
804.208 439.289
804.501 492.231
804.794 471.221
805.087 402.761
805.380 329.431
805.673 356.140
805.966 442.237
806.258 409.625
806.551 537.969
806.844 506.856
807.137 542.552
807.430 405.472
807.723 395.443
808.016 584.209
808.308 588.414
808.601 448.689
808.894 406.343
809.187 472.222
809.480 499.927
809.773 449.184
810.066 494.919
810.359 524.633
810.651 510.566
810.944 334.659
811.237 378.399
811.530 501.517
811.825 401.025
812.119 343.114
812.414 302.761
812.709 385.906
813.003 475.767
813.298 487.431
813.593 517.811
813.887 452.521
814.182 600.508
814.476 577.779
814.771 551.394
815.066 450.797
815.360 376.163
815.655 418.857
815.950 435.570
816.244 471.186
816.539 552.688
816.834 479.304
817.128 526.743
817.423 578.205
817.718 668.946
818.012 519.221
818.307 357.839
818.602 473.628
818.896 512.600
819.191 475.110
819.486 422.547
819.780 537.903
820.075 678.343
820.369 628.050
820.664 455.833
820.959 503.463
821.253 534.048
821.548 469.810
821.843 478.065
822.137 496.245
822.432 522.290
822.727 474.878
823.021 420.061
823.316 526.049
823.611 571.141
823.905 487.356
824.200 377.327
824.495 509.990
824.789 525.824
825.084 515.797
825.379 481.542
825.673 479.949
825.968 537.061
826.262 524.929
826.557 520.237
826.852 537.742
827.146 497.413
827.441 460.841
827.736 523.974
828.030 520.291
828.325 325.482
828.620 474.113
828.914 567.082
829.209 442.410
829.504 608.319
829.798 579.529
830.093 440.449
830.388 390.777
830.682 343.913
830.977 470.206
831.271 576.371
831.566 491.334
831.861 451.697
832.155 407.210
832.450 496.631
832.745 601.810
833.039 501.301
833.334 418.994
833.629 473.360
833.923 439.188
834.218 392.770
834.513 402.218
834.807 413.585
835.102 386.358
835.397 392.740
835.691 352.857
835.986 391.813
836.281 426.910
836.575 436.287
836.870 441.304
837.164 457.385
837.459 436.440
837.754 466.723
838.048 404.045
838.343 380.944
838.638 421.937
838.932 464.004
839.227 456.045
839.522 469.756
839.816 455.262
840.111 454.003
840.406 443.788
840.700 540.890
840.995 692.730
841.290 705.865
841.584 588.168
841.879 617.194
842.174 518.246
842.468 477.618
842.763 394.638
843.057 474.180
843.352 477.268
843.647 487.307
843.941 462.504
844.236 449.284
844.531 519.726
844.825 560.828
845.120 633.553
845.415 642.973
845.709 531.179
846.004 573.076
846.299 504.693
846.593 609.423
846.888 503.064
847.183 452.349
847.477 463.028
847.772 484.963
848.066 493.480
848.361 517.394
848.656 525.976
848.950 527.189
849.245 609.039
849.540 509.507
849.834 634.958
850.129 633.404
850.424 521.627
850.718 473.962
851.013 598.111
851.308 548.066
851.602 548.077
851.897 570.062
852.192 660.613
852.486 546.853
852.781 444.917
853.076 565.202
853.370 551.980
853.665 549.703
853.959 613.527
854.254 593.453
854.549 739.713
854.843 603.049
855.138 476.742
855.433 541.897
855.727 641.974
856.022 550.863
856.317 508.491
856.611 537.761
856.906 488.823
857.201 539.855
857.495 648.277
857.790 636.390
858.085 590.844
858.379 540.052
858.674 465.700
858.969 376.502
859.263 444.878
859.558 502.889
859.852 422.673
860.147 499.607
860.442 598.525
860.736 438.627
861.031 520.813
861.326 562.557
861.620 472.154
861.915 579.866
862.210 613.417
862.504 515.753
862.799 593.521
863.094 581.629
863.388 451.954
863.683 492.841
863.978 491.306
864.272 449.229
864.567 418.443
864.861 451.084
865.156 448.169
865.451 380.648
865.745 525.193
866.040 565.346
866.335 534.325
866.629 546.130
866.924 479.843
867.219 488.082
867.513 548.380
867.808 525.812
868.103 480.124
868.397 457.379
868.692 479.697
868.987 425.740
869.281 426.047
869.576 554.034
869.871 538.473
870.165 450.592
870.460 391.387
870.754 424.414
871.049 413.660
871.344 491.067
871.638 522.198
871.933 430.537
872.228 416.343
872.522 456.791
872.817 537.203
873.112 703.552
873.406 531.745
873.701 552.241
873.996 552.148
874.290 443.642
874.585 437.935
874.880 510.263
875.174 470.107
875.469 450.337
875.764 462.459
876.058 435.020
876.353 371.521
876.647 354.595
876.942 403.207
877.237 457.560
877.531 510.647
877.826 497.776
878.121 437.429
878.415 417.079
878.710 411.167
879.005 505.861
879.299 472.393
879.594 406.602
879.889 296.265
880.183 316.355
880.478 415.569
880.773 421.336
881.067 422.423
881.362 439.319
881.656 400.627
881.951 420.634
882.246 352.995
882.540 430.693
882.835 412.969
883.130 419.025
883.424 416.050
883.719 389.703
884.014 467.040
884.308 421.085
884.603 384.523
884.898 414.282
885.192 489.048
885.487 469.182
885.782 403.957
886.076 463.490
886.371 423.168
886.666 281.989
886.960 384.790
887.255 388.929
887.549 359.644
887.844 482.976
888.139 501.300
888.433 471.945
888.728 391.185
889.023 423.164
889.317 450.790
889.612 370.681
889.907 393.369
890.201 444.704
890.496 477.032
890.791 455.416
891.085 401.182
891.380 376.476
891.675 383.000
891.969 406.858
892.264 332.662
892.559 409.682
892.853 481.543
893.148 407.410
893.442 379.387
893.737 429.993
894.032 417.286
894.326 315.091
894.621 323.027
894.916 319.792
895.210 404.099
895.505 450.230
895.800 378.132
896.094 313.041
896.389 355.414
896.684 409.622
896.978 408.384
897.273 316.275
897.568 411.409
897.862 481.630
898.157 441.849
898.451 535.167
898.746 515.705
899.041 555.141
899.335 493.147
899.630 420.896
899.925 425.844
900.219 458.624
900.514 553.500
900.809 475.802
901.103 347.966
901.398 453.657
901.693 391.652
901.987 381.313
902.282 434.408
902.577 372.746
902.871 326.075
903.166 445.017
903.461 491.850
903.755 459.231
904.050 441.655
904.344 359.870
904.639 336.236
904.934 359.884
905.228 350.646
905.523 339.879
905.818 378.318
906.112 487.334
906.407 422.336
906.702 402.311
906.996 465.189
907.291 446.435
907.586 375.887
907.880 457.754
908.175 454.541
908.470 474.547
908.764 488.656
909.059 500.016
909.354 423.380
909.648 358.021
909.943 385.425
910.237 476.713
910.532 552.755
910.827 583.009
911.121 543.184
911.416 464.226
911.711 455.042
912.005 499.165
912.300 473.340
912.599 505.188
912.898 437.665
913.196 410.133
913.495 471.364
913.794 558.678
914.093 508.956
914.391 462.468
914.690 483.358
914.989 491.286
915.288 537.477
915.586 501.105
915.885 408.417
916.184 305.063
916.483 279.742
916.782 409.034
917.080 449.454
917.379 449.366
917.678 408.326
917.977 514.406
918.275 559.365
918.574 493.602
918.873 480.782
919.172 466.480
919.471 373.839
919.769 388.261
920.068 366.087
920.367 376.364
920.666 416.242
920.964 482.995
921.263 417.459
921.562 374.835
921.861 495.002
922.159 433.893
922.458 424.201
922.757 440.037
923.056 454.459
923.355 452.863
923.653 561.587
923.952 533.321
924.251 334.050
924.550 465.420
924.848 526.096
925.147 423.604
925.446 385.341
925.745 417.923
926.043 483.504
926.342 491.953
926.641 372.452
926.940 449.808
927.239 507.511
927.537 524.721
927.836 458.988
928.135 458.912
928.434 585.869
928.732 562.757
929.031 553.233
929.330 614.888
929.629 523.662
929.927 404.253
930.226 406.353
930.525 475.618
930.824 574.089
931.123 511.044
931.421 522.605
931.720 482.125
932.019 522.354
932.318 575.704
932.616 486.717
932.915 451.078
933.214 557.058
933.513 563.374
933.812 506.719
934.110 512.863
934.409 569.270
934.708 474.822
935.007 659.852
935.305 660.545
935.604 492.059
935.903 585.981
936.202 565.453
936.500 650.700
936.799 737.170
937.098 720.959
937.397 616.652
937.696 533.812
937.994 521.990
938.293 569.412
938.592 505.532
938.891 543.420
939.189 620.303
939.488 669.936
939.787 824.568
940.086 696.352
940.384 668.208
940.683 603.066
940.982 498.282
941.281 649.778
941.580 905.294
941.878 822.489
942.177 685.693
942.476 761.020
942.775 727.420
943.073 576.849
943.372 476.307
943.671 617.079
943.970 727.459
944.268 686.473
944.567 606.532
944.866 618.238
945.165 601.287
945.464 596.917
945.762 532.504
946.061 719.511
946.360 745.192
946.659 707.615
946.957 710.302
947.256 664.671
947.555 579.823
947.854 641.161
948.153 579.984
948.451 583.736
948.750 679.559
949.049 664.331
949.348 779.418
949.646 662.100
949.945 618.387
950.244 704.446
950.543 670.243
950.841 650.677
951.140 583.574
951.439 484.916
951.738 505.903
952.037 583.920
952.335 646.504
952.634 597.747
952.933 532.038
953.232 562.577
953.530 404.636
953.829 665.086
954.128 713.492
954.427 664.704
954.725 755.041
955.024 666.380
955.323 687.096
955.622 521.981
955.921 430.096
956.219 459.741
956.518 450.576
956.817 529.227
957.116 565.852
957.414 494.282
957.713 468.495
958.012 403.701
958.311 401.829
958.610 517.047
958.908 578.067
959.207 572.466
959.506 575.567
959.805 643.412
960.103 644.960
960.402 539.316
960.701 468.048
961.000 437.827
961.298 404.518
961.597 487.392
961.896 477.955
962.195 562.990
962.494 598.739
962.792 526.146
963.091 450.136
963.390 447.560
963.689 465.886
963.987 520.448
964.286 588.368
964.585 620.571
964.884 531.791
965.182 401.637
965.481 700.348
965.780 818.829
966.080 704.662
966.380 553.536
966.680 484.865
966.981 527.089
967.281 525.971
967.581 468.409
967.881 516.390
968.181 535.586
968.481 494.040
968.781 483.431
969.082 379.513
969.382 457.661
969.682 531.452
969.982 565.107
970.282 630.193
970.582 476.141
970.882 413.022
971.183 587.032
971.483 548.688
971.783 509.869
972.083 526.521
972.383 562.270
972.683 508.228
972.983 527.411
973.284 428.335
973.584 442.318
973.884 499.482
974.184 486.143
974.484 574.752
974.784 444.517
975.084 352.632
975.385 387.898
975.685 504.617
975.985 464.837
976.285 487.814
976.585 497.512
976.885 462.495
977.185 444.228
977.486 463.597
977.786 445.255
978.086 521.274
978.386 497.062
978.686 435.954
978.986 467.600
979.286 448.606
979.587 505.612
979.887 427.618
980.187 378.624
980.487 391.630
980.787 458.636
981.087 414.642
981.387 560.648
981.688 504.654
981.988 394.660
982.288 424.666
982.588 493.672
982.888 490.678
983.188 450.684
983.488 521.690
983.789 506.696
984.089 502.702
984.389 453.708
984.689 410.714
984.989 381.720
985.289 444.726
985.589 554.731
985.890 534.737
986.190 427.743
986.490 434.749
986.790 568.755
987.090 517.761
987.390 494.767
987.690 523.773
987.991 424.778
988.291 409.784
988.591 411.790
988.891 318.796
989.191 376.802
989.491 470.808
989.791 477.813
990.092 478.819
990.392 502.825
990.692 501.831
990.992 529.837
991.292 421.842
991.592 489.848
991.892 486.854
992.193 561.860
992.493 551.866
992.793 448.871
993.093 477.877
993.393 477.883
993.693 464.889
993.993 527.894
994.294 573.900
994.594 471.906
994.894 438.912
995.194 429.917
995.494 397.923
995.794 469.929
996.094 468.934
996.395 494.940
996.695 500.946
996.995 388.951
997.295 318.957
997.595 399.963
997.895 396.969
998.195 333.974
998.496 337.980
998.796 361.986
999.096 542.991
999.396 500.997
999.696 510.002
999.996 523.008
1000.296 584.014
1000.597 551.019
1000.897 404.025
1001.197 441.031
1001.497 550.036
1001.797 426.042
1002.097 408.047
1002.397 502.053
1002.698 532.059
1002.998 566.064
1003.298 489.070
1003.598 345.075
1003.898 380.081
1004.198 514.086
1004.498 565.092
1004.799 493.098
1005.099 521.103
1005.399 558.109
1005.699 569.114
1005.999 572.120
1006.299 476.125
1006.599 665.131
1006.900 620.136
1007.200 502.142
1007.500 515.147
1007.800 486.153
1008.100 369.158
1008.400 388.164
1008.700 394.169
1009.001 422.175
1009.301 437.180
1009.601 552.186
1009.901 618.191
1010.201 550.197
1010.501 462.202
1010.801 569.208
1011.102 485.213
1011.402 486.219
1011.702 442.224
1012.002 372.229
1012.302 542.235
1012.602 532.240
1012.902 460.246
1013.203 477.251
1013.503 543.256
1013.803 508.262
1014.103 364.267
1014.403 490.273
1014.703 443.278
1015.003 429.283
1015.304 587.289
1015.604 662.294
1015.904 453.300
1016.204 419.305
1016.504 424.310
1016.804 395.316
1017.104 375.321
1017.405 422.326
1017.705 425.332
1018.005 404.337
1018.305 442.342
1018.605 479.348
1018.905 403.353
1019.205 376.358
1019.506 597.364
1019.806 579.369
1020.106 512.374
1020.406 499.379
1020.706 513.385
1021.006 575.390
1021.306 644.395
1021.607 533.401
1021.907 609.406
1022.207 562.411
1022.507 426.416
1022.807 433.422
1023.107 493.427
1023.407 443.432
1023.708 451.437
1024.008 432.443
1024.308 455.448
1024.608 462.453
1024.908 396.458
1025.208 470.464
1025.508 622.469
1025.809 575.474
1026.109 431.479
1026.409 519.484
1026.709 519.490
1027.009 514.495
1027.309 553.500
1027.609 427.505
1027.910 405.510
1028.210 490.515
1028.510 591.521
1028.810 714.526
1029.110 607.531
1029.410 483.536
1029.710 575.541
1030.011 549.546
1030.311 617.552
1030.611 523.557
1030.911 487.562
1031.211 541.567
1031.511 445.572
1031.811 575.577
1032.112 602.582
1032.412 542.587
1032.712 425.592
1033.012 467.598
1033.312 619.603
1033.612 594.608
1033.912 497.613
1034.212 399.618
1034.513 414.623
1034.813 411.628
1035.113 491.633
1035.413 395.638
1035.713 497.643
1036.013 546.648
1036.313 508.653
1036.614 548.658
1036.914 440.663
1037.214 388.668
1037.514 518.673
1037.814 415.678
1038.114 433.684
1038.414 443.689
1038.715 520.694
1039.015 442.699
1039.315 340.704
1039.615 439.709
1039.915 438.714
1040.215 437.719
1040.515 512.723
1040.816 556.728
1041.116 538.733
1041.416 441.738
1041.716 405.743
1042.016 401.748
1042.316 507.753
1042.616 502.758
1042.917 415.763
1043.217 411.768
1043.517 434.773
1043.817 501.778
1044.117 517.783
1044.417 483.788
1044.717 449.793
1045.018 474.798
1045.318 551.803
1045.618 552.808
1045.918 448.812
1046.218 400.817
1046.518 446.822
1046.818 518.827
1047.119 440.832
1047.419 574.837
1047.719 547.842
1048.019 440.847
1048.319 509.851
1048.619 494.856
1048.919 486.861
1049.220 444.866
1049.520 496.871
1049.820 450.876
1050.120 386.881
1050.420 545.885
1050.720 469.890
1051.020 474.895
1051.321 515.900
1051.621 577.905
1051.921 503.910
1052.221 445.914
1052.521 429.919
1052.821 416.924
1053.121 507.929
1053.422 527.934
1053.722 558.938
1054.022 485.943
1054.322 553.948
1054.622 510.953
1054.922 426.958
1055.222 469.962
1055.523 488.967
1055.823 524.972
1056.123 570.977
1056.423 514.981
1056.723 552.986
1057.023 478.991
1057.323 361.996
1057.624 479.000
1057.924 549.005
1058.224 554.010
1058.524 472.014
1058.824 509.019
1059.124 498.024
1059.424 419.029
1059.725 512.033
1060.025 443.038
1060.325 415.043
1060.625 446.047
1060.925 443.052
1061.225 464.057
1061.525 574.061
1061.826 449.066
1062.126 481.071
1062.426 542.076
1062.726 568.080
1063.026 536.085
1063.326 662.090
1063.626 625.094
1063.927 524.099
1064.227 514.103
1064.527 457.108
1064.827 487.113
1065.127 444.117
1065.427 323.122
1065.727 394.127
1066.028 594.131
1066.328 511.136
1066.628 368.140
1066.928 394.145
1067.228 399.150
1067.528 393.154
1067.828 429.159
1068.129 397.163
1068.429 471.168
1068.729 511.173
1069.029 459.177
1069.329 375.182
1069.629 477.186
1069.929 541.191
1070.230 586.196
1070.530 521.200
1070.830 464.205
1071.130 537.209
1071.430 478.214
1071.730 468.218
1072.030 540.223
1072.331 431.227
1072.631 440.232
1072.931 495.236
1073.231 486.241
1073.531 465.245
1073.831 431.250
1074.131 530.255
1074.432 605.259
1074.732 495.264
1075.032 395.268
1075.332 447.273
1075.632 492.277
1075.932 431.282
1076.232 415.286
1076.533 455.290
1076.833 550.295
1077.133 507.299
1077.433 442.304
1077.733 472.308
1078.033 583.313
1078.333 603.317
1078.634 571.322
1078.934 527.326
1079.234 431.331
1079.534 560.335
1079.834 576.340
1080.134 513.344
1080.434 524.348
1080.735 518.353
1081.035 522.357
1081.335 373.362
1081.635 401.366
1081.935 429.371
1082.235 429.375
1082.535 479.379
1082.836 541.384
1083.136 456.388
1083.436 583.393
1083.736 581.397
1084.036 512.401
1084.336 472.406
1084.636 443.410
1084.937 543.414
1085.237 557.419
1085.537 478.423
1085.837 504.428
1086.137 493.432
1086.437 539.436
1086.737 476.441
1087.038 524.445
1087.338 611.449
1087.638 547.454
1087.938 411.458
1088.238 362.462
1088.538 449.467
1088.838 549.471
1089.139 598.475
1089.439 416.480
1089.739 504.484
1090.039 552.488
1090.339 530.493
1090.639 471.497
1090.939 539.501
1091.240 449.505
1091.540 448.510
1091.840 485.514
1092.140 576.518
1092.453 584.523
1092.766 503.527
1093.079 421.531
1093.392 427.535
1093.705 439.540
1094.018 492.544
1094.330 607.548
1094.643 584.553
1094.956 606.557
1095.269 530.561
1095.582 517.565
1095.895 477.569
1096.208 434.574
1096.521 472.578
1096.834 550.582
1097.147 549.586
1097.460 579.591
1097.773 610.595
1098.085 496.599
1098.398 462.603
1098.711 505.608
1099.024 452.612
1099.337 552.616
1099.650 634.620
1099.963 589.624
1100.276 499.629
1100.589 455.633
1100.902 575.637
1101.215 586.641
1101.528 591.645
1101.841 517.649
1102.153 581.654
1102.466 632.658
1102.779 464.662
1103.092 451.666
1103.405 502.670
1103.718 430.674
1104.031 442.679
1104.344 562.683
1104.657 535.687
1104.970 709.691
1105.283 566.695
1105.596 460.699
1105.909 484.703
1106.221 572.708
1106.534 582.712
1106.847 508.716
1107.160 450.720
1107.473 408.724
1107.786 532.728
1108.099 422.732
1108.412 443.736
1108.725 535.740
1109.038 417.744
1109.351 538.749
1109.664 574.753
1109.977 529.757
1110.289 546.761
1110.602 502.765
1110.915 500.769
1111.228 516.773
1111.541 479.777
1111.854 422.781
1112.167 413.785
1112.480 497.789
1112.793 573.793
1113.106 545.797
1113.419 595.801
1113.732 574.806
1114.044 511.810
1114.357 563.814
1114.670 567.818
1114.983 515.822
1115.296 477.826
1115.609 506.830
1115.922 535.834
1116.235 579.838
1116.548 498.842
1116.861 478.846
1117.174 484.850
1117.487 507.854
1117.800 632.858
1118.112 550.862
1118.425 497.866
1118.738 459.870
1119.051 476.874
1119.364 466.878
1119.677 479.882
1119.990 471.886
1120.303 503.890
1120.616 550.894
1120.929 499.898
1121.242 567.902
1121.555 542.906
1121.868 550.909
1122.180 475.913
1122.493 284.917
1122.806 299.921
1123.119 483.925
1123.432 516.929
1123.745 486.933
1124.058 441.937
1124.371 424.941
1124.684 531.945
1124.997 539.949
1125.310 455.953
1125.623 389.957
1125.935 326.961
1126.248 364.965
1126.561 488.968
1126.874 410.972
1127.187 483.976
1127.500 530.980
1127.813 531.984
1128.126 493.988
1128.439 484.992
1128.752 605.996
1129.065 459.000
1129.378 304.003
1129.691 447.007
1130.003 473.011
1130.316 447.015
1130.629 410.019
1130.942 423.023
1131.255 454.027
1131.568 368.030
1131.881 432.034
1132.194 491.038
1132.507 467.042
1132.820 451.046
1133.133 529.050
1133.446 420.054
1133.759 589.057
1134.071 938.061
1134.384 727.065
1134.697 587.069
1135.010 550.073
1135.323 469.077
1135.636 384.080
1135.949 368.084
1136.262 400.088
1136.575 439.092
1136.888 412.096
1137.201 432.099
1137.514 465.103
1137.826 528.107
1138.139 417.111
1138.452 443.115
1138.765 622.118
1139.078 608.122
1139.391 584.126
1139.704 563.130
1140.017 552.133
1140.330 438.137
1140.643 382.141
1140.956 418.145
1141.269 485.148
1141.582 514.152
1141.894 435.156
1142.207 604.160
1142.520 519.163
1142.833 578.167
1143.146 501.171
1143.459 422.175
1143.772 414.178
1144.085 500.182
1144.398 474.186
1144.711 470.190
1145.024 408.193
1145.337 445.197
1145.650 508.201
1145.962 425.205
1146.275 470.208
1146.588 418.212
1146.901 520.216
1147.214 496.219
1147.527 423.223
1147.840 444.227
1148.153 467.230
1148.466 465.234
1148.779 500.238
1149.092 592.241
1149.405 456.245
1149.718 526.249
1150.030 560.253
1150.343 483.256
1150.656 398.260
1150.969 439.264
1151.282 564.267
1151.595 499.271
1151.908 445.274
1152.221 314.278
1152.534 324.282
1152.847 545.285
1153.160 485.289
1153.473 434.293
1153.785 505.296
1154.098 530.300
1154.411 563.304
1154.724 473.307
1155.037 540.311
1155.350 506.315
1155.663 484.318
1155.976 466.322
1156.289 562.325
1156.602 490.329
1156.915 400.333
1157.228 408.336
1157.541 482.340
1157.853 396.343
1158.166 459.347
1158.479 520.351
1158.792 496.354
1159.105 490.358
1159.418 489.361
1159.731 486.365
1160.044 484.369
1160.357 576.372
1160.670 494.376
1160.983 358.379
1161.296 468.383
1161.609 558.386
1161.921 510.390
1162.234 454.394
1162.547 348.397
1162.860 368.401
1163.173 388.404
1163.486 421.408
1163.799 496.411
1164.112 442.415
1164.425 430.418
1164.738 412.422
1165.051 419.425
1165.364 460.429
1165.676 490.432
1165.989 523.436
1166.302 438.440
1166.615 493.443
1166.928 501.447
1167.241 573.450
1167.554 550.454
1167.867 541.457
1168.180 472.461
1168.493 334.464
1168.806 424.468
1169.119 461.471
1169.432 464.475
1169.744 469.478
1170.057 468.482
1170.370 605.485
1170.683 579.489
1170.996 456.492
1171.309 433.496
1171.622 416.499
1171.935 455.502
1172.248 618.506
1172.561 585.509
1172.874 538.513
1173.187 512.516
1173.500 485.520
1173.812 563.523
1174.125 573.527
1174.438 536.530
1174.751 417.534
1175.064 446.537
1175.377 545.541
1175.690 463.544
1176.003 407.547
1176.316 458.551
1176.629 518.554
1176.942 487.558
1177.255 431.561
1177.567 415.565
1177.880 448.568
1178.193 480.571
1178.506 407.575
1178.819 487.578
1179.132 535.582
1179.445 416.585
1179.758 553.588
1180.071 575.592
1180.384 454.595
1180.697 480.599
1181.010 508.602
1181.323 582.605
1181.635 583.609
1181.948 539.612
1182.261 465.616
1182.574 414.619
1182.887 488.622
1183.200 639.626
1183.513 550.629
1183.826 434.632
1184.139 427.636
1184.452 452.639
1184.765 412.643
1185.078 329.646
1185.391 375.649
1185.703 413.653
1186.016 357.656
1186.329 396.659
1186.642 498.663
1186.955 576.666
1187.268 443.669
1187.581 411.673
1187.894 475.676
1188.207 526.679
1188.520 439.683
1188.833 467.686
1189.146 419.689
1189.459 336.693
1189.771 373.696
1190.084 496.699
1190.397 424.703
1190.710 455.706
1191.023 506.709
1191.336 506.713
1191.649 494.716
1191.962 499.719
1192.275 400.722
1192.588 504.726
1192.901 636.729
1193.214 468.732
1193.526 466.736
1193.839 506.739
1194.152 401.742
1194.465 489.745
1194.778 457.749
1195.091 452.752
1195.404 438.755
1195.717 463.759
1196.030 488.762
1196.343 421.765
1196.656 395.768
1196.969 427.772
1197.282 488.775
1197.594 466.778
1197.907 574.781
1198.220 562.785
1198.533 461.788
1198.846 430.791
1199.159 371.794
1199.472 402.798
1199.785 484.801
1200.098 403.804
1200.411 532.807
1200.724 536.811
1201.037 487.814
1201.350 434.817
1201.662 385.820
1201.975 436.823
1202.288 452.827
1202.601 199.830
