165.028 93.567
165.288 -5.939
165.547 22.558
165.807 93.056
166.067 7.558
166.327 -44.938
166.587 -46.432
166.847 40.077
167.107 126.588
167.367 189.101
167.627 154.617
167.886 60.135
168.146 44.655
168.406 174.178
168.666 167.703
168.926 100.230
169.186 151.759
169.446 101.291
169.706 -11.176
169.966 76.360
170.225 53.898
170.485 83.438
170.745 134.980
171.005 276.524
171.265 116.070
171.525 62.618
171.785 26.168
172.045 21.720
172.305 136.274
172.564 67.830
172.824 -14.612
173.084 104.947
173.344 50.509
173.604 47.072
173.864 135.637
174.124 113.204
174.384 101.773
174.644 140.343
174.903 211.915
175.163 243.489
175.423 258.064
175.683 88.641
175.943 101.220
176.203 101.800
176.463 75.382
176.723 44.965
176.983 80.550
177.242 104.137
177.502 204.725
177.762 207.314
178.022 99.905
178.282 121.497
178.542 55.091
178.802 51.686
179.062 86.283
179.322 170.880
179.581 217.480
179.841 103.080
180.101 106.682
180.361 143.285
180.621 147.889
180.881 112.494
181.141 112.101
181.401 126.709
181.661 179.318
181.920 259.928
182.180 159.539
182.440 64.151
182.700 49.765
182.960 67.379
183.220 123.995
183.480 298.611
183.740 188.229
184.000 64.847
184.259 18.467
184.519 181.087
184.779 136.708
185.039 132.331
185.299 207.954
185.559 224.578
185.819 251.202
186.079 244.828
186.339 145.454
186.598 95.082
186.858 6.709
187.118 15.338
187.378 123.968
187.638 129.598
187.898 192.228
188.158 212.860
188.418 133.492
188.678 122.125
188.937 171.758
189.197 221.392
189.457 158.027
189.717 77.662
189.977 19.298
190.237 74.934
190.497 246.571
190.757 192.208
191.017 175.845
191.276 92.484
191.536 113.122
191.796 100.761
192.056 74.401
192.316 105.040
192.576 87.681
192.836 77.321
193.096 80.962
193.356 65.603
193.616 119.245
193.875 124.887
194.135 104.529
194.395 192.171
194.655 164.814
194.915 173.457
195.175 113.100
195.435 239.743
195.695 150.386
195.955 7.030
196.214 133.674
196.474 242.317
196.734 229.961
196.994 171.606
197.254 170.250
197.514 155.894
197.774 147.538
198.034 130.183
198.294 96.827
198.553 136.472
198.813 135.116
199.073 20.761
199.333 82.405
199.593 174.049
199.853 167.694
200.113 265.338
200.373 267.982
200.633 129.626
200.892 100.270
201.152 59.914
201.412 92.558
201.672 206.202
201.932 262.845
202.192 276.488
202.452 156.131
202.712 122.774
202.972 152.417
203.231 238.060
203.491 246.702
203.751 229.344
204.011 262.986
204.271 283.627
204.531 137.268
204.791 103.909
205.051 119.550
205.311 186.190
205.570 118.830
205.830 121.470
206.090 144.109
206.350 222.748
206.610 358.387
206.870 160.025
207.130 152.663
207.390 219.300
207.650 185.937
207.909 201.574
208.169 210.210
208.429 204.846
208.689 48.481
208.949 166.116
209.209 285.750
209.469 117.384
209.729 70.017
209.989 124.650
210.248 46.282
210.508 297.914
210.768 270.545
211.028 197.176
211.288 242.806
211.548 219.436
211.808 255.065
212.068 379.694
212.328 337.322
212.587 294.949
212.847 229.576
213.107 305.202
213.367 297.827
213.627 228.452
213.887 206.076
214.147 103.700
214.407 176.323
214.667 165.945
214.926 260.567
215.186 206.188
215.446 153.808
215.706 121.427
215.966 117.046
216.226 135.664
216.486 138.282
216.746 179.898
217.006 260.514
217.265 206.130
217.525 166.744
217.785 227.358
218.045 239.971
218.305 196.583
218.565 214.195
218.825 272.805
219.085 294.415
219.345 175.025
219.604 131.633
219.864 212.240
220.124 273.847
220.384 251.453
220.644 245.058
220.904 148.663
221.164 196.266
221.424 184.869
221.684 107.470
221.943 167.071
222.203 239.671
222.463 201.271
222.723 152.869
222.983 200.466
223.243 150.063
223.503 167.659
223.763 151.254
224.023 159.848
224.282 221.441
224.542 260.033
224.802 277.624
225.062 227.215
225.322 325.804
225.582 274.393
225.842 206.980
226.102 218.567
226.362 189.153
226.621 279.737
226.881 215.321
227.141 202.904
227.401 241.486
227.661 170.067
227.921 259.647
228.181 226.227
228.441 199.805
228.701 348.382
228.960 330.958
229.220 193.533
229.480 149.108
229.740 286.681
230.000 350.253
230.260 216.825
230.520 144.395
230.780 159.964
231.040 181.533
231.299 145.100
231.559 190.667
231.819 226.232
232.079 282.796
232.339 259.360
232.599 118.922
232.859 230.483
233.119 319.044
233.379 198.603
233.638 201.161
233.898 261.718
234.158 248.274
234.418 177.830
234.678 246.384
234.938 298.937
235.198 191.489
235.458 190.040
235.718 254.590
235.978 207.139
236.237 190.687
236.497 264.233
236.757 345.779
237.017 293.324
237.277 257.868
237.537 218.410
237.797 164.952
238.057 237.492
238.317 221.032
238.576 121.570
238.836 138.107
239.096 232.644
239.356 234.179
239.616 235.713
239.876 211.246
240.136 255.778
240.396 325.309
240.656 361.838
240.915 316.367
241.175 306.895
241.435 179.421
241.695 246.947
241.955 397.471
242.215 416.995
242.475 358.517
242.735 249.038
242.995 294.558
243.254 303.077
243.514 226.595
243.774 85.112
244.034 217.628
244.294 409.143
244.554 306.656
244.814 273.169
245.074 209.680
245.334 191.190
245.593 255.700
245.853 263.208
246.113 187.715
246.373 261.221
246.633 353.726
246.893 302.229
247.153 294.732
247.413 369.234
247.673 338.734
247.932 255.234
248.192 269.732
248.452 303.229
248.712 304.725
248.972 183.220
249.232 333.714
249.492 233.207
249.752 136.699
250.012 279.190
250.271 278.679
250.531 332.168
250.791 421.655
251.051 401.142
251.311 299.627
251.571 129.111
251.831 205.594
252.091 298.076
252.351 232.557
252.610 210.037
252.870 313.515
253.130 303.993
253.390 281.470
253.650 361.945
253.911 362.419
254.172 336.893
254.433 286.365
254.694 255.836
254.955 294.306
255.216 239.775
255.477 337.243
255.738 303.710
255.999 183.175
256.261 267.640
256.522 333.103
256.783 317.566
257.044 200.027
257.305 161.488
257.566 161.947
257.827 156.405
258.088 209.862
258.349 189.318
258.610 262.773
258.871 333.227
259.132 425.680
259.393 252.131
259.654 150.582
259.915 161.032
260.176 239.480
260.437 350.928
260.698 300.374
260.959 186.819
261.221 266.264
261.482 405.707
261.743 373.149
262.004 276.590
262.265 371.030
262.526 396.469
262.787 243.907
263.048 218.344
263.309 265.780
263.570 350.214
263.831 340.648
264.092 286.081
264.353 132.513
264.614 367.943
264.875 356.373
265.136 239.801
265.397 426.229
265.658 494.655
265.919 523.080
266.181 437.505
266.442 288.928
266.703 232.350
266.964 218.772
267.225 246.192
267.486 301.611
267.747 327.029
268.008 356.446
268.269 409.862
268.530 379.277
268.791 346.691
269.052 389.105
269.313 410.517
269.574 341.928
269.835 331.338
270.096 333.747
270.357 386.154
270.618 334.561
270.879 226.967
271.141 296.372
271.402 316.776
271.663 266.179
271.924 353.581
272.185 351.982
272.446 358.382
272.707 303.781
272.968 227.179
273.229 256.576
273.490 307.972
273.751 254.367
274.012 293.761
274.273 356.154
274.534 285.546
274.795 320.937
275.056 313.327
275.317 148.716
275.578 147.104
275.839 192.491
276.101 168.877
276.362 215.262
276.623 270.646
276.884 381.030
277.145 390.412
277.406 363.793
277.667 244.174
277.928 181.553
278.189 336.931
278.450 331.309
278.711 300.685
278.972 347.061
279.233 333.435
279.494 348.809
279.755 424.182
280.016 433.553
280.277 305.924
280.538 351.294
280.799 315.663
281.061 317.031
281.322 277.398
281.583 301.764
281.844 265.129
282.105 247.494
282.366 332.857
282.627 282.219
282.888 324.581
283.149 349.941
283.410 310.301
283.671 323.660
283.932 279.018
284.193 201.374
284.454 247.730
284.715 306.085
284.976 261.440
285.237 357.793
285.498 557.145
285.759 430.497
286.021 374.847
286.282 338.197
286.543 384.546
286.804 377.893
287.065 405.240
287.326 373.586
287.587 207.932
287.848 320.276
288.109 402.619
288.370 383.962
288.631 270.303
288.892 263.644
289.153 262.984
289.414 223.323
289.675 439.661
289.936 492.998
290.197 404.335
290.458 344.670
290.719 286.005
290.981 400.339
291.242 435.672
291.503 403.004
291.764 321.335
292.025 222.665
292.286 276.995
292.547 353.324
292.808 326.651
293.069 378.978
293.330 415.305
293.591 378.630
293.852 323.954
294.113 267.278
294.374 275.601
294.635 360.923
294.896 357.244
295.157 379.564
295.418 365.883
295.679 412.202
295.941 401.520
296.202 378.837
296.463 343.153
296.724 382.468
296.985 452.783
297.246 380.096
297.507 247.409
297.768 271.721
298.029 398.033
298.290 505.343
298.551 490.653
298.812 471.962
299.073 320.270
299.334 239.577
299.595 360.883
299.856 411.189
300.117 494.494
300.378 442.798
300.639 286.101
300.901 288.404
301.162 356.706
301.423 393.007
301.684 528.307
301.945 504.606
302.206 321.905
302.467 324.203
302.728 295.500
302.989 342.796
303.250 408.092
303.511 469.386
303.772 391.680
304.033 353.974
304.294 372.266
304.555 327.558
304.816 372.849
305.077 380.139
305.338 307.428
305.599 301.717
305.861 363.005
306.122 436.292
306.383 407.579
306.644 399.864
306.905 296.149
307.166 418.434
307.427 404.717
307.688 329.000
307.949 325.282
308.210 373.563
308.471 396.844
308.732 339.124
308.993 291.403
309.254 321.681
309.515 219.959
309.776 339.236
310.037 350.512
310.298 223.788
310.559 252.063
310.821 395.337
311.082 394.610
311.343 276.883
311.604 288.155
311.865 288.426
312.126 261.697
312.387 263.966
312.648 280.236
312.909 299.504
313.170 347.772
313.434 338.039
313.698 272.305
313.963 356.571
314.227 303.836
314.491 290.100
314.755 334.364
315.019 350.627
315.284 206.889
315.548 320.151
315.812 376.412
316.076 464.672
316.340 447.932
316.604 362.191
316.869 370.449
317.133 382.707
317.397 427.964
317.661 431.220
317.925 365.475
318.190 376.730
318.454 372.985
318.718 350.238
318.982 406.491
319.246 452.744
319.511 542.995
319.775 368.246
320.039 370.497
320.303 397.746
320.567 411.995
320.832 420.244
321.096 381.492
321.360 355.739
321.624 341.985
321.888 301.231
322.153 297.477
322.417 240.721
322.681 224.965
322.945 331.209
323.209 359.451
323.473 341.693
323.738 314.935
324.002 345.176
324.266 444.416
324.530 410.656
324.794 299.895
325.059 279.133
325.323 286.371
325.587 341.608
325.851 372.845
326.115 509.081
326.380 432.316
326.644 406.551
326.908 371.785
327.172 362.019
327.436 402.252
327.701 364.484
327.965 312.716
328.229 312.947
328.493 239.178
328.757 278.408
329.022 396.637
329.286 308.866
329.550 292.094
329.814 313.322
330.078 377.549
330.342 343.776
330.607 308.001
330.871 378.227
331.135 429.452
331.399 444.676
331.663 385.899
331.928 377.122
332.192 424.345
332.456 379.567
332.720 397.788
332.984 326.009
333.249 387.229
333.513 350.449
333.777 269.668
334.041 314.887
334.305 337.105
334.570 364.322
334.834 293.539
335.098 441.755
335.362 533.971
335.626 447.186
335.891 383.401
336.155 383.615
336.419 338.829
336.683 226.042
336.947 308.255
337.211 356.467
337.476 264.678
337.740 330.889
338.004 382.099
338.268 385.309
338.532 428.518
338.797 353.727
339.061 363.936
339.325 454.143
339.589 523.351
339.853 408.557
340.118 359.763
340.382 463.969
340.646 548.174
340.910 407.379
341.174 379.583
341.439 364.787
341.703 356.990
341.967 352.192
342.231 332.394
342.495 316.596
342.759 404.797
343.024 385.997
343.288 473.197
343.552 455.397
343.816 271.596
344.080 327.794
344.345 390.993
344.609 283.190
344.873 201.387
345.137 345.584
345.401 427.780
345.666 307.975
345.930 417.170
346.194 470.365
346.458 316.559
346.722 270.753
346.987 317.946
347.251 376.138
347.515 491.331
347.779 342.522
348.043 296.713
348.308 329.904
348.572 317.094
348.836 228.284
349.100 261.473
349.364 256.662
349.628 275.851
349.893 345.039
350.157 444.226
350.421 410.413
350.685 385.599
350.949 363.785
351.214 290.971
351.478 326.156
351.742 393.341
352.006 405.525
352.270 352.709
352.535 248.892
352.799 318.075
353.063 459.257
353.327 359.439
353.591 294.621
353.856 352.802
354.120 390.982
354.384 470.162
354.648 492.342
354.912 442.521
355.177 392.700
355.441 350.878
355.705 502.056
355.969 486.234
356.233 435.411
356.497 436.587
356.762 417.763
357.026 347.939
357.290 324.114
357.554 352.289
357.818 412.464
358.083 430.638
358.347 364.811
358.611 314.985
358.875 312.157
359.139 336.330
359.404 269.501
359.668 355.673
359.932 496.844
360.196 489.015
360.460 336.185
360.725 359.355
360.989 464.524
361.253 507.693
361.517 405.861
361.781 449.030
362.046 467.197
362.310 486.365
362.574 494.531
362.838 436.698
363.102 427.864
363.366 449.030
363.631 349.195
363.895 370.360
364.159 523.524
364.423 412.688
364.687 399.852
364.952 440.015
365.216 507.178
365.480 438.341
365.747 308.503
366.013 376.665
366.280 422.826
366.546 468.987
366.813 384.147
367.079 418.307
367.346 437.467
367.612 396.627
367.879 442.786
368.145 469.944
368.412 408.102
368.678 356.260
368.945 364.418
369.211 416.575
369.478 471.731
369.744 354.888
370.011 344.044
370.278 367.199
370.544 374.354
370.811 439.509
371.077 405.664
371.344 314.818
371.610 318.971
371.877 353.125
372.143 410.278
372.410 461.430
372.676 498.583
372.943 492.734
373.209 401.886
373.476 351.037
373.742 345.188
374.009 453.338
374.276 442.488
374.542 359.638
374.809 337.787
375.075 298.936
375.342 247.085
375.608 292.233
375.875 343.381
376.141 461.529
376.408 433.676
376.674 368.823
376.941 366.969
377.207 385.115
377.474 660.261
377.740 564.407
378.007 345.552
378.273 416.697
378.540 482.841
378.807 380.985
379.073 329.129
379.340 337.272
379.606 389.415
379.873 364.558
380.139 390.701
380.406 391.843
380.672 383.984
380.939 373.126
381.205 352.267
381.472 268.407
381.738 269.548
382.005 362.688
382.271 431.828
382.538 418.967
382.804 486.106
383.071 456.245
383.338 409.383
383.604 438.521
383.871 495.659
384.137 488.797
384.404 388.934
384.670 370.071
384.937 363.207
385.203 486.343
385.470 444.479
385.736 432.615
386.003 363.750
386.269 371.885
386.536 308.019
386.802 343.153
387.069 485.287
387.336 581.421
387.602 507.554
387.869 273.687
388.135 270.820
388.402 328.952
388.668 417.085
388.935 427.216
389.201 471.348
389.468 421.479
389.734 453.610
390.001 447.740
390.267 375.871
390.534 454.001
390.800 448.130
391.067 519.260
391.333 509.389
391.600 399.517
391.867 394.646
392.133 394.774
392.400 346.902
392.666 282.029
392.933 386.157
393.199 472.284
393.466 404.410
393.732 371.537
393.999 407.663
394.265 391.789
394.532 350.914
394.798 441.039
395.065 372.164
395.331 411.289
395.598 464.413
395.864 455.537
396.131 433.661
396.398 428.785
396.664 395.908
396.931 383.031
397.197 441.154
397.464 400.276
397.730 460.398
397.997 407.520
398.263 375.641
398.530 416.763
398.796 464.884
399.063 466.004
399.329 390.125
399.596 454.245
399.862 355.365
400.129 445.484
400.396 485.604
400.662 302.723
400.929 311.842
401.195 340.960
401.462 326.078
401.728 348.196
401.995 389.314
402.261 309.432
402.528 309.549
402.794 332.666
403.061 418.782
403.327 489.899
403.594 401.015
403.860 331.131
404.127 318.246
404.393 429.362
404.660 456.477
404.931 430.592
405.202 376.706
405.473 298.821
405.745 352.935
406.016 540.048
406.287 477.162
406.558 417.275
406.829 501.388
407.100 407.501
407.371 530.614
407.642 576.726
407.914 443.838
408.185 336.950
408.456 297.061
408.727 437.172
408.998 472.283
409.269 579.394
409.540 632.505
409.811 424.615
410.083 399.725
410.354 437.835
410.625 352.944
410.896 397.054
411.167 546.163
411.438 571.271
411.709 413.380
411.981 544.488
412.252 468.596
412.523 326.704
412.794 501.812
413.065 552.919
413.336 446.026
413.607 480.133
413.878 498.240
414.150 444.346
414.421 353.452
414.692 322.558
414.963 365.664
415.234 493.770
415.505 497.875
415.776 548.980
416.047 585.085
416.319 589.189
416.590 446.293
416.861 245.398
417.132 417.501
417.403 448.605
417.674 414.708
417.945 397.812
418.217 368.915
418.488 477.017
418.759 387.120
419.030 385.222
419.301 414.324
419.572 450.426
419.843 481.527
420.114 389.629
420.386 375.730
420.657 491.831
420.928 417.932
421.199 398.032
421.470 421.132
421.741 308.232
422.012 280.332
422.283 342.432
422.555 371.531
422.826 451.630
423.097 476.729
423.368 435.828
423.639 348.927
423.910 412.025
424.181 372.123
424.453 324.221
424.724 523.319
424.995 590.416
425.266 454.513
425.537 425.610
425.808 470.707
426.079 503.804
426.350 443.900
426.622 416.997
426.893 474.093
427.164 423.188
427.435 376.284
427.706 366.379
427.977 330.474
428.248 315.569
428.519 394.664
428.791 370.759
429.062 434.853
429.333 367.947
429.604 378.041
429.875 479.135
430.146 506.229
430.417 473.322
430.689 447.415
430.960 325.508
431.231 317.601
431.502 488.693
431.773 529.786
432.044 416.878
432.315 513.970
432.586 476.061
432.858 473.153
433.129 367.244
433.400 361.336
433.671 450.427
433.942 445.517
434.213 370.608
434.484 407.698
434.755 443.789
435.027 325.879
435.298 360.968
435.569 455.058
435.840 396.147
436.116 419.237
436.391 501.326
436.667 501.415
436.942 533.503
437.218 503.592
437.493 531.680
437.769 560.768
438.045 479.856
438.320 511.944
438.596 520.031
438.871 459.119
439.147 461.206
439.422 443.293
439.698 353.380
439.974 368.467
440.249 475.553
440.525 542.639
440.800 344.725
441.076 424.811
441.351 554.897
441.627 571.983
441.903 530.068
442.178 439.153
442.454 448.238
442.729 580.323
443.005 423.408
443.281 525.492
443.556 641.576
443.832 586.661
444.107 452.745
444.383 425.828
444.658 419.912
444.934 345.995
445.210 547.079
445.485 589.162
445.761 620.245
446.036 610.327
446.312 569.410
446.587 585.492
446.863 427.575
447.139 452.657
447.414 487.739
447.690 497.820
447.965 572.902
448.241 493.983
448.516 480.064
448.792 454.145
449.068 476.226
449.343 535.307
449.619 437.388
449.894 457.468
450.170 449.548
450.445 585.628
450.721 636.708
450.997 434.788
451.272 557.867
451.548 500.947
451.823 419.026
452.099 509.105
452.375 498.184
452.650 419.263
452.926 456.341
453.201 493.420
453.477 703.498
453.752 586.576
454.028 435.654
454.304 522.732
454.579 538.809
454.855 521.887
455.130 582.964
455.406 672.041
455.681 625.118
455.957 504.195
456.233 473.271
456.508 500.348
456.784 540.424
457.059 533.501
457.335 634.577
457.610 570.652
457.886 480.728
458.162 478.804
458.437 462.879
458.713 558.954
458.988 566.030
459.264 601.104
459.539 562.179
459.815 554.254
460.091 528.328
460.366 447.403
460.642 409.477
460.917 489.551
461.193 494.625
461.468 478.699
461.744 509.772
462.020 429.846
462.295 500.919
462.571 469.992
462.846 456.065
463.122 562.138
463.397 557.211
463.673 461.822
463.949 508.847
464.224 523.904
464.500 520.979
464.775 472.572
465.051 436.771
465.327 459.257
465.602 520.746
465.878 515.344
466.153 416.098
466.429 568.433
466.704 711.649
466.980 659.143
467.256 623.214
467.531 642.927
467.807 622.600
468.082 547.520
468.358 493.989
468.633 548.760
468.909 484.573
469.185 435.884
469.460 534.984
469.736 601.051
470.011 466.176
470.287 504.006
470.562 571.624
470.838 408.800
471.114 504.231
471.389 510.361
471.665 459.379
471.940 554.043
472.216 568.282
472.491 452.412
472.767 492.494
473.043 606.153
473.318 637.662
473.594 544.514
473.869 501.393
474.145 466.873
474.421 458.803
474.696 456.837
474.972 469.590
475.247 484.408
475.523 543.046
475.798 595.655
476.074 522.815
476.350 485.204
476.625 521.444
476.901 552.092
477.176 536.322
477.452 422.923
477.727 436.215
478.003 292.546
478.279 405.417
478.554 551.825
478.830 580.936
479.105 578.808
479.381 495.122
479.656 422.165
479.932 473.475
480.208 523.668
480.483 519.159
480.759 544.502
481.034 504.623
481.310 451.152
481.585 461.395
481.861 532.024
482.137 458.038
482.412 490.840
482.688 552.167
482.963 584.776
483.239 569.223
483.514 418.986
483.790 462.210
484.066 579.693
484.341 496.343
484.617 500.896
484.892 569.612
485.168 579.625
485.443 504.558
485.719 470.822
485.995 494.751
486.270 471.527
486.546 434.058
486.821 397.521
487.097 397.784
487.373 448.734
487.648 605.391
487.924 589.123
488.199 403.929
488.475 256.641
488.750 257.177
489.026 375.252
489.302 375.311
489.577 369.120
489.853 356.085
490.128 507.956
490.404 456.637
490.679 313.838
490.955 514.958
491.231 592.241
491.506 555.696
491.782 416.240
492.057 368.924
492.333 470.743
492.608 423.834
492.884 431.720
493.160 361.327
493.435 420.917
493.711 470.974
493.986 396.134
494.262 398.540
494.537 378.009
494.813 428.486
495.089 359.220
495.364 407.410
495.640 454.618
495.915 418.329
496.191 553.068
496.467 519.187
496.742 444.366
497.018 503.543
497.293 406.857
497.569 496.248
497.844 486.397
498.120 545.859
498.396 484.498
498.671 418.501
498.947 535.737
499.222 538.314
499.498 449.354
499.773 538.962
500.049 568.009
500.325 461.845
500.600 522.825
500.876 538.419
501.151 607.760
501.427 563.245
501.702 565.877
501.978 575.983
502.254 649.706
502.529 525.366
502.805 526.957
503.080 628.350
503.356 569.504
503.631 560.034
503.907 544.016
504.183 510.671
504.458 600.807
504.734 543.631
505.009 546.720
505.285 494.696
505.560 553.907
505.836 549.462
506.112 503.970
506.387 436.210
506.663 430.768
506.938 427.789
507.214 446.043
507.490 501.202
507.765 480.568
508.041 561.349
508.316 619.929
508.592 484.796
508.867 513.537
509.143 601.516
509.419 503.076
509.694 430.906
509.970 483.116
510.245 473.192
510.521 505.771
510.796 511.312
511.072 466.409
511.348 497.435
511.623 548.334
511.899 507.983
512.174 618.752
512.450 598.348
512.725 482.328
513.001 397.659
513.277 400.286
513.552 539.862
513.828 537.861
514.103 512.751
514.379 591.217
514.654 465.103
514.930 437.716
515.206 733.706
515.481 647.396
515.757 439.517
516.032 370.643
516.308 480.320
516.583 574.535
516.859 507.253
517.135 549.171
517.410 554.955
517.686 581.242
517.961 548.249
518.237 506.497
518.513 444.577
518.788 621.177
519.064 544.736
519.339 476.711
519.615 427.071
519.890 496.137
520.166 486.073
520.442 544.362
520.717 571.358
520.993 557.505
521.268 456.919
521.544 451.191
521.819 417.710
522.095 484.534
522.371 527.261
522.646 512.926
522.922 608.266
523.197 585.324
523.473 628.829
523.748 597.296
524.024 522.700
524.300 472.028
524.575 445.280
524.851 516.139
525.126 553.931
525.402 556.421
525.677 622.495
525.953 565.540
526.229 490.059
526.504 524.066
526.780 628.772
527.055 598.797
527.331 613.196
527.606 604.249
527.882 549.170
528.158 481.733
528.433 635.294
528.709 614.225
528.984 554.769
529.260 535.688
529.535 573.642
529.811 466.098
530.087 373.680
530.362 411.657
530.638 522.950
530.913 576.076
531.189 559.302
531.465 472.474
531.740 491.331
532.016 505.390
532.291 444.506
532.567 491.923
532.842 537.509
533.118 507.037
533.394 611.456
533.669 535.841
533.945 449.309
534.220 486.318
534.496 602.706
534.771 535.111
535.047 510.311
535.323 500.110
535.598 541.617
535.874 607.619
536.149 570.133
536.425 475.822
536.700 510.112
536.976 550.371
537.252 592.171
537.527 495.546
537.803 456.297
538.078 535.451
538.354 629.889
538.629 568.544
538.905 527.249
539.181 585.531
539.456 618.118
539.732 709.590
540.007 703.710
540.283 582.906
540.558 514.259
540.834 557.851
541.110 580.228
541.385 509.973
541.661 623.877
541.936 666.163
542.212 571.061
542.488 580.023
542.763 661.334
543.039 658.064
543.314 643.225
543.590 596.239
543.865 602.239
544.141 620.156
544.417 652.969
544.692 638.114
544.968 751.364
545.243 724.319
545.519 569.719
545.794 568.338
546.070 664.801
546.348 641.623
546.627 511.802
546.905 650.661
547.183 658.347
547.461 716.978
547.740 815.331
548.018 750.576
548.296 593.962
548.575 495.691
548.853 488.781
549.131 510.668
549.409 570.718
549.688 610.441
549.966 577.743
550.244 674.013
550.523 684.287
550.801 623.254
551.079 626.634
551.357 716.683
551.636 657.715
551.914 623.912
552.192 549.988
552.471 669.030
552.749 768.244
553.027 671.070
553.306 688.148
553.584 754.067
553.862 724.878
554.140 734.741
554.419 760.044
554.697 836.479
554.975 864.075
555.254 813.415
555.532 623.206
555.810 682.148
556.088 785.045
556.367 694.528
556.645 617.042
556.923 696.846
557.202 669.968
557.480 714.015
557.758 658.074
558.036 566.938
558.315 562.974
558.593 669.497
558.871 623.067
559.150 578.422
559.428 565.353
559.706 549.511
559.984 575.079
560.263 742.353
560.541 709.199
560.819 630.921
561.098 640.321
561.376 649.012
561.654 590.394
561.932 499.565
562.211 569.727
562.489 664.864
562.767 615.317
563.046 508.355
563.324 506.944
563.602 566.064
563.880 528.129
564.159 572.310
564.437 676.304
564.715 589.656
564.994 471.650
565.272 514.871
565.550 532.630
565.828 438.167
566.107 464.628
566.385 480.925
566.663 425.797
566.942 451.217
567.220 481.992
567.498 571.913
567.776 502.718
568.055 449.868
568.333 482.595
568.611 532.693
568.890 505.753
569.168 451.745
569.446 544.970
569.725 557.565
570.003 399.146
570.281 352.178
570.559 493.412
570.838 501.668
571.116 578.740
571.394 610.751
571.673 609.438
571.951 565.404
572.229 521.749
572.507 539.783
572.786 552.016
573.064 563.299
573.342 538.017
573.621 475.686
573.899 533.282
574.177 683.251
574.455 618.459
574.734 540.821
575.012 594.671
575.290 583.534
575.569 616.494
575.847 645.592
576.125 603.428
576.403 514.664
576.682 561.418
576.960 602.952
577.243 573.850
577.527 552.774
577.810 499.606
578.093 495.201
578.377 534.752
578.660 528.856
578.944 481.459
579.227 469.575
579.510 559.272
579.794 537.043
580.077 558.348
580.360 530.165
580.644 566.475
580.927 540.233
581.210 512.434
581.494 514.484
581.777 564.752
582.061 533.475
582.344 482.196
582.627 420.415
582.911 438.394
583.194 462.817
583.477 583.609
583.761 577.654
584.044 631.579
584.327 594.281
584.611 524.384
584.894 523.418
585.178 494.480
585.461 502.505
585.744 532.508
586.028 453.073
586.311 531.106
586.594 623.138
586.878 528.171
587.161 495.204
587.444 511.236
587.728 482.269
588.011 573.301
588.295 535.334
588.578 538.827
588.861 627.770
589.145 540.430
589.428 556.019
589.711 455.495
589.995 447.080
590.278 532.027
590.562 481.591
590.845 469.154
591.128 614.426
591.412 623.439
591.695 533.185
591.978 635.479
592.262 584.197
592.545 449.465
592.828 606.631
593.112 539.258
593.395 483.457
593.679 433.206
593.962 517.899
594.245 472.639
594.529 444.809
594.812 422.529
595.095 369.249
595.379 581.059
595.662 579.680
595.945 483.802
596.229 450.615
596.512 467.575
596.796 540.418
597.079 585.458
597.362 620.142
597.646 613.624
597.929 522.655
598.212 509.323
598.496 512.318
598.779 635.238
599.062 686.601
599.346 533.620
599.629 513.400
599.913 523.762
600.196 521.821
600.479 528.227
600.763 557.349
601.046 452.054
601.329 501.741
601.613 592.723
601.896 544.571
602.179 582.376
602.463 554.901
602.746 618.781
603.030 659.085
603.313 571.127
603.596 406.289
603.880 396.116
604.163 474.576
604.446 509.400
604.730 448.704
605.013 492.325
605.296 575.108
605.580 510.495
605.863 518.359
606.147 438.074
606.430 457.692
606.713 601.108
606.997 519.453
607.280 588.445
607.563 597.280
607.847 552.736
608.130 580.292
608.414 602.257
608.697 539.663
608.980 531.405
609.264 581.954
609.547 496.202
609.830 545.202
610.114 556.004
610.397 509.998
610.680 530.075
610.964 588.986
611.247 587.053
611.531 502.279
611.814 420.855
612.097 449.342
612.381 567.557
612.664 632.911
612.947 530.878
613.231 459.266
613.514 424.382
613.797 505.942
614.081 579.643
614.364 507.962
614.648 461.820
614.931 461.848
615.214 413.741
615.498 429.908
615.781 488.430
616.064 481.567
616.348 578.051
616.631 587.515
616.914 609.602
617.198 556.042
617.481 454.592
617.765 420.550
618.048 473.313
618.331 454.583
618.615 406.641
618.898 553.901
619.181 563.809
619.465 482.297
619.748 451.661
620.031 405.601
620.315 418.914
620.598 461.023
620.882 553.861
621.165 681.675
621.448 614.108
621.732 587.880
622.015 499.349
622.298 444.539
622.582 523.852
622.865 518.408
623.148 443.510
623.432 506.487
623.715 444.451
623.999 608.860
624.282 615.522
624.565 672.119
624.849 521.241
625.132 418.487
625.415 616.095
625.699 734.806
625.982 647.042
626.265 535.132
626.549 492.193
626.832 614.442
627.116 575.075
627.399 460.960
627.682 483.242
627.966 440.486
628.249 494.395
628.532 506.989
628.816 634.383
629.099 568.643
629.383 542.074
629.666 494.064
629.949 454.765
630.233 484.701
630.516 546.715
630.799 565.441
631.083 481.939
631.366 454.441
631.649 454.645
631.933 417.986
632.216 514.916
632.500 559.702
632.783 538.679
633.066 487.272
633.350 508.107
633.633 579.069
633.916 537.443
634.200 465.931
634.483 518.191
634.766 553.024
635.050 540.040
635.333 434.887
635.617 437.884
635.900 500.585
636.183 547.911
636.467 488.815
636.750 533.200
637.033 549.261
637.317 503.520
637.600 511.528
637.883 446.283
638.167 431.816
638.450 411.367
638.734 373.937
639.017 529.391
639.300 589.339
639.584 490.588
639.867 595.382
640.150 519.633
640.434 568.299
640.717 607.043
641.000 528.562
641.284 551.014
641.567 530.972
641.851 562.683
642.134 594.629
642.417 566.993
642.701 761.185
642.984 781.056
643.267 669.246
643.551 578.444
643.834 555.579
644.117 615.942
644.401 620.291
644.684 682.169
644.968 782.064
645.251 819.814
645.534 733.533
645.818 772.017
646.101 913.609
646.384 997.199
646.668 1123.982
646.951 1081.751
647.235 1133.541
647.518 1176.797
647.801 1351.631
648.085 1519.398
648.368 1581.938
648.651 1611.095
648.935 1763.869
649.218 1895.718
649.501 1894.699
649.785 1966.383
650.068 2258.794
650.352 2416.757
650.635 2571.237
650.918 2667.352
651.202 2969.084
651.485 3208.393
651.768 3296.065
652.052 3316.000
652.335 3420.732
652.618 3523.451
652.902 3713.582
653.185 4038.053
653.469 4078.763
653.752 4021.899
654.035 4129.751
654.319 4283.723
654.602 4314.150
654.885 4317.722
655.169 4333.728
655.452 4221.218
655.735 4254.723
656.019 4402.183
656.302 4403.806
656.586 4320.885
656.869 4352.870
657.152 4339.572
657.436 4269.261
657.719 4225.289
658.002 4377.356
658.286 4425.234
658.569 4277.613
658.852 4288.781
659.136 4380.760
659.419 4335.097
659.703 4292.480
659.986 4380.828
660.269 4573.893
660.553 4291.829
660.836 4274.574
661.119 4389.434
661.403 4345.443
661.686 4233.212
661.969 4084.709
662.253 4063.304
662.536 4022.676
662.820 4007.439
663.103 3948.637
663.386 3983.142
663.670 3886.815
663.953 3635.042
664.236 3597.207
664.520 3544.544
664.803 3409.814
665.086 3332.498
665.370 3305.501
665.653 3272.088
665.937 3131.412
666.220 2872.813
666.503 2757.216
666.787 2650.747
667.070 2475.262
667.353 2366.544
667.637 2192.394
667.920 2191.401
668.204 2000.756
668.487 1868.529
668.770 1858.234
669.054 1669.864
669.337 1592.077
669.620 1548.266
669.904 1467.281
670.187 1384.190
670.470 1410.114
670.754 1282.584
671.037 1031.650
671.321 1042.875
671.604 1190.179
671.887 1127.959
672.171 1093.180
672.454 1052.206
672.737 962.171
673.021 883.179
673.304 836.879
673.587 920.062
673.871 920.948
674.154 926.265
674.438 864.545
674.721 811.123
675.004 821.238
675.288 833.605
675.571 807.708
675.854 739.758
676.138 681.779
676.421 651.544
676.704 609.882
676.988 679.449
677.271 810.338
677.555 782.241
677.838 723.317
678.121 637.880
678.405 571.934
678.688 635.101
678.971 518.183
679.255 646.834
679.538 715.320
679.821 683.183
680.105 615.377
680.388 572.823
680.672 554.728
680.955 590.092
681.238 580.321
681.522 536.079
681.805 531.520
682.088 542.445
682.372 635.837
682.655 578.066
682.938 593.744
683.222 604.203
683.505 585.001
683.789 603.831
684.072 590.267
684.355 618.899
684.639 559.421
684.922 534.389
685.205 537.541
685.489 658.647
685.772 663.535
686.056 650.651
686.339 652.763
686.622 532.423
686.906 487.558
687.189 606.576
687.472 709.937
687.756 568.445
688.039 493.902
688.322 432.335
688.606 535.696
688.889 501.269
689.173 463.711
689.456 577.509
689.739 563.959
690.023 489.356
690.306 515.444
690.589 499.302
690.873 550.832
691.156 556.054
691.439 466.584
691.723 432.264
692.006 500.443
692.290 479.671
692.573 517.614
692.856 576.665
693.140 596.373
693.423 538.840
693.706 448.226
693.990 478.342
694.273 455.140
694.556 600.200
694.840 655.235
695.123 576.065
695.407 542.466
695.690 507.382
695.973 481.120
696.257 523.898
696.540 678.728
696.830 523.887
697.120 445.797
697.410 502.853
697.699 508.510
697.989 680.139
698.279 567.010
698.569 454.767
698.859 506.015
699.149 559.191
699.439 511.652
699.729 464.210
700.018 381.575
700.308 477.026
700.598 415.882
700.888 362.803
701.178 511.692
701.468 505.106
701.758 429.638
702.048 502.092
702.337 470.262
702.627 541.985
702.917 515.767
703.207 470.436
703.497 477.023
703.787 443.395
704.077 465.992
704.366 519.291
704.656 423.502
704.946 348.250
705.236 342.925
705.526 451.382
705.816 560.183
706.106 388.156
706.396 439.580
706.685 488.933
706.975 393.618
707.265 356.186
707.555 472.104
707.845 445.418
708.135 410.747
708.425 361.128
708.715 350.622
709.004 479.739
709.294 534.105
709.584 568.571
709.874 565.630
710.164 556.771
710.454 499.588
710.744 403.357
711.034 465.106
711.323 500.625
711.613 473.083
711.903 547.365
712.193 557.214
712.483 463.819
712.773 532.666
713.063 504.159
713.352 467.929
713.642 460.188
713.932 551.014
714.222 546.063
714.512 469.673
714.802 465.931
715.092 532.808
715.382 428.312
715.671 387.926
715.961 417.060
716.251 374.687
716.541 463.852
716.831 524.961
717.121 420.878
717.411 479.419
717.701 511.971
717.990 464.140
718.280 497.654
718.570 476.657
718.860 381.753
719.150 421.293
719.440 413.273
719.730 428.965
720.019 594.602
720.309 537.880
720.599 479.634
720.889 455.687
721.179 500.679
721.469 553.856
721.759 406.752
722.049 474.841
722.338 462.393
722.628 465.218
722.918 439.835
723.208 528.197
723.498 398.405
723.788 420.941
724.078 555.701
724.368 539.431
724.657 481.124
724.947 536.569
725.237 543.860
725.527 567.042
725.817 483.579
726.107 468.556
726.397 425.052
726.686 306.112
726.976 377.694
727.266 469.586
727.556 407.706
727.846 527.187
728.136 547.969
728.426 480.248
728.716 440.535
729.005 534.543
729.295 520.992
729.585 356.971
729.875 333.038
730.165 424.551
730.455 462.393
730.745 477.421
731.035 469.669
731.324 533.828
731.614 558.049
731.904 466.284
732.194 516.834
732.484 464.823
732.774 410.363
733.064 430.807
733.354 372.456
733.643 402.830
733.933 483.349
734.223 458.023
734.513 549.656
734.803 548.257
735.093 472.174
735.383 468.744
735.672 457.041
735.962 505.895
736.252 383.226
736.542 407.498
736.832 422.205
737.122 376.556
737.412 427.551
737.702 465.277
737.991 483.938
738.281 501.621
738.571 460.868
738.861 468.680
739.151 470.663
739.441 522.330
739.731 446.632
740.021 474.128
740.310 486.445
740.600 520.504
740.890 386.488
741.180 414.907
741.470 421.832
741.760 450.474
742.050 601.526
742.339 556.242
742.629 497.899
742.919 587.924
743.209 413.444
743.499 377.271
743.789 421.223
744.079 517.278
744.369 561.291
744.658 439.525
744.948 299.500
745.238 471.269
745.528 520.838
745.818 542.202
746.108 468.804
746.398 476.236
746.688 473.271
746.977 553.723
747.267 453.440
747.557 491.678
747.847 545.371
748.137 494.187
748.427 432.510
748.717 326.382
749.006 295.226
749.296 429.996
749.586 522.120
749.876 606.320
750.166 496.773
750.456 458.399
750.746 502.784
751.036 423.956
751.325 546.725
751.615 502.330
751.905 515.332
752.195 541.861
752.485 508.876
752.775 501.392
753.065 482.387
753.355 649.569
753.644 616.550
753.934 507.980
754.224 498.457
754.514 641.542
754.804 437.302
755.094 326.986
755.384 409.247
755.674 427.315
755.963 496.537
756.253 471.949
756.543 474.499
756.833 515.668
757.123 520.185
757.413 438.310
757.703 409.178
757.992 411.202
758.282 487.109
758.572 491.633
758.862 416.270
759.152 434.374
759.442 405.840
759.732 501.739
760.022 604.266
760.311 516.356
760.601 394.640
760.891 526.445
761.181 547.035
761.471 479.189
761.761 403.150
762.051 407.192
762.341 548.647
762.630 585.467
762.920 491.826
763.210 471.166
763.500 546.234
763.793 501.938
764.086 461.670
764.379 466.249
764.671 551.776
764.964 478.349
765.257 524.640
765.550 488.413
765.843 370.484
766.136 458.199
766.429 424.947
766.722 441.652
767.014 410.034
767.307 283.573
767.600 296.678
767.893 374.612
768.186 346.399
768.479 436.131
768.772 574.249
769.064 572.246
769.357 464.936
769.650 458.362
769.943 577.753
770.236 477.061
770.529 417.072
770.822 457.408
771.115 482.623
771.407 509.360
771.700 543.682
771.993 590.709
772.286 521.509
772.579 534.101
772.872 441.373
773.165 392.999
773.457 462.569
773.750 491.303
774.043 426.735
774.336 451.422
774.629 515.041
774.922 468.147
775.215 387.434
775.508 416.878
775.800 396.351
776.093 483.370
776.386 485.915
776.679 429.015
776.972 483.409
777.265 661.670
777.558 701.259
777.850 541.773
778.143 489.525
778.436 476.952
778.729 478.495
779.022 494.589
779.315 434.300
779.608 365.971
779.900 390.105
780.193 474.540
780.486 506.205
780.779 459.571
781.072 393.993
781.365 449.567
781.658 490.192
781.951 441.008
782.243 492.241
782.536 545.451
782.829 496.267
783.122 499.292
783.415 525.885
783.708 509.849
784.001 510.865
784.293 532.944
784.586 555.469
784.879 580.531
785.172 495.879
785.465 419.234
785.758 468.345
786.051 522.465
786.344 551.433
786.636 606.051
786.929 468.927
787.222 440.793
787.515 414.898
787.808 426.069
788.101 429.079
788.394 536.983
788.686 678.854
788.979 563.545
789.272 471.086
789.565 506.556
789.858 442.697
790.151 377.217
790.444 390.216
790.737 394.619
791.029 395.839
791.322 521.600
791.615 441.332
791.908 434.234
792.201 432.814
792.494 454.329
792.787 486.757
793.079 552.060
793.372 513.674
793.665 574.019
793.958 500.252
794.251 518.211
794.544 592.408
794.837 656.819
795.130 514.259
795.422 444.480
795.715 489.357
796.008 529.778
796.301 497.858
796.594 430.141
796.887 475.970
797.180 513.346
797.472 420.636
797.765 338.893
798.058 405.300
798.351 384.779
798.644 374.821
798.937 346.916
799.230 465.109
799.523 736.771
799.815 640.073
800.108 447.662
800.401 362.928
800.694 452.124
800.987 440.718
801.280 499.552
801.573 546.517
801.865 577.498
802.158 490.107
802.451 440.218
802.744 468.174
803.037 436.250
803.330 401.732
803.623 517.111
803.915 534.089
804.208 442.726
804.501 480.661
804.794 548.741
805.087 498.204
805.380 397.009
805.673 401.628
805.966 457.696
806.258 458.166
806.551 497.251
806.844 464.130
807.137 490.738
807.430 432.024
807.723 412.959
808.016 567.589
808.308 604.960
808.601 472.231
808.894 407.800
809.187 507.920
809.480 547.662
809.773 474.761
810.066 486.317
810.359 604.643
810.651 594.775
810.944 374.428
811.237 373.809
811.530 455.556
811.825 426.734
812.119 373.843
812.414 317.346
812.709 455.051
813.003 492.421
813.298 459.579
813.593 512.193
813.887 443.872
814.182 579.672
814.476 582.303
814.771 600.588
815.066 488.902
815.360 419.310
815.655 439.647
815.950 432.984
816.244 471.653
816.539 577.621
816.834 521.567
817.128 473.131
817.423 563.383
817.718 737.925
818.012 561.745
818.307 337.820
818.602 459.757
818.896 527.448
819.191 478.669
819.486 471.428
819.780 551.768
820.075 638.574
820.369 608.882
820.664 434.575
820.959 507.051
821.253 555.256
821.548 522.106
821.843 582.392
822.137 543.508
822.432 534.235
822.727 474.323
823.021 462.304
823.316 597.594
823.611 547.548
823.905 446.925
824.200 404.137
824.495 524.199
824.789 561.130
825.084 561.604
825.379 475.710
825.673 459.328
825.968 511.105
826.262 477.760
826.557 505.861
826.852 555.230
827.146 576.472
827.441 549.361
827.736 632.758
828.030 526.109
828.325 346.157
828.620 524.512
828.914 555.899
829.209 456.686
829.504 589.737
829.798 587.442
830.093 481.123
830.388 487.477
830.682 426.783
830.977 473.868
831.271 586.329
831.566 452.087
831.861 442.803
832.155 416.025
832.450 533.361
832.745 655.914
833.039 524.406
833.334 408.239
833.629 447.427
833.923 448.766
834.218 402.300
834.513 404.704
834.807 409.082
835.102 337.284
835.397 391.244
835.691 373.000
835.986 400.148
836.281 396.044
836.575 401.538
836.870 414.435
837.164 445.153
837.459 398.830
837.754 439.856
838.048 405.502
838.343 420.600
838.638 485.224
838.932 517.688
839.227 443.695
839.522 468.259
839.816 454.755
840.111 398.494
840.406 415.165
840.700 511.114
840.995 631.363
841.290 660.403
841.584 550.763
841.879 558.880
842.174 454.376
842.468 440.517
842.763 435.031
843.057 500.100
843.352 462.917
843.647 476.084
843.941 537.231
844.236 526.661
844.531 527.874
844.825 536.234
845.120 514.450
845.415 593.908
845.709 568.235
846.004 591.428
846.299 427.125
846.593 541.673
846.888 573.368
847.183 528.448
847.477 503.097
847.772 478.721
848.066 569.049
848.361 562.384
848.656 526.548
848.950 538.049
849.245 586.730
849.540 451.730
849.834 538.170
850.129 614.486
850.424 539.428
850.718 510.174
851.013 617.082
851.308 532.573
851.602 540.620
851.897 635.086
852.192 740.413
852.486 582.943
852.781 463.825
853.076 518.819
853.370 580.021
853.665 625.799
853.959 569.586
854.254 481.149
854.549 652.593
854.843 597.934
855.138 545.347
855.433 579.848
855.727 591.646
856.022 528.842
856.317 516.969
856.611 541.716
856.906 516.334
857.201 562.851
857.495 644.376
857.790 693.946
858.085 564.690
858.379 502.887
858.674 449.623
858.969 429.179
859.263 481.911
859.558 513.368
859.852 490.272
860.147 523.199
860.442 611.111
860.736 467.512
861.031 506.173
861.326 578.302
861.620 491.051
861.915 576.118
862.210 593.587
862.504 499.178
862.799 510.918
863.094 573.671
863.388 517.261
863.683 493.393
863.978 434.893
864.272 452.935
864.567 470.406
864.861 463.148
865.156 398.661
865.451 331.243
865.745 514.336
866.040 598.909
866.335 582.237
866.629 617.656
866.924 546.021
867.219 453.818
867.513 553.002
867.808 523.294
868.103 463.432
868.397 475.118
868.692 490.329
868.987 417.189
869.281 440.647
869.576 552.558
869.871 580.042
870.165 481.028
870.460 412.829
870.754 460.725
871.049 403.272
871.344 478.720
871.638 506.926
871.933 461.601
872.228 474.935
872.522 466.152
872.817 557.292
873.112 734.404
873.406 616.166
873.701 644.467
873.996 568.245
874.290 490.853
874.585 472.433
874.880 516.600
875.174 443.543
875.469 442.157
875.764 461.044
876.058 441.321
876.353 393.147
876.647 363.754
876.942 412.358
877.237 443.718
877.531 462.495
877.826 519.260
878.121 511.133
878.415 475.518
878.710 443.873
879.005 532.834
879.299 452.165
879.594 430.627
879.889 387.937
880.183 389.093
880.478 502.135
880.773 458.255
881.067 405.219
881.362 470.519
881.656 455.808
881.951 456.320
882.246 377.502
882.540 407.229
882.835 384.974
883.130 453.499
883.424 382.664
883.719 339.011
884.014 443.834
884.308 469.850
884.603 440.421
884.898 426.551
885.192 493.153
885.487 455.221
885.782 406.250
886.076 462.182
886.371 411.988
886.666 265.438
886.960 349.437
887.255 365.247
887.549 355.665
887.844 495.976
888.139 564.177
888.433 515.138
888.728 404.994
889.023 417.435
889.317 441.525
889.612 363.196
889.907 381.466
890.201 422.182
890.496 485.476
890.791 464.737
891.085 406.964
891.380 371.667
891.675 417.939
891.969 441.798
892.264 350.770
892.559 385.478
892.853 475.852
893.148 439.673
893.442 415.117
893.737 446.354
894.032 449.493
894.326 409.852
894.621 404.573
894.916 365.255
895.210 382.562
895.505 425.986
895.800 372.435
896.094 336.480
896.389 365.614
896.684 392.446
896.978 415.055
897.273 381.313
897.568 448.121
897.862 433.494
898.157 416.702
898.451 563.095
898.746 501.156
899.041 551.208
899.335 514.015
899.630 420.506
899.925 425.455
900.219 422.805
900.514 481.238
900.809 367.761
901.103 281.857
901.398 449.715
901.693 432.224
901.987 413.008
902.282 478.543
902.577 374.141
902.871 313.208
903.166 439.275
903.461 507.532
903.755 474.034
904.050 425.136
904.344 334.345
904.639 366.339
904.934 414.251
905.228 406.910
905.523 369.244
905.818 376.126
906.112 483.340
906.407 477.902
906.702 401.016
906.996 429.568
907.291 451.488
907.586 379.119
907.880 473.711
908.175 451.421
908.470 412.338
908.764 504.613
909.059 581.591
909.354 450.360
909.648 392.331
909.943 414.256
910.237 490.959
910.532 512.948
910.827 599.115
911.121 558.387
911.416 500.597
911.711 485.899
912.005 509.821
912.300 484.939
912.599 502.018
912.898 482.599
913.196 508.995
913.495 510.858
913.794 522.967
914.093 479.777
914.391 452.770
914.690 454.977
914.989 420.862
915.288 525.887
915.586 529.681
915.885 397.721
916.184 303.728
916.483 342.197
916.782 439.652
917.080 495.110
917.379 462.151
917.678 396.619
917.977 499.830
918.275 586.403
918.574 547.282
918.873 504.124
919.172 454.663
919.471 390.550
919.769 441.245
920.068 426.813
920.367 419.982
920.666 403.351
920.964 448.939
921.263 470.042
921.562 429.451
921.861 479.108
922.159 414.090
922.458 432.526
922.757 462.005
923.056 452.099
923.355 428.949
923.653 498.496
923.952 490.631
924.251 412.381
924.550 502.450
924.848 499.994
925.147 431.121
925.446 391.874
925.745 474.171
926.043 461.179
926.342 405.626
926.641 386.039
926.940 459.424
927.239 497.036
927.537 517.233
927.836 409.988
928.135 395.614
928.434 499.068
928.732 506.215
929.031 481.165
929.330 516.005
929.629 499.602
929.927 475.922
930.226 432.844
930.525 431.533
930.824 550.722
931.123 493.880
931.421 510.646
931.720 482.750
932.019 560.097
932.318 575.270
932.616 532.319
932.915 471.113
933.214 506.725
933.513 471.328
933.812 478.831
934.110 588.741
934.409 640.166
934.708 503.645
935.007 657.128
935.305 607.389
935.604 522.948
935.903 626.634
936.202 642.079
936.500 725.755
936.799 733.034
937.098 684.703
937.397 643.681
937.696 586.466
937.994 580.224
938.293 681.296
938.592 549.451
938.891 549.519
939.189 572.847
939.488 665.340
939.787 755.620
940.086 658.401
940.384 698.291
940.683 613.755
940.982 595.449
941.281 734.557
941.580 848.928
941.878 800.300
942.177 624.334
942.476 641.080
942.775 646.309
943.073 485.222
943.372 540.239
943.671 676.613
943.970 764.945
944.268 726.888
944.567 588.408
944.866 619.120
945.165 692.679
945.464 572.981
945.762 452.103
946.061 717.494
946.360 776.278
946.659 782.980
946.957 808.170
947.256 742.236
947.555 599.068
947.854 646.254
948.153 659.487
948.451 616.706
948.750 644.339
949.049 639.031
949.348 821.346
949.646 721.511
949.945 642.214
950.244 720.112
950.543 644.249
950.841 594.155
951.140 551.225
951.439 456.807
951.738 514.520
952.037 636.728
952.335 706.646
952.634 727.066
952.933 646.630
953.232 613.101
953.530 424.372
953.829 653.306
954.128 764.320
954.427 623.228
954.725 718.849
955.024 694.125
955.323 723.165
955.622 572.482
955.921 456.198
956.219 525.620
956.518 493.125
956.817 475.388
957.116 532.259
957.414 561.045
957.713 512.644
958.012 458.221
958.311 460.752
958.610 579.318
958.908 532.640
959.207 557.117
959.506 595.676
959.805 528.204
960.103 542.368
960.402 626.084
960.701 524.112
961.000 431.773
961.298 471.279
961.597 528.398
961.896 502.082
962.195 534.819
962.494 564.025
962.792 556.530
963.091 483.894
963.390 492.196
963.689 480.771
963.987 508.065
964.286 512.955
964.585 559.222
964.884 494.503
965.182 416.330
965.481 718.220
965.780 817.348
966.080 709.632
966.380 616.503
966.680 568.952
966.981 526.685
967.281 481.859
967.581 455.213
967.881 515.988
968.181 550.110
968.481 513.810
968.781 520.187
969.082 442.473
969.382 456.208
969.682 526.851
969.982 578.382
970.282 624.523
970.582 530.713
970.882 447.184
971.183 565.653
971.483 499.029
971.783 492.777
972.083 537.590
972.383 587.843
972.683 600.722
972.983 558.081
973.284 463.002
973.584 504.756
973.884 497.036
974.184 476.521
974.484 565.090
974.784 464.691
975.084 437.206
975.385 456.837
975.685 460.451
975.985 402.214
976.285 435.449
976.585 461.567
976.885 413.389
977.185 415.426
977.486 488.552
977.786 510.870
978.086 527.965
978.386 485.590
978.686 369.925
978.986 349.232
979.286 449.238
979.587 524.245
979.887 417.251
980.187 372.257
980.487 427.263
980.787 505.270
981.087 456.276
981.387 591.282
981.688 505.288
981.988 385.294
982.288 451.301
982.588 500.307
982.888 511.313
983.188 456.319
983.488 550.325
983.789 513.331
984.089 470.338
984.389 455.344
984.689 438.350
984.989 413.356
985.289 429.362
985.589 578.368
985.890 527.374
986.190 409.381
986.490 449.387
986.790 522.393
987.090 467.399
987.390 468.405
987.690 474.411
987.991 414.417
988.291 448.423
988.591 437.429
988.891 405.435
989.191 415.441
989.491 512.448
989.791 472.454
990.092 524.460
990.392 561.466
990.692 529.472
990.992 483.478
991.292 422.484
991.592 548.490
991.892 535.496
992.193 586.502
992.493 548.508
992.793 480.514
993.093 478.520
993.393 464.526
993.693 470.532
993.993 518.538
994.294 592.544
994.594 504.550
994.894 442.556
995.194 453.561
995.494 432.567
995.794 463.573
996.094 423.579
996.395 499.585
996.695 604.591
996.995 410.597
997.295 359.603
997.595 436.609
997.895 402.615
998.195 333.621
998.496 403.627
998.796 396.632
999.096 565.638
999.396 502.644
999.696 500.650
999.996 555.656
1000.296 594.662
1000.597 559.668
1000.897 453.673
1001.197 440.679
1001.497 542.685
1001.797 433.691
1002.097 418.697
1002.397 472.703
1002.698 508.708
1002.998 578.714
1003.298 548.720
1003.598 419.726
1003.898 378.732
1004.198 522.737
1004.498 613.743
1004.799 552.749
1005.099 533.755
1005.399 534.760
1005.699 582.766
1005.999 553.772
1006.299 423.778
1006.599 594.783
1006.900 605.789
1007.200 507.795
1007.500 531.801
1007.800 506.806
1008.100 419.812
1008.400 408.818
1008.700 433.823
1009.001 411.829
1009.301 441.835
1009.601 587.841
1009.901 571.846
1010.201 504.852
1010.501 533.858
1010.801 624.863
1011.102 458.869
1011.402 503.875
1011.702 426.880
1012.002 360.886
1012.302 517.891
1012.602 513.897
1012.902 478.903
1013.203 479.908
1013.503 475.914
1013.803 512.920
1014.103 435.925
1014.403 539.931
1014.703 483.936
1015.003 420.942
1015.304 565.948
1015.604 586.953
1015.904 415.959
1016.204 390.964
1016.504 422.970
1016.804 466.975
1017.104 491.981
1017.405 523.987
1017.705 485.992
1018.005 411.998
1018.305 438.003
1018.605 449.009
1018.905 345.014
1019.205 322.020
1019.506 612.025
1019.806 633.031
1020.106 518.036
1020.406 557.042
1020.706 540.047
1021.006 542.053
1021.306 589.058
1021.607 514.064
1021.907 613.069
1022.207 592.075
1022.507 475.080
1022.807 490.086
1023.107 482.091
1023.407 406.097
1023.708 462.102
1024.008 445.107
1024.308 479.113
1024.608 495.118
1024.908 362.124
1025.208 497.129
1025.508 633.135
1025.809 574.140
1026.109 445.145
1026.409 539.151
1026.709 546.156
1027.009 504.162
1027.309 547.167
1027.609 430.172
1027.910 423.178
1028.210 542.183
1028.510 602.188
1028.810 669.194
1029.110 588.199
1029.410 513.205
1029.710 593.210
1030.011 614.215
1030.311 612.221
1030.611 485.226
1030.911 520.231
1031.211 566.237
1031.511 469.242
1031.811 583.247
1032.112 576.253
1032.412 482.258
1032.712 351.263
1033.012 460.268
1033.312 597.274
1033.612 577.279
1033.912 501.284
1034.212 439.290
1034.513 452.295
1034.813 442.300
1035.113 530.305
1035.413 477.311
1035.713 526.316
1036.013 528.321
1036.313 476.326
1036.614 527.332
1036.914 496.337
1037.214 375.342
1037.514 465.347
1037.814 489.353
1038.114 494.358
1038.414 525.363
1038.715 508.368
1039.015 402.373
1039.315 326.379
1039.615 424.384
1039.915 441.389
1040.215 409.394
1040.515 456.399
1040.816 516.404
1041.116 498.410
1041.416 432.415
1041.716 394.420
1042.016 391.425
1042.316 587.430
1042.616 557.435
1042.917 475.441
1043.217 407.446
1043.517 428.451
1043.817 491.456
1044.117 492.461
1044.417 533.466
1044.717 485.471
1045.018 475.476
1045.318 516.482
1045.618 564.487
1045.918 460.492
1046.218 343.497
1046.518 414.502
1046.818 515.507
1047.119 436.512
1047.419 571.517
1047.719 508.522
1048.019 409.527
1048.319 516.532
1048.619 528.537
1048.919 492.542
1049.220 480.547
1049.520 554.553
1049.820 475.558
1050.120 406.563
1050.420 589.568
1050.720 518.573
1051.020 470.578
1051.321 521.583
1051.621 567.588
1051.921 465.593
1052.221 382.598
1052.521 399.603
1052.821 416.608
1053.121 449.613
1053.422 525.618
1053.722 591.623
1054.022 506.628
1054.322 567.633
1054.622 466.638
1054.922 396.642
1055.222 501.647
1055.523 525.652
1055.823 504.657
1056.123 559.662
1056.423 505.667
1056.723 514.672
1057.023 466.677
1057.323 345.682
1057.624 429.687
1057.924 528.692
1058.224 509.697
1058.524 466.702
1058.824 555.707
1059.124 514.711
1059.424 432.716
1059.725 484.721
1060.025 396.726
1060.325 457.731
1060.625 446.736
1060.925 425.741
1061.225 413.746
1061.525 524.751
1061.826 468.755
1062.126 457.760
1062.426 519.765
1062.726 490.770
1063.026 466.775
1063.326 629.780
1063.626 602.784
1063.927 523.789
1064.227 509.794
1064.527 436.799
1064.827 565.804
1065.127 505.809
1065.427 372.813
1065.727 416.818
1066.028 613.823
1066.328 568.828
1066.628 424.833
1066.928 413.837
1067.228 444.842
1067.528 458.847
1067.828 491.852
1068.129 418.857
1068.429 509.861
1068.729 542.866
1069.029 434.871
1069.329 384.876
1069.629 449.880
1069.929 547.885
1070.230 566.890
1070.530 496.895
1070.830 503.899
1071.130 489.904
1071.430 414.909
1071.730 489.913
1072.030 541.918
1072.331 441.923
1072.631 479.928
1072.931 491.932
1073.231 520.937
1073.531 461.942
1073.831 433.946
1074.131 484.951
1074.432 551.956
1074.732 492.960
1075.032 391.965
1075.332 415.970
1075.632 460.975
1075.932 409.979
1076.232 390.984
1076.533 433.989
1076.833 498.993
1077.133 414.998
1077.433 414.002
1077.733 429.007
1078.033 540.012
1078.333 552.016
1078.634 551.021
1078.934 553.026
1079.234 431.030
1079.534 515.035
1079.834 559.039
1080.134 514.044
1080.434 491.049
1080.735 469.053
1081.035 492.058
1081.335 408.062
1081.635 433.067
1081.935 474.072
1082.235 469.076
1082.535 462.081
1082.836 512.085
1083.136 529.090
1083.436 598.095
1083.736 564.099
1084.036 471.104
1084.336 439.108
1084.636 503.113
1084.937 557.117
1085.237 560.122
1085.537 486.126
1085.837 572.131
1086.137 500.135
1086.437 547.140
1086.737 496.145
1087.038 462.149
1087.338 563.154
1087.638 595.158
1087.938 475.163
1088.238 345.167
1088.538 428.172
1088.838 552.176
1089.139 579.181
1089.439 424.185
1089.739 512.190
1090.039 549.194
1090.339 584.198
1090.639 516.203
1090.939 555.207
1091.240 480.212
1091.540 455.216
1091.840 475.221
1092.140 578.225
1092.453 531.230
1092.766 481.234
1093.079 477.239
1093.392 499.243
1093.705 424.247
1094.018 430.252
1094.330 571.256
1094.643 564.261
1094.956 603.265
1095.269 527.270
1095.582 494.274
1095.895 432.278
1096.208 434.283
1096.521 449.287
1096.834 496.292
1097.147 492.296
1097.460 533.300
1097.773 630.305
1098.085 523.309
1098.398 459.314
1098.711 468.318
1099.024 423.322
1099.337 520.327
1099.650 566.331
1099.963 499.335
1100.276 370.340
1100.589 397.344
1100.902 523.348
1101.215 525.353
1101.528 588.357
1101.841 549.362
1102.153 548.366
1102.466 546.370
1102.779 404.375
1103.092 403.379
1103.405 492.383
1103.718 464.387
1104.031 462.392
1104.344 580.396
1104.657 567.400
1104.970 795.405
1105.283 592.409
1105.596 425.413
1105.909 446.418
1106.221 544.422
1106.534 523.426
1106.847 438.430
1107.160 396.435
1107.473 384.439
1107.786 458.443
1108.099 417.448
1108.412 455.452
1108.725 504.456
1109.038 457.460
1109.351 532.465
1109.664 529.469
1109.977 375.473
1110.289 409.477
1110.602 512.482
1110.915 523.486
1111.228 513.490
1111.541 481.494
1111.854 457.498
1112.167 387.503
1112.480 439.507
1112.793 503.511
1113.106 481.515
1113.419 510.519
1113.732 489.524
1114.044 419.528
1114.357 455.532
1114.670 496.536
1114.983 464.540
1115.296 434.545
1115.609 489.549
1115.922 486.553
1116.235 519.557
1116.548 543.561
1116.861 496.566
1117.174 439.570
1117.487 441.574
1117.800 579.578
1118.112 501.582
1118.425 443.586
1118.738 481.590
1119.051 468.595
1119.364 464.599
1119.677 482.603
1119.990 481.607
1120.303 487.611
1120.616 586.615
1120.929 513.619
1121.242 543.623
1121.555 525.628
1121.868 509.632
1122.180 499.636
1122.493 326.640
1122.806 351.644
1123.119 461.648
1123.432 484.652
1123.745 461.656
1124.058 415.660
1124.371 419.664
1124.684 534.669
1124.997 491.673
1125.310 459.677
1125.623 405.681
1125.935 345.685
1126.248 440.689
1126.561 521.693
1126.874 446.697
1127.187 541.701
1127.500 574.705
1127.813 539.709
1128.126 514.713
1128.439 529.717
1128.752 587.721
1129.065 425.725
1129.378 263.729
1129.691 409.733
1130.003 440.737
1130.316 407.741
1130.629 407.745
1130.942 507.749
1131.255 459.753
1131.568 373.758
1131.881 473.762
1132.194 512.766
1132.507 479.770
1132.820 412.773
1133.133 496.777
1133.446 429.781
1133.759 579.785
1134.071 903.789
1134.384 701.793
1134.697 598.797
1135.010 556.801
1135.323 478.805
1135.636 409.809
1135.949 345.813
1136.262 393.817
1136.575 445.821
1136.888 485.825
1137.201 535.829
1137.514 482.833
1137.826 576.837
1138.139 479.841
1138.452 485.845
1138.765 646.849
1139.078 650.853
1139.391 582.857
1139.704 533.861
1140.017 512.864
1140.330 448.868
1140.643 430.872
1140.956 386.876
1141.269 441.880
1141.582 531.884
1141.894 474.888
1142.207 555.892
1142.520 490.896
1142.833 569.900
1143.146 514.903
1143.459 419.907
1143.772 480.911
1144.085 514.915
1144.398 469.919
1144.711 416.923
1145.024 364.927
1145.337 445.931
1145.650 492.934
1145.962 459.938
1146.275 443.942
1146.588 363.946
1146.901 538.950
1147.214 541.954
1147.527 424.958
1147.840 443.961
1148.153 448.965
1148.466 517.969
1148.779 506.973
1149.092 565.977
1149.405 465.981
1149.718 458.984
1150.030 536.988
1150.343 497.992
1150.656 438.996
1150.969 455.000
1151.282 590.003
1151.595 533.007
1151.908 456.011
1152.221 316.015
1152.534 351.019
1152.847 599.022
1153.160 517.026
1153.473 502.030
1153.785 549.034
1154.098 516.038
1154.411 602.041
1154.724 507.045
1155.037 595.049
1155.350 537.053
1155.663 534.056
1155.976 508.060
1156.289 539.064
1156.602 415.068
1156.915 335.071
1157.228 360.075
1157.541 433.079
1157.853 431.083
1158.166 460.086
1158.479 553.090
1158.792 498.094
1159.105 512.098
1159.418 499.101
1159.731 477.105
1160.044 459.109
1160.357 487.112
1160.670 500.116
1160.983 387.120
1161.296 487.124
1161.609 614.127
1161.921 555.131
1162.234 455.135
1162.547 354.138
1162.860 356.142
1163.173 387.146
1163.486 504.150
1163.799 525.153
1164.112 459.157
1164.425 459.161
1164.738 405.164
1165.051 353.168
1165.364 401.172
1165.676 460.175
1165.989 495.179
1166.302 459.183
1166.615 554.186
1166.928 525.190
1167.241 527.194
1167.554 548.197
1167.867 535.201
1168.180 491.204
1168.493 389.208
1168.806 451.212
1169.119 447.215
1169.432 523.219
1169.744 576.223
1170.057 604.226
1170.370 606.230
1170.683 482.234
1170.996 408.237
1171.309 427.241
1171.622 431.244
1171.935 482.248
1172.248 650.252
1172.561 555.255
1172.874 476.259
1173.187 558.262
1173.500 541.266
1173.812 559.270
1174.125 578.273
1174.438 550.277
1174.751 425.280
1175.064 466.284
1175.377 576.287
1175.690 512.291
1176.003 410.295
1176.316 430.298
1176.629 540.302
1176.942 522.305
1177.255 453.309
1177.567 402.312
1177.880 446.316
1178.193 524.320
1178.506 471.323
1178.819 531.327
1179.132 580.330
1179.445 426.334
1179.758 514.337
1180.071 520.341
1180.384 385.344
1180.697 513.348
1181.010 509.351
1181.323 537.355
1181.635 565.358
1181.948 582.362
1182.261 476.365
1182.574 376.369
1182.887 450.373
1183.200 629.376
1183.513 567.380
1183.826 431.383
1184.139 499.387
1184.452 534.390
1184.765 479.394
1185.078 433.397
1185.391 458.400
1185.703 420.404
1186.016 369.407
1186.329 395.411
1186.642 522.414
1186.955 556.418
1187.268 436.421
1187.581 477.425
1187.894 463.428
1188.207 473.432
1188.520 395.435
1188.833 429.439
1189.146 377.442
1189.459 312.446
1189.771 413.449
1190.084 536.452
1190.397 453.456
1190.710 498.459
1191.023 514.463
1191.336 496.466
1191.649 468.470
1191.962 492.473
1192.275 399.477
1192.588 497.480
1192.901 605.483
1193.214 459.487
1193.526 467.490
1193.839 551.494
1194.152 462.497
1194.465 533.500
1194.778 499.504
1195.091 457.507
1195.404 436.511
1195.717 470.514
1196.030 494.517
1196.343 455.521
1196.656 405.524
1196.969 454.528
1197.282 513.531
1197.594 508.534
1197.907 610.538
1198.220 558.541
1198.533 473.545
1198.846 487.548
1199.159 446.551
1199.472 453.555
1199.785 507.558
1200.098 395.561
1200.411 518.565
1200.724 536.568
1201.037 452.571
1201.350 438.575
1201.662 385.578
1201.975 454.582
1202.288 486.585
1202.601 176.588
