"Time (ps)"	"Counts per bin"
0	699534
100000000	701549
200000000	701330
300000000	701358
400000000	702281
500000000	699586
600000000	700863
700000000	701094
800000000	701601
900000000	701964
1000000000	703344
1100000000	702198
1200000000	701640
1300000000	702405
1400000000	702146
1500000000	701974
1600000000	702897
1700000000	702273
1800000000	701755
1900000000	702584
2000000000	703191
2100000000	702396
2200000000	703176
2300000000	702162
2400000000	702697
2500000000	702376
2600000000	701960
2700000000	702909
2800000000	702705
2900000000	703767
3000000000	702461
3100000000	701358
3200000000	703117
3300000000	703243
3400000000	702121
3500000000	702737
3600000000	702887
3700000000	703396
3800000000	702499
3900000000	701845
4000000000	702188
4100000000	702364
4200000000	702297
4300000000	704313
4400000000	703939
4500000000	704423
4600000000	702896
4700000000	703670
4800000000	703634
4900000000	703542
5000000000	704705
5100000000	702423
5200000000	703207
5300000000	703751
5400000000	702913
5500000000	703185
5600000000	704966
5700000000	704265
5800000000	702448
5900000000	703209
6000000000	702313
6100000000	702337
6200000000	702691
6300000000	702271
6400000000	704103
6500000000	702831
6600000000	703305
6700000000	702563
6800000000	703170
6900000000	703708
7000000000	704196
7100000000	704312
7200000000	703626
7300000000	704283
7400000000	703247
7500000000	702679
7600000000	703989
7700000000	704962
7800000000	705184
7900000000	703108
8000000000	703227
8100000000	702773
8200000000	705218
8300000000	702313
8400000000	702939
8500000000	704079
8600000000	703307
8700000000	703901
8800000000	703351
8900000000	704210
9000000000	702854
9100000000	702829
9200000000	703672
9300000000	702433
9400000000	703606
9500000000	702532
9600000000	704037
9700000000	703106
9800000000	704005
9900000000	705054
10000000000	703115
10100000000	703255
10200000000	703055
10300000000	703440
10400000000	702741
10500000000	703268
10600000000	702375
10700000000	703659
10800000000	703766
10900000000	702322
11000000000	702419
11100000000	704026
11200000000	703327
11300000000	703173
11400000000	702336
11500000000	702183
11600000000	702348
11700000000	703641
11800000000	702866
11900000000	703533
12000000000	703411
12100000000	701746
12200000000	703661
12300000000	703416
12400000000	701858
12500000000	703717
12600000000	702944
12700000000	702786
12800000000	703476
12900000000	705290
13000000000	702079
13100000000	703804
13200000000	703255
13300000000	703467
13400000000	702772
13500000000	702287
13600000000	701991
13700000000	702944
13800000000	702252
13900000000	703748
14000000000	702100
14100000000	702881
14200000000	701915
14300000000	702841
14400000000	701393
14500000000	702458
14600000000	702845
14700000000	702422
14800000000	703928
14900000000	702049
15000000000	705155
15100000000	702957
15200000000	704156
15300000000	702494
15400000000	702445
15500000000	700372
15600000000	701177
15700000000	701991
15800000000	702556
15900000000	705251
16000000000	704857
16100000000	702843
16200000000	703500
16300000000	701453
16400000000	704699
16500000000	701757
16600000000	703295
16700000000	701424
16800000000	703585
16900000000	702268
17000000000	702944
17100000000	703469
17200000000	703716
17300000000	704198
17400000000	704561
17500000000	702706
17600000000	701916
17700000000	702459
17800000000	703601
17900000000	703258
18000000000	704740
18100000000	704250
18200000000	703991
18300000000	703382
18400000000	703824
18500000000	703704
18600000000	701242
18700000000	704210
18800000000	701628
18900000000	702923
19000000000	701342
19100000000	702447
19200000000	703536
19300000000	703084
19400000000	703382
19500000000	702509
19600000000	700766
19700000000	701629
19800000000	701784
19900000000	701906
20000000000	702450
20100000000	703761
20200000000	703563
20300000000	702099
20400000000	703714
20500000000	704224
20600000000	704063
20700000000	699853
20800000000	703289
20900000000	701908
21000000000	703423
21100000000	703440
21200000000	702903
21300000000	704490
21400000000	702605
21500000000	703997
21600000000	702981
21700000000	702922
21800000000	703450
21900000000	702854
22000000000	702316
22100000000	703310
22200000000	701742
22300000000	703174
22400000000	703191
22500000000	701577
22600000000	701928
22700000000	701693
22800000000	704056
22900000000	702366
23000000000	702700
23100000000	702762
23200000000	700197
23300000000	702017
23400000000	702397
23500000000	702035
23600000000	703350
23700000000	703752
23800000000	703516
23900000000	702753
24000000000	703779
24100000000	703326
24200000000	702476
24300000000	703928
24400000000	705288
24500000000	702853
24600000000	701855
24700000000	702928
24800000000	702425
24900000000	703744
25000000000	703541
25100000000	701685
25200000000	700349
25300000000	701123
25400000000	700869
25500000000	700143
25600000000	700276
25700000000	700981
25800000000	700816
25900000000	698759
26000000000	700210
26100000000	698959
26200000000	699726
26300000000	698769
26400000000	699605
26500000000	700059
26600000000	699139
26700000000	699441
26800000000	699058
26900000000	700361
27000000000	698693
27100000000	699671
27200000000	701494
27300000000	701610
27400000000	700585
27500000000	700236
27600000000	700629
27700000000	699504
27800000000	699785
27900000000	698997
28000000000	698545
28100000000	698748
28200000000	699665
28300000000	699708
28400000000	699060
28500000000	700085
28600000000	700299
28700000000	699050
28800000000	700188
28900000000	699068
29000000000	700135
29100000000	698431
29200000000	697565
29300000000	699211
29400000000	698563
29500000000	699422
29600000000	698532
29700000000	698706
29800000000	699199
29900000000	697567
30000000000	700081
30100000000	698365
30200000000	697727
30300000000	698556
30400000000	699187
30500000000	697933
30600000000	697863
30700000000	698615
30800000000	697593
30900000000	698717
31000000000	698663
31100000000	699519
31200000000	698010
31300000000	697884
31400000000	698134
31500000000	697099
31600000000	697652
31700000000	696976
31800000000	698712
31900000000	699231
32000000000	698121
32100000000	698938
32200000000	697537
32300000000	699854
32400000000	700800
32500000000	697629
32600000000	697356
32700000000	697387
32800000000	698747
32900000000	698118
33000000000	698870
33100000000	698110
33200000000	699561
33300000000	698232
33400000000	699158
33500000000	696141
33600000000	698043
33700000000	698364
33800000000	697372
33900000000	699723
34000000000	698167
34100000000	698589
34200000000	698663
34300000000	697672
34400000000	696918
34500000000	697808
34600000000	697666
34700000000	698567
34800000000	698151
34900000000	699078
35000000000	697848
35100000000	697735
35200000000	699087
35300000000	699474
35400000000	698139
35500000000	701178
35600000000	697784
35700000000	699302
35800000000	699425
35900000000	697686
36000000000	698874
36100000000	699203
36200000000	698597
36300000000	698396
36400000000	698631
36500000000	698756
36600000000	698154
36700000000	697155
36800000000	698043
36900000000	698925
37000000000	697826
37100000000	697696
37200000000	698286
37300000000	697223
37400000000	698691
37500000000	697747
37600000000	696267
37700000000	699421
37800000000	697344
37900000000	698784
38000000000	697033
38100000000	698354
38200000000	698397
38300000000	698804
38400000000	696781
38500000000	699075
38600000000	698862
38700000000	697675
38800000000	697259
38900000000	697598
39000000000	698874
39100000000	699374
39200000000	697892
39300000000	698505
39400000000	698180
39500000000	697705
39600000000	697436
39700000000	699464
39800000000	698254
39900000000	698669
40000000000	698410
40100000000	697596
40200000000	699188
40300000000	697222
40400000000	698545
40500000000	697666
40600000000	696756
40700000000	697718
40800000000	697580
40900000000	697722
41000000000	696319
41100000000	697922
41200000000	697127
41300000000	697518
41400000000	696972
41500000000	696007
41600000000	696093
41700000000	696633
41800000000	695797
41900000000	696923
42000000000	696384
42100000000	697041
42200000000	697656
42300000000	698855
42400000000	697768
42500000000	697787
42600000000	698096
42700000000	698147
42800000000	698760
42900000000	698426
43000000000	697223
43100000000	696344
43200000000	697023
43300000000	696946
43400000000	698252
43500000000	697940
43600000000	698072
43700000000	696661
43800000000	696012
43900000000	697374
44000000000	697072
44100000000	696867
44200000000	696281
44300000000	695938
44400000000	695674
44500000000	696773
44600000000	695786
44700000000	698584
44800000000	696112
44900000000	696820
45000000000	697589
45100000000	697785
45200000000	696037
45300000000	697796
45400000000	696801
45500000000	697197
45600000000	696937
45700000000	696852
45800000000	699010
45900000000	697193
46000000000	696182
46100000000	696035
46200000000	695708
46300000000	697654
46400000000	695829
46500000000	696949
46600000000	694540
46700000000	696634
46800000000	695087
46900000000	697004
47000000000	694799
47100000000	697068
47200000000	697372
47300000000	697395
47400000000	698289
47500000000	697690
47600000000	697878
47700000000	696381
47800000000	696421
47900000000	696962
48000000000	696256
48100000000	696951
48200000000	694900
48300000000	697180
48400000000	696124
48500000000	695886
48600000000	697038
48700000000	698502
48800000000	695582
48900000000	696079
49000000000	698093
49100000000	697883
49200000000	696559
49300000000	697357
49400000000	698055
49500000000	696645
49600000000	697174
49700000000	696150
49800000000	697433
49900000000	697752
50000000000	699283
50100000000	700680
50200000000	700815
50300000000	700947
50400000000	701573
50500000000	699303
50600000000	700568
50700000000	700255
50800000000	701051
50900000000	701569
51000000000	702467
51100000000	701935
51200000000	700987
51300000000	702097
51400000000	701378
51500000000	701284
51600000000	702424
51700000000	701825
51800000000	701361
51900000000	701964
52000000000	702647
52100000000	701816
52200000000	702667
52300000000	701612
52400000000	702184
52500000000	701989
52600000000	701613
52700000000	702316
52800000000	702250
52900000000	702775
53000000000	702213
53100000000	700511
53200000000	702760
53300000000	702626
53400000000	701638
53500000000	702303
53600000000	702556
53700000000	702772
53800000000	701982
53900000000	701244
54000000000	701701
54100000000	701656
54200000000	701891
54300000000	704034
54400000000	703121
54500000000	703782
54600000000	702573
54700000000	703480
54800000000	702670
54900000000	703147
55000000000	704054
55100000000	701833
55200000000	702731
55300000000	703500
55400000000	702353
55500000000	702626
55600000000	704616
55700000000	703497
55800000000	702085
55900000000	702778
56000000000	701572
56100000000	701941
56200000000	701972
56300000000	702017
56400000000	703284
56500000000	702197
56600000000	703113
56700000000	702133
56800000000	702620
56900000000	703128
57000000000	703590
57100000000	704025
57200000000	702820
57300000000	704102
57400000000	702643
57500000000	702159
57600000000	703381
57700000000	704576
57800000000	704665
57900000000	702600
58000000000	702635
58100000000	702438
58200000000	704474
58300000000	701843
58400000000	702526
58500000000	703401
58600000000	703066
58700000000	703320
58800000000	702804
58900000000	703497
59000000000	702593
59100000000	702431
59200000000	702986
59300000000	701617
59400000000	703358
59500000000	702042
59600000000	703668
59700000000	702554
59800000000	703503
59900000000	704344
60000000000	702637
60100000000	702967
60200000000	702615
60300000000	702656
60400000000	702299
60500000000	702816
60600000000	701978
60700000000	703061
60800000000	702888
60900000000	701950
61000000000	701909
61100000000	703676
61200000000	702595
61300000000	702653
61400000000	701896
61500000000	701892
61600000000	701621
61700000000	703287
61800000000	702347
61900000000	702896
62000000000	702750
62100000000	701428
62200000000	703025
62300000000	703081
62400000000	701445
62500000000	703027
62600000000	702505
62700000000	701926
62800000000	703284
62900000000	704664
63000000000	701537
63100000000	703249
63200000000	702969
63300000000	702888
63400000000	702381
63500000000	701799
63600000000	701500
63700000000	702661
63800000000	701731
63900000000	703049
64000000000	701531
64100000000	702427
64200000000	701700
64300000000	702242
64400000000	700881
64500000000	701956
64600000000	702155
64700000000	702375
64800000000	703076
64900000000	701564
65000000000	704870
65100000000	702442
65200000000	703557
65300000000	702193
65400000000	702191
65500000000	699725
65600000000	700665
65700000000	701498
65800000000	702012
65900000000	704569
66000000000	704483
66100000000	702212
66200000000	703251
66300000000	700981
66400000000	703796
66500000000	701542
66600000000	702594
66700000000	700949
66800000000	703057
66900000000	701722
67000000000	702453
67100000000	703082
67200000000	703157
67300000000	703754
67400000000	703809
67500000000	702423
67600000000	701246
67700000000	702025
67800000000	702996
67900000000	702758
68000000000	704077
68100000000	703655
68200000000	703639
68300000000	702741
68400000000	703415
68500000000	703144
68600000000	700827
68700000000	703648
68800000000	701285
68900000000	702242
69000000000	701055
69100000000	701754
69200000000	703237
69300000000	702453
69400000000	702718
69500000000	702222
69600000000	699925
69700000000	701087
69800000000	701308
69900000000	701218
70000000000	702156
70100000000	702972
70200000000	703271
70300000000	701486
70400000000	703039
70500000000	703747
70600000000	703816
70700000000	699126
70800000000	702632
70900000000	701472
71000000000	702968
71100000000	702962
71200000000	702385
71300000000	703897
71400000000	702165
71500000000	703132
71600000000	702467
71700000000	702532
71800000000	703135
71900000000	702341
72000000000	701960
72100000000	702352
72200000000	701543
72300000000	702444
72400000000	702694
72500000000	701095
72600000000	701432
72700000000	701240
72800000000	703423
72900000000	701823
73000000000	702020
73100000000	702520
73200000000	699531
73300000000	701695
73400000000	701771
73500000000	701705
73600000000	702708
73700000000	703353
73800000000	702843
73900000000	702251
74000000000	702990
74100000000	702978
74200000000	701940
74300000000	703664
74400000000	704384
74500000000	702491
74600000000	701342
74700000000	702342
74800000000	701849
74900000000	703468
75000000000	702993
75100000000	701343
75200000000	699884
75300000000	700376
75400000000	700351
75500000000	699780
75600000000	699652
75700000000	700270
75800000000	700364
75900000000	698390
76000000000	699866
76100000000	698264
76200000000	698957
76300000000	698587
76400000000	698987
76500000000	699568
76600000000	698742
76700000000	698915
76800000000	698514
76900000000	699628
77000000000	698302
77100000000	699451
77200000000	700556
77300000000	701200
77400000000	700240
77500000000	699837
77600000000	699661
77700000000	699551
77800000000	699041
77900000000	698699
78000000000	697764
78100000000	698371
78200000000	699006
78300000000	699292
78400000000	698290
78500000000	699654
78600000000	699694
78700000000	698530
78800000000	699665
78900000000	698675
79000000000	699510
79100000000	697988
79200000000	697042
79300000000	698525
79400000000	698120
79500000000	698787
79600000000	698336
79700000000	698064
79800000000	698806
79900000000	697045
80000000000	699629
80100000000	697664
80200000000	697184
80300000000	698241
80400000000	698736
80500000000	697219
80600000000	697248
80700000000	698200
80800000000	697214
80900000000	697998
81000000000	698139
81100000000	699168
81200000000	697342
81300000000	697698
81400000000	697435
81500000000	696332
81600000000	697308
81700000000	696590
81800000000	697928
81900000000	698844
82000000000	697376
82100000000	698885
82200000000	697015
82300000000	699412
82400000000	700374
82500000000	696952
82600000000	697057
82700000000	696664
82800000000	698281
82900000000	697644
83000000000	698224
83100000000	697680
83200000000	698819
83300000000	697985
83400000000	698678
83500000000	695637
83600000000	697552
83700000000	697533
83800000000	696914
83900000000	699211
84000000000	697665
84100000000	698122
84200000000	698266
84300000000	697227
84400000000	696278
84500000000	697500
84600000000	696764
84700000000	698108
84800000000	697808
84900000000	698518
85000000000	697179
85100000000	697500
85200000000	698377
85300000000	699017
85400000000	697603
85500000000	700890
85600000000	697215
85700000000	698711
85800000000	698903
85900000000	697152
86000000000	698434
86100000000	698419
86200000000	698479
86300000000	697560
86400000000	698226
86500000000	697987
86600000000	697996
86700000000	696559
86800000000	697523
86900000000	698392
87000000000	697113
87100000000	697380
87200000000	698045
87300000000	696196
87400000000	698654
87500000000	696896
87600000000	695888
87700000000	698804
87800000000	697102
87900000000	698031
88000000000	696637
88100000000	697447
88200000000	698401
88300000000	697850
88400000000	696417
88500000000	698601
88600000000	698147
88700000000	697333
88800000000	696743
88900000000	696964
89000000000	698281
89100000000	699104
89200000000	697229
89300000000	697946
89400000000	697651
89500000000	697203
89600000000	696884
89700000000	699021
89800000000	697762
89900000000	698161
90000000000	697781
90100000000	697227
90200000000	699036
90300000000	696247
90400000000	698223
90500000000	696957
90600000000	696118
90700000000	697379
90800000000	697087
90900000000	697254
91000000000	696005
91100000000	697096
91200000000	696737
91300000000	697257
91400000000	696243
91500000000	695678
91600000000	695415
91700000000	696326
91800000000	695453
91900000000	696205
92000000000	695953
92100000000	696386
92200000000	697240
92300000000	698389
92400000000	697276
92500000000	697273
92600000000	697633
92700000000	697313
92800000000	698332
92900000000	698090
93000000000	696739
93100000000	695647
93200000000	696838
93300000000	696510
93400000000	697745
93500000000	697517
93600000000	697379
93700000000	696203
93800000000	695274
93900000000	697018
94000000000	696638
94100000000	696155
94200000000	695980
94300000000	695299
94400000000	695119
94500000000	696231
94600000000	695537
94700000000	697763
94800000000	695788
94900000000	696111
95000000000	697114
95100000000	697643
95200000000	695460
95300000000	697168
95400000000	696031
95500000000	696855
95600000000	696687
95700000000	696221
95800000000	698422
95900000000	696695
96000000000	695638
96100000000	695346
96200000000	695300
96300000000	697208
96400000000	695200
96500000000	696488
96600000000	694343
96700000000	695731
96800000000	694773
96900000000	696093
97000000000	694504
97100000000	696407
97200000000	696953
97300000000	696891
97400000000	697667
97500000000	697339
97600000000	697458
97700000000	695854
97800000000	696105
97900000000	696082
98000000000	695790
98100000000	696461
98200000000	694478
98300000000	696569
98400000000	695544
98500000000	695517
98600000000	696637
98700000000	697682
98800000000	694983
98900000000	695984
99000000000	697244
99100000000	697559
99200000000	696107
99300000000	696713
99400000000	697445
99500000000	696132
99600000000	696716
99700000000	695789
99800000000	696882
99900000000	697088
