"Time (ps)"	"Counts per bin"
0	500098
100000000	501135
200000000	502162
300000000	504153
400000000	502210
500000000	503467
600000000	503260
700000000	503453
800000000	503475
900000000	504395
1000000000	503789
1100000000	503886
1200000000	503932
1300000000	504750
1400000000	503642
1500000000	503196
1600000000	504091
1700000000	504345
1800000000	504679
1900000000	503464
2000000000	504926
2100000000	503544
2200000000	505598
2300000000	503770
2400000000	505436
2500000000	504276
2600000000	503413
2700000000	504058
2800000000	504235
2900000000	504246
3000000000	504618
3100000000	504234
3200000000	503410
3300000000	504915
3400000000	506448
3500000000	504371
3600000000	504601
3700000000	504978
3800000000	504787
3900000000	503951
4000000000	504450
4100000000	504703
4200000000	505629
4300000000	503913
4400000000	504776
4500000000	504378
4600000000	504975
4700000000	504663
4800000000	505283
4900000000	504099
5000000000	504735
5100000000	505695
5200000000	505260
5300000000	504175
5400000000	506115
5500000000	504180
5600000000	506008
5700000000	505343
5800000000	503898
5900000000	505208
6000000000	503800
6100000000	504693
6200000000	504927
6300000000	506884
6400000000	503364
6500000000	506383
6600000000	504030
6700000000	503976
6800000000	505811
6900000000	502984
7000000000	504161
7100000000	504272
7200000000	504518
7300000000	503549
7400000000	504583
7500000000	504560
7600000000	504899
7700000000	504434
7800000000	503906
7900000000	504188
8000000000	504081
8100000000	504200
8200000000	505323
8300000000	504095
8400000000	504886
8500000000	503614
8600000000	505295
8700000000	505034
8800000000	503968
8900000000	504072
9000000000	503920
9100000000	504452
9200000000	504212
9300000000	505376
9400000000	505062
9500000000	505144
9600000000	505223
9700000000	504484
9800000000	503188
9900000000	505571
10000000000	504081
10100000000	505015
10200000000	505458
10300000000	504997
10400000000	505544
10500000000	503782
10600000000	505681
10700000000	505527
10800000000	505826
10900000000	505810
11000000000	504760
11100000000	505313
11200000000	505383
11300000000	504690
11400000000	506523
11500000000	505198
11600000000	503949
11700000000	505650
11800000000	505407
11900000000	504722
12000000000	505339
12100000000	504506
12200000000	505161
12300000000	506216
12400000000	505101
12500000000	504934
12600000000	505205
12700000000	504526
12800000000	504840
12900000000	504015
13000000000	505386
13100000000	504553
13200000000	504639
13300000000	505621
13400000000	504867
13500000000	505692
13600000000	505991
13700000000	504606
13800000000	506003
13900000000	505424
14000000000	504035
14100000000	504713
14200000000	506026
14300000000	504565
14400000000	505267
14500000000	505128
14600000000	505843
14700000000	504136
14800000000	504094
14900000000	506001
15000000000	505006
15100000000	504892
15200000000	504304
15300000000	505790
15400000000	505266
15500000000	505149
15600000000	504334
15700000000	506373
15800000000	505845
15900000000	506024
16000000000	505470
16100000000	505299
16200000000	503418
16300000000	504157
16400000000	504536
16500000000	504445
16600000000	504768
16700000000	505767
16800000000	505401
16900000000	505806
17000000000	503733
17100000000	505193
17200000000	506257
17300000000	504953
17400000000	505745
17500000000	504559
17600000000	504728
17700000000	504930
17800000000	505773
17900000000	504508
18000000000	504443
18100000000	504412
18200000000	505785
18300000000	505618
18400000000	505346
18500000000	505292
18600000000	504715
18700000000	505307
18800000000	503928
18900000000	505977
19000000000	505228
19100000000	505392
19200000000	505443
19300000000	504884
19400000000	505288
19500000000	505241
19600000000	506042
19700000000	506572
19800000000	505561
19900000000	505332
20000000000	505223
20100000000	505290
20200000000	505643
20300000000	504422
20400000000	505722
20500000000	506146
20600000000	505379
20700000000	505437
20800000000	505748
20900000000	504795
21000000000	504834
21100000000	506461
21200000000	506473
21300000000	506289
21400000000	505280
21500000000	506121
21600000000	503827
21700000000	504239
21800000000	505906
21900000000	506020
22000000000	505531
22100000000	504701
22200000000	504642
22300000000	505236
22400000000	505089
22500000000	504622
22600000000	506303
22700000000	503701
22800000000	504391
22900000000	505537
23000000000	506197
23100000000	506131
23200000000	505788
23300000000	505289
23400000000	506043
23500000000	505362
23600000000	504036
23700000000	506577
23800000000	505070
23900000000	505567
24000000000	503820
24100000000	505908
24200000000	505675
24300000000	506095
24400000000	504610
24500000000	505480
24600000000	506187
24700000000	504767
24800000000	506190
24900000000	505444
25000000000	504425
25100000000	503564
25200000000	504039
25300000000	503786
25400000000	502171
25500000000	502446
25600000000	503428
25700000000	501514
25800000000	502383
25900000000	502277
26000000000	502732
26100000000	502438
26200000000	501886
26300000000	501765
26400000000	500683
26500000000	501833
26600000000	501305
26700000000	502282
26800000000	500931
26900000000	501359
27000000000	502272
27100000000	500427
27200000000	500416
27300000000	500961
27400000000	502355
27500000000	501446
27600000000	501235
27700000000	501189
27800000000	501265
27900000000	501155
28000000000	501656
28100000000	500818
28200000000	499279
28300000000	501166
28400000000	500617
28500000000	500390
28600000000	500240
28700000000	500481
28800000000	500915
28900000000	500901
29000000000	500698
29100000000	500451
29200000000	499513
29300000000	501718
29400000000	500869
29500000000	500795
29600000000	500649
29700000000	500197
29800000000	500771
29900000000	500799
30000000000	500659
30100000000	499909
30200000000	499274
30300000000	500318
30400000000	499172
30500000000	500252
30600000000	500455
30700000000	498747
30800000000	500629
30900000000	500768
31000000000	500624
31100000000	499178
31200000000	500072
31300000000	499979
31400000000	499661
31500000000	499945
31600000000	500230
31700000000	501186
31800000000	500009
31900000000	500536
32000000000	499256
32100000000	500534
32200000000	501033
32300000000	499096
32400000000	500510
32500000000	498585
32600000000	500389
32700000000	499648
32800000000	500259
32900000000	499455
33000000000	499390
33100000000	498355
33200000000	499400
33300000000	499202
33400000000	499898
33500000000	499736
33600000000	498836
33700000000	500450
33800000000	500124
33900000000	500723
34000000000	498526
34100000000	499495
34200000000	499580
34300000000	498981
34400000000	499524
34500000000	499688
34600000000	499572
34700000000	500145
34800000000	499091
34900000000	499752
35000000000	499193
35100000000	499600
35200000000	499165
35300000000	498865
35400000000	499353
35500000000	499262
35600000000	499558
35700000000	498902
35800000000	499103
35900000000	499078
36000000000	498501
36100000000	499480
36200000000	498986
36300000000	499390
36400000000	498769
36500000000	498667
36600000000	499130
36700000000	498027
36800000000	499668
36900000000	498712
37000000000	499055
37100000000	499308
37200000000	498767
37300000000	499697
37400000000	497799
37500000000	497683
37600000000	498477
37700000000	500076
37800000000	497659
37900000000	497875
38000000000	498540
38100000000	499130
38200000000	499110
38300000000	501234
38400000000	498199
38500000000	498932
38600000000	499754
38700000000	497884
38800000000	498756
38900000000	499000
39000000000	498931
39100000000	499002
39200000000	497493
39300000000	499431
39400000000	499831
39500000000	499281
39600000000	498234
39700000000	497437
39800000000	498233
39900000000	498033
40000000000	498721
40100000000	500087
40200000000	499512
40300000000	498008
40400000000	498767
40500000000	498265
40600000000	498842
40700000000	498385
40800000000	498434
40900000000	499733
41000000000	499006
41100000000	498877
41200000000	497811
41300000000	499819
41400000000	498419
41500000000	498755
41600000000	498651
41700000000	498089
41800000000	498755
41900000000	498071
42000000000	499343
42100000000	498726
42200000000	499537
42300000000	498334
42400000000	498211
42500000000	500153
42600000000	498824
42700000000	497856
42800000000	498843
42900000000	499422
43000000000	498462
43100000000	497572
43200000000	498250
43300000000	499592
43400000000	498272
43500000000	497940
43600000000	498834
43700000000	499352
43800000000	499060
43900000000	499037
44000000000	498615
44100000000	496822
44200000000	498994
44300000000	497221
44400000000	498392
44500000000	498681
44600000000	498917
44700000000	498867
44800000000	499216
44900000000	498171
45000000000	498288
45100000000	499594
45200000000	498976
45300000000	498395
45400000000	497610
45500000000	498867
45600000000	498094
45700000000	498971
45800000000	498005
45900000000	499515
46000000000	499674
46100000000	498273
46200000000	498540
46300000000	498563
46400000000	498634
46500000000	498553
46600000000	498402
46700000000	499274
46800000000	497570
46900000000	498944
47000000000	497441
47100000000	497727
47200000000	498996
47300000000	498241
47400000000	498141
47500000000	497926
47600000000	498937
47700000000	498390
47800000000	498210
47900000000	498528
48000000000	498139
48100000000	497842
48200000000	497745
48300000000	497627
48400000000	498730
48500000000	498887
48600000000	498803
48700000000	498811
48800000000	498229
48900000000	498240
49000000000	497784
49100000000	498853
49200000000	496339
49300000000	498133
49400000000	498374
49500000000	498523
49600000000	498072
49700000000	497893
49800000000	498151
49900000000	498336
50000000000	499625
50100000000	500760
50200000000	501907
50300000000	503652
50400000000	501987
50500000000	502977
50600000000	502927
50700000000	503329
50800000000	503055
50900000000	504203
51000000000	503239
51100000000	503711
51200000000	503269
51300000000	504541
51400000000	503266
51500000000	502879
51600000000	503715
51700000000	504081
51800000000	504262
51900000000	503161
52000000000	504689
52100000000	503077
52200000000	505281
52300000000	503494
52400000000	504951
52500000000	504012
52600000000	502956
52700000000	503836
52800000000	503927
52900000000	503828
53000000000	504345
53100000000	503751
53200000000	503204
53300000000	504503
53400000000	505956
53500000000	504148
53600000000	504253
53700000000	504670
53800000000	504375
53900000000	503592
54000000000	504197
54100000000	504406
54200000000	505124
54300000000	503683
54400000000	504462
54500000000	503778
54600000000	504732
54700000000	504294
54800000000	505012
54900000000	503831
55000000000	504120
55100000000	505486
55200000000	504745
55300000000	504060
55400000000	505566
55500000000	503861
55600000000	505685
55700000000	505169
55800000000	503481
55900000000	504623
56000000000	503695
56100000000	504440
56200000000	504460
56300000000	506535
56400000000	502927
56500000000	505914
56600000000	503790
56700000000	503767
56800000000	505382
56900000000	502642
57000000000	503692
57100000000	504041
57200000000	503961
57300000000	503234
57400000000	504301
57500000000	504510
57600000000	504241
57700000000	504094
57800000000	503757
57900000000	503704
58000000000	503790
58100000000	503790
58200000000	505033
58300000000	503650
58400000000	504581
58500000000	503247
58600000000	504945
58700000000	504911
58800000000	503515
58900000000	503750
59000000000	503587
59100000000	504157
59200000000	503764
59300000000	505009
59400000000	504626
59500000000	504711
59600000000	504902
59700000000	504178
59800000000	502946
59900000000	505279
60000000000	503826
60100000000	504603
60200000000	505017
60300000000	504662
60400000000	505294
60500000000	503366
60600000000	505458
60700000000	504862
60800000000	505510
60900000000	505603
61000000000	504503
61100000000	504943
61200000000	504849
61300000000	504621
61400000000	505944
61500000000	504959
61600000000	503481
61700000000	505349
61800000000	505190
61900000000	504373
62000000000	504930
62100000000	504311
62200000000	504757
62300000000	505716
62400000000	504976
62500000000	504260
62600000000	505243
62700000000	504247
62800000000	504452
62900000000	503394
63000000000	505180
63100000000	504341
63200000000	504073
63300000000	505604
63400000000	504176
63500000000	505499
63600000000	505548
63700000000	504143
63800000000	505733
63900000000	505348
64000000000	503462
64100000000	504355
64200000000	505894
64300000000	504190
64400000000	504937
64500000000	504798
64600000000	505502
64700000000	503718
64800000000	503749
64900000000	505636
65000000000	504728
65100000000	504437
65200000000	503789
65300000000	505638
65400000000	504893
65500000000	504754
65600000000	503962
65700000000	506293
65800000000	505437
65900000000	505615
66000000000	505160
66100000000	504967
66200000000	503084
66300000000	503857
66400000000	504175
66500000000	504172
66600000000	504264
66700000000	505631
66800000000	505049
66900000000	505204
67000000000	503733
67100000000	504810
67200000000	505547
67300000000	504638
67400000000	505536
67500000000	503996
67600000000	504607
67700000000	504528
67800000000	505310
67900000000	504354
68000000000	503791
68100000000	504084
68200000000	505662
68300000000	505316
68400000000	504857
68500000000	505023
68600000000	504364
68700000000	505012
68800000000	503488
68900000000	505694
69000000000	504960
69100000000	504838
69200000000	504970
69300000000	504674
69400000000	505020
69500000000	504918
69600000000	505597
69700000000	506246
69800000000	505192
69900000000	504992
70000000000	504950
70100000000	504947
70200000000	505272
70300000000	504198
70400000000	505313
70500000000	505718
70600000000	504977
70700000000	505305
70800000000	505261
70900000000	504676
71000000000	504236
71100000000	506058
71200000000	506364
71300000000	505958
71400000000	504900
71500000000	505538
71600000000	503677
71700000000	503785
71800000000	505627
71900000000	505669
72000000000	505134
72100000000	504528
72200000000	504330
72300000000	504776
72400000000	504928
72500000000	504187
72600000000	505811
72700000000	503385
72800000000	504123
72900000000	505090
73000000000	505748
73100000000	506081
73200000000	505243
73300000000	505022
73400000000	505673
73500000000	504925
73600000000	504000
73700000000	506098
73800000000	504778
73900000000	504963
74000000000	503665
74100000000	505749
74200000000	505160
74300000000	505601
74400000000	504464
74500000000	504911
74600000000	505897
74700000000	504524
74800000000	505689
74900000000	505221
75000000000	503873
75100000000	503304
75200000000	503847
75300000000	503369
75400000000	501942
75500000000	501891
75600000000	503193
75700000000	501098
75800000000	502075
75900000000	501869
76000000000	502572
76100000000	501999
76200000000	501462
76300000000	501552
76400000000	500424
76500000000	501419
76600000000	500916
76700000000	501976
76800000000	500594
76900000000	501012
77000000000	502041
77100000000	500026
77200000000	500259
77300000000	500420
77400000000	502067
77500000000	500945
77600000000	500804
77700000000	500942
77800000000	501128
77900000000	500630
78000000000	501415
78100000000	500368
78200000000	499220
78300000000	500594
78400000000	500216
78500000000	500106
78600000000	499953
78700000000	499887
78800000000	500897
78900000000	500508
79000000000	500227
79100000000	500044
79200000000	499341
79300000000	501396
79400000000	500610
79500000000	500372
79600000000	500440
79700000000	499837
79800000000	500432
79900000000	500444
80000000000	500276
80100000000	499511
80200000000	499112
80300000000	499790
80400000000	499175
80500000000	499836
80600000000	500037
80700000000	498553
80800000000	500134
80900000000	500392
81000000000	500148
81100000000	498802
81200000000	499975
81300000000	499709
81400000000	499193
81500000000	499554
81600000000	500004
81700000000	500921
81800000000	499612
81900000000	500197
82000000000	498940
82100000000	500123
82200000000	500715
82300000000	498644
82400000000	500289
82500000000	498044
82600000000	500169
82700000000	499257
82800000000	499925
82900000000	499129
83000000000	499109
83100000000	498016
83200000000	498976
83300000000	498855
83400000000	499673
83500000000	499321
83600000000	498645
83700000000	500070
83800000000	499695
83900000000	500417
84000000000	498362
84100000000	499051
84200000000	499312
84300000000	498324
84400000000	499277
84500000000	499517
84600000000	499333
84700000000	499631
84800000000	498662
84900000000	499276
85000000000	499243
85100000000	498935
85200000000	499023
85300000000	498422
85400000000	499031
85500000000	499141
85600000000	499054
85700000000	498625
85800000000	498600
85900000000	498983
86000000000	497934
86100000000	499282
86200000000	498664
86300000000	498895
86400000000	498643
86500000000	498334
86600000000	498435
86700000000	497955
86800000000	499145
86900000000	498617
87000000000	498717
87100000000	498853
87200000000	498547
87300000000	499093
87400000000	497760
87500000000	497280
87600000000	498129
87700000000	499495
87800000000	497625
87900000000	497331
88000000000	498488
88100000000	498479
88200000000	498771
88300000000	500988
88400000000	497606
88500000000	498622
88600000000	499666
88700000000	497497
88800000000	498333
88900000000	498614
89000000000	498564
89100000000	498953
89200000000	497168
89300000000	498872
89400000000	499614
89500000000	498947
89600000000	497857
89700000000	497130
89800000000	497840
89900000000	497675
90000000000	498468
90100000000	499636
90200000000	499343
90300000000	497645
90400000000	498588
90500000000	497777
90600000000	498445
90700000000	498003
90800000000	498095
90900000000	499528
91000000000	498467
91100000000	498652
91200000000	497574
91300000000	499457
91400000000	497909
91500000000	498702
91600000000	498020
91700000000	497838
91800000000	498450
91900000000	497463
92000000000	499246
92100000000	498227
92200000000	499174
92300000000	498157
92400000000	497849
92500000000	499655
92600000000	498681
92700000000	497450
92800000000	498435
92900000000	499011
93000000000	498257
93100000000	497060
93200000000	497935
93300000000	499365
93400000000	497700
93500000000	497865
93600000000	498284
93700000000	498862
93800000000	498988
93900000000	498572
94000000000	498315
94100000000	496391
94200000000	498974
94300000000	496773
94400000000	497894
94500000000	498326
94600000000	498672
94700000000	498372
94800000000	499012
94900000000	497958
95000000000	497786
95100000000	499289
95200000000	498584
95300000000	497858
95400000000	497277
95500000000	498573
95600000000	497931
95700000000	498716
95800000000	497536
95900000000	499309
96000000000	499200
96100000000	497874
96200000000	498119
96300000000	498462
96400000000	498107
96500000000	498133
96600000000	498299
96700000000	498825
96800000000	497270
96900000000	498518
97000000000	497141
97100000000	497466
97200000000	498463
97300000000	498160
97400000000	497941
97500000000	497227
97600000000	498854
97700000000	497833
97800000000	498117
97900000000	498016
98000000000	497861
98100000000	497492
98200000000	497492
98300000000	497355
98400000000	498215
98500000000	498520
98600000000	498576
98700000000	498309
98800000000	498152
98900000000	497672
99000000000	497689
99100000000	498438
99200000000	496138
99300000000	497529
99400000000	498168
99500000000	498403
99600000000	497623
99700000000	497541
99800000000	497826
99900000000	497907
