"Time (ps)"	"Counts per bin"
0	500558
100000000	502456
200000000	502510
300000000	502920
400000000	503611
500000000	504005
600000000	502634
700000000	504492
800000000	504206
900000000	504252
1000000000	503968
1100000000	502947
1200000000	504839
1300000000	504291
1400000000	504293
1500000000	503531
1600000000	505184
1700000000	503536
1800000000	504486
1900000000	504508
2000000000	503669
2100000000	504304
2200000000	505708
2300000000	504448
2400000000	504936
2500000000	503865
2600000000	504684
2700000000	503942
2800000000	504328
2900000000	504613
3000000000	505364
3100000000	504472
3200000000	504809
3300000000	505047
3400000000	504602
3500000000	503957
3600000000	504647
3700000000	504572
3800000000	504217
3900000000	504378
4000000000	504636
4100000000	503698
4200000000	504078
4300000000	505046
4400000000	505061
4500000000	505310
4600000000	504888
4700000000	504520
4800000000	503500
4900000000	504425
5000000000	505562
5100000000	506212
5200000000	504716
5300000000	505211
5400000000	504629
5500000000	505294
5600000000	504105
5700000000	504442
5800000000	504403
5900000000	505375
6000000000	504372
6100000000	505753
6200000000	503526
6300000000	505412
6400000000	504675
6500000000	503101
6600000000	505481
6700000000	505147
6800000000	503874
6900000000	505538
7000000000	505850
7100000000	504238
7200000000	503926
7300000000	504357
7400000000	504969
7500000000	505624
7600000000	504130
7700000000	504823
7800000000	504826
7900000000	505072
8000000000	503992
8100000000	504625
8200000000	505156
8300000000	504779
8400000000	505390
8500000000	505824
8600000000	505742
8700000000	504576
8800000000	504902
8900000000	504450
9000000000	504850
9100000000	503929
9200000000	504568
9300000000	505963
9400000000	505644
9500000000	504043
9600000000	505892
9700000000	505694
9800000000	504617
9900000000	505444
10000000000	504245
10100000000	504422
10200000000	505244
10300000000	505569
10400000000	504159
10500000000	504037
10600000000	505531
10700000000	505605
10800000000	505554
10900000000	504331
11000000000	504903
11100000000	505044
11200000000	505509
11300000000	504081
11400000000	504338
11500000000	503884
11600000000	505949
11700000000	503767
11800000000	503971
11900000000	504897
12000000000	505134
12100000000	505375
12200000000	504913
12300000000	505962
12400000000	504657
12500000000	503894
12600000000	506181
12700000000	505598
12800000000	504469
12900000000	505283
13000000000	505249
13100000000	506149
13200000000	504299
13300000000	504926
13400000000	503774
13500000000	505175
13600000000	505655
13700000000	505366
13800000000	506271
13900000000	506434
14000000000	504738
14100000000	505412
14200000000	505206
14300000000	505122
14400000000	505584
14500000000	505723
14600000000	505455
14700000000	505851
14800000000	505626
14900000000	504831
15000000000	506058
15100000000	505208
15200000000	505343
15300000000	505783
15400000000	505031
15500000000	506044
15600000000	505427
15700000000	505135
15800000000	505029
15900000000	505089
16000000000	505334
16100000000	506385
16200000000	505352
16300000000	505992
16400000000	505238
16500000000	505284
16600000000	505451
16700000000	504963
16800000000	505168
16900000000	504975
17000000000	504625
17100000000	505750
17200000000	506112
17300000000	505877
17400000000	505778
17500000000	503653
17600000000	505617
17700000000	505003
17800000000	505160
17900000000	504597
18000000000	505691
18100000000	505477
18200000000	505043
18300000000	505577
18400000000	505403
18500000000	505095
18600000000	505922
18700000000	505014
18800000000	505188
18900000000	506279
19000000000	506053
19100000000	505157
19200000000	507183
19300000000	505646
19400000000	505754
19500000000	505776
19600000000	505901
19700000000	505062
19800000000	505593
19900000000	504778
20000000000	504947
20100000000	504287
20200000000	504893
20300000000	505150
20400000000	505362
20500000000	505373
20600000000	505785
20700000000	505642
20800000000	505735
20900000000	504937
21000000000	504820
21100000000	505022
21200000000	505106
21300000000	504751
21400000000	505655
21500000000	504810
21600000000	504777
21700000000	505338
21800000000	505179
21900000000	505664
22000000000	504557
22100000000	506051
22200000000	503766
22300000000	505452
22400000000	505379
22500000000	504908
22600000000	504589
22700000000	504575
22800000000	505688
22900000000	503747
23000000000	504617
23100000000	506343
23200000000	506123
23300000000	504639
23400000000	504928
23500000000	505042
23600000000	504698
23700000000	505096
23800000000	505392
23900000000	504766
24000000000	505341
24100000000	505549
24200000000	503670
24300000000	505350
24400000000	505063
24500000000	504996
24600000000	505753
24700000000	505799
24800000000	505592
24900000000	506215
25000000000	505747
25100000000	503612
25200000000	501853
25300000000	501989
25400000000	502144
25500000000	502742
25600000000	503614
25700000000	503831
25800000000	502183
25900000000	502148
26000000000	502014
26100000000	502294
26200000000	502737
26300000000	502157
26400000000	502371
26500000000	502000
26600000000	500343
26700000000	503068
26800000000	500872
26900000000	501244
27000000000	501744
27100000000	501792
27200000000	502200
27300000000	501315
27400000000	501155
27500000000	500946
27600000000	501829
27700000000	500226
27800000000	501309
27900000000	500720
28000000000	500946
28100000000	500297
28200000000	500248
28300000000	500431
28400000000	500252
28500000000	501350
28600000000	499439
28700000000	501018
28800000000	500881
28900000000	500682
29000000000	500423
29100000000	500725
29200000000	500139
29300000000	501511
29400000000	502364
29500000000	500267
29600000000	500357
29700000000	499449
29800000000	500155
29900000000	499508
30000000000	500499
30100000000	500478
30200000000	501300
30300000000	500504
30400000000	500094
30500000000	500398
30600000000	499727
30700000000	499948
30800000000	500829
30900000000	501167
31000000000	499868
31100000000	499216
31200000000	500272
31300000000	501336
31400000000	499783
31500000000	500628
31600000000	500356
31700000000	499145
31800000000	498723
31900000000	498612
32000000000	500456
32100000000	499103
32200000000	499086
32300000000	498634
32400000000	500574
32500000000	498612
32600000000	500397
32700000000	499215
32800000000	499106
32900000000	499589
33000000000	499428
33100000000	498923
33200000000	500034
33300000000	500780
33400000000	500071
33500000000	499460
33600000000	499386
33700000000	499190
33800000000	498980
33900000000	499387
34000000000	498384
34100000000	498977
34200000000	500599
34300000000	499844
34400000000	499393
34500000000	499374
34600000000	499372
34700000000	499220
34800000000	500256
34900000000	498670
35000000000	500105
35100000000	499812
35200000000	499795
35300000000	500531
35400000000	498127
35500000000	499180
35600000000	499275
35700000000	499635
35800000000	499006
35900000000	499139
36000000000	498804
36100000000	499692
36200000000	498701
36300000000	500661
36400000000	499069
36500000000	499612
36600000000	499133
36700000000	498375
36800000000	499856
36900000000	498973
37000000000	498888
37100000000	499878
37200000000	498859
37300000000	498953
37400000000	498576
37500000000	498507
37600000000	499655
37700000000	499823
37800000000	498494
37900000000	498693
38000000000	499774
38100000000	497441
38200000000	500231
38300000000	498881
38400000000	498421
38500000000	497944
38600000000	499429
38700000000	499411
38800000000	498910
38900000000	498849
39000000000	499426
39100000000	498496
39200000000	500008
39300000000	500049
39400000000	500037
39500000000	498664
39600000000	498705
39700000000	499751
39800000000	498943
39900000000	498557
40000000000	498188
40100000000	499413
40200000000	497797
40300000000	498663
40400000000	499825
40500000000	498338
40600000000	498607
40700000000	498193
40800000000	499056
40900000000	498316
41000000000	499196
41100000000	499777
41200000000	499447
41300000000	499468
41400000000	498837
41500000000	498949
41600000000	498406
41700000000	499845
41800000000	499103
41900000000	498268
42000000000	498212
42100000000	498413
42200000000	499147
42300000000	499804
42400000000	497827
42500000000	497856
42600000000	498755
42700000000	498667
42800000000	499492
42900000000	498575
43000000000	498735
43100000000	499000
43200000000	498053
43300000000	497950
43400000000	498268
43500000000	498811
43600000000	498084
43700000000	498908
43800000000	499358
43900000000	497630
44000000000	498356
44100000000	499714
44200000000	498326
44300000000	499191
44400000000	498921
44500000000	498956
44600000000	499321
44700000000	498853
44800000000	498028
44900000000	499028
45000000000	497108
45100000000	498663
45200000000	498637
45300000000	499720
45400000000	498114
45500000000	497824
45600000000	499432
45700000000	498981
45800000000	498942
45900000000	499111
46000000000	498094
46100000000	497291
46200000000	498035
46300000000	498578
46400000000	499299
46500000000	499455
46600000000	498801
46700000000	499018
46800000000	498635
46900000000	497919
47000000000	498864
47100000000	498911
47200000000	498359
47300000000	498899
47400000000	498442
47500000000	497325
47600000000	498183
47700000000	498570
47800000000	497956
47900000000	498406
48000000000	498726
48100000000	498650
48200000000	497919
48300000000	498630
48400000000	499414
48500000000	498552
48600000000	498533
48700000000	499079
48800000000	497926
48900000000	497032
49000000000	498123
49100000000	498014
49200000000	497040
49300000000	498779
49400000000	499424
49500000000	498503
49600000000	497875
49700000000	498018
49800000000	498021
49900000000	497781
50000000000	499811
50100000000	501903
50200000000	502577
50300000000	502494
50400000000	503270
50500000000	503565
50600000000	502400
50700000000	504260
50800000000	503476
50900000000	504025
51000000000	503381
51100000000	502760
51200000000	504334
51300000000	504049
51400000000	504009
51500000000	503246
51600000000	504632
51700000000	503109
51800000000	504243
51900000000	504241
52000000000	503292
52100000000	503760
52200000000	505237
52300000000	504029
52400000000	504614
52500000000	503719
52600000000	504257
52700000000	503402
52800000000	503882
52900000000	504291
53000000000	505187
53100000000	503919
53200000000	504602
53300000000	504520
53400000000	504285
53500000000	503731
53600000000	504019
53700000000	504218
53800000000	504016
53900000000	503982
54000000000	504184
54100000000	503417
54200000000	503502
54300000000	504815
54400000000	504619
54500000000	504905
54600000000	504658
54700000000	504145
54800000000	503110
54900000000	503879
55000000000	505452
55100000000	505788
55200000000	504311
55300000000	504776
55400000000	504486
55500000000	504854
55600000000	503752
55700000000	503929
55800000000	504018
55900000000	504780
56000000000	504274
56100000000	505164
56200000000	503383
56300000000	504963
56400000000	504140
56500000000	503120
56600000000	504849
56700000000	504958
56800000000	503344
56900000000	505282
57000000000	505472
57100000000	503519
57200000000	503929
57300000000	504005
57400000000	504205
57500000000	505497
57600000000	503845
57700000000	504374
57800000000	504384
57900000000	504719
58000000000	503634
58100000000	504202
58200000000	504667
58300000000	504402
58400000000	505183
58500000000	505280
58600000000	505483
58700000000	504106
58800000000	504679
58900000000	504075
59000000000	504508
59100000000	503554
59200000000	504154
59300000000	505730
59400000000	505222
59500000000	503551
59600000000	505441
59700000000	505338
59800000000	504440
59900000000	505178
60000000000	503778
60100000000	503993
60200000000	504637
60300000000	505466
60400000000	503792
60500000000	503655
60600000000	505016
60700000000	505164
60800000000	505464
60900000000	503880
61000000000	504614
61100000000	504697
61200000000	505035
61300000000	503716
61400000000	504050
61500000000	503497
61600000000	505726
61700000000	503031
61800000000	503820
61900000000	504374
62000000000	504840
62100000000	505101
62200000000	504623
62300000000	505499
62400000000	504397
62500000000	503437
62600000000	505771
62700000000	505386
62800000000	503878
62900000000	504805
63000000000	505114
63100000000	505641
63200000000	503964
63300000000	504685
63400000000	503316
63500000000	504743
63600000000	505359
63700000000	505052
63800000000	505812
63900000000	506035
64000000000	504284
64100000000	505051
64200000000	504880
64300000000	504681
64400000000	505428
64500000000	505369
64600000000	504860
64700000000	505579
64800000000	505279
64900000000	504420
65000000000	505696
65100000000	504858
65200000000	505088
65300000000	505221
65400000000	504533
65500000000	505930
65600000000	505055
65700000000	504740
65800000000	504770
65900000000	504581
66000000000	505111
66100000000	505834
66200000000	504974
66300000000	505536
66400000000	505069
66500000000	504890
66600000000	505306
66700000000	504421
66800000000	504733
66900000000	504814
67000000000	503907
67100000000	505499
67200000000	505609
67300000000	505405
67400000000	505616
67500000000	503190
67600000000	505304
67700000000	504576
67800000000	505008
67900000000	504176
68000000000	505383
68100000000	505116
68200000000	504446
68300000000	505545
68400000000	504849
68500000000	504713
68600000000	505500
68700000000	504640
68800000000	505071
68900000000	505659
69000000000	505688
69100000000	504942
69200000000	506772
69300000000	505288
69400000000	505369
69500000000	505409
69600000000	505442
69700000000	504892
69800000000	505101
69900000000	504466
70000000000	504580
70100000000	503769
70200000000	504551
70300000000	504793
70400000000	505044
70500000000	504992
70600000000	505420
70700000000	505374
70800000000	505364
70900000000	504505
71000000000	504549
71100000000	504523
71200000000	504771
71300000000	504315
71400000000	505378
71500000000	504649
71600000000	504103
71700000000	505108
71800000000	504935
71900000000	505234
72000000000	504006
72100000000	505836
72200000000	503116
72300000000	505196
72400000000	505227
72500000000	504364
72600000000	504165
72700000000	504183
72800000000	505391
72900000000	503440
73000000000	504088
73100000000	505918
73200000000	505765
73300000000	504424
73400000000	504238
73500000000	504914
73600000000	504295
73700000000	504728
73800000000	505111
73900000000	504413
74000000000	504821
74100000000	504924
74200000000	503466
74300000000	504858
74400000000	504679
74500000000	504884
74600000000	505240
74700000000	505457
74800000000	505104
74900000000	506032
75000000000	505270
75100000000	503360
75200000000	501414
75300000000	501719
75400000000	501775
75500000000	502306
75600000000	503303
75700000000	503464
75800000000	501730
75900000000	501926
76000000000	501528
76100000000	502148
76200000000	502313
76300000000	501760
76400000000	502139
76500000000	501482
76600000000	499860
76700000000	502625
76800000000	500926
76900000000	500769
77000000000	501342
77100000000	501250
77200000000	501921
77300000000	501118
77400000000	500645
77500000000	500554
77600000000	501422
77700000000	499960
77800000000	500875
77900000000	500257
78000000000	500685
78100000000	500040
78200000000	499756
78300000000	500119
78400000000	499825
78500000000	500818
78600000000	499370
78700000000	500350
78800000000	500407
78900000000	500544
79000000000	500148
79100000000	500418
79200000000	499825
79300000000	501102
79400000000	502034
79500000000	499794
79600000000	499944
79700000000	499055
79800000000	499704
79900000000	499367
80000000000	500162
80100000000	500171
80200000000	500735
80300000000	500152
80400000000	499863
80500000000	499783
80600000000	499610
80700000000	499520
80800000000	500549
80900000000	500822
81000000000	499374
81100000000	498888
81200000000	499870
81300000000	500838
81400000000	499562
81500000000	500266
81600000000	499757
81700000000	499054
81800000000	498390
81900000000	498337
82000000000	499931
82100000000	498665
82200000000	498918
82300000000	498261
82400000000	499926
82500000000	498254
82600000000	500217
82700000000	498884
82800000000	498685
82900000000	499194
83000000000	499101
83100000000	498532
83200000000	499595
83300000000	500543
83400000000	499750
83500000000	499040
83600000000	499098
83700000000	498824
83800000000	498483
83900000000	499089
84000000000	498073
84100000000	498386
84200000000	500163
84300000000	499665
84400000000	498954
84500000000	499198
84600000000	498783
84700000000	498980
84800000000	499649
84900000000	498731
85000000000	499476
85100000000	499567
85200000000	499396
85300000000	500282
85400000000	497414
85500000000	498896
85600000000	499005
85700000000	499259
85800000000	498868
85900000000	498620
86000000000	498460
86100000000	499101
86200000000	498556
86300000000	500124
86400000000	498804
86500000000	499164
86600000000	498767
86700000000	498019
86800000000	499429
86900000000	498829
87000000000	498365
87100000000	499429
87200000000	498472
87300000000	498642
87400000000	498214
87500000000	498066
87600000000	499326
87700000000	499449
87800000000	498323
87900000000	498168
88000000000	499515
88100000000	497028
88200000000	499572
88300000000	498814
88400000000	497875
88500000000	497509
88600000000	499155
88700000000	499007
88800000000	498514
88900000000	498480
89000000000	499098
89100000000	498280
89200000000	499538
89300000000	499701
89400000000	499480
89500000000	498676
89600000000	498135
89700000000	499484
89800000000	498626
89900000000	498233
90000000000	497788
90100000000	498922
90200000000	497458
90300000000	498128
90400000000	499506
90500000000	498205
90600000000	498241
90700000000	497811
90800000000	498576
90900000000	497928
91000000000	498733
91100000000	499592
91200000000	499175
91300000000	498846
91400000000	498600
91500000000	498616
91600000000	498151
91700000000	499049
91800000000	499131
91900000000	497706
92000000000	497986
92100000000	498088
92200000000	498824
92300000000	499292
92400000000	497730
92500000000	497172
92600000000	498577
92700000000	498016
92800000000	499035
92900000000	498344
93000000000	498329
93100000000	498816
93200000000	497420
93300000000	497900
93400000000	497934
93500000000	498353
93600000000	497713
93700000000	498401
93800000000	499176
93900000000	497158
94000000000	497981
94100000000	499535
94200000000	497877
94300000000	498898
94400000000	498456
94500000000	498688
94600000000	498785
94700000000	498556
94800000000	497715
94900000000	498480
95000000000	497087
95100000000	498181
95200000000	498544
95300000000	498992
95400000000	497808
95500000000	497317
95600000000	499166
95700000000	498568
95800000000	498737
95900000000	498569
96000000000	497772
96100000000	496874
96200000000	497682
96300000000	498490
96400000000	498359
96500000000	499439
96600000000	498465
96700000000	498493
96800000000	498200
96900000000	497840
97000000000	498569
97100000000	498412
97200000000	497845
97300000000	498459
97400000000	498077
97500000000	496980
97600000000	498096
97700000000	498174
97800000000	497457
97900000000	497915
98000000000	498508
98100000000	498199
98200000000	497698
98300000000	498151
98400000000	499040
98500000000	498308
98600000000	498035
98700000000	498863
98800000000	497379
98900000000	496837
99000000000	497762
99100000000	497381
99200000000	496906
99300000000	498267
99400000000	498991
99500000000	498197
99600000000	497844
99700000000	497581
99800000000	497682
99900000000	497327
