"Time (ps)"	"Counts per bin"
0	112396
1000000	112066
2000000	112189
3000000	112355
4000000	112356
5000000	112423
6000000	112312
7000000	112484
8000000	111830
9000000	112079
10000000	111940
11000000	112530
12000000	111352
13000000	112530
14000000	112603
15000000	111971
16000000	112256
17000000	111824
18000000	111415
19000000	112065
20000000	112105
21000000	111532
22000000	111935
23000000	112395
24000000	111992
25000000	112188
26000000	112320
27000000	111909
28000000	111951
29000000	112456
30000000	111673
31000000	112213
32000000	111915
33000000	112191
34000000	111954
35000000	111361
36000000	111622
37000000	111506
38000000	111907
39000000	111475
40000000	112043
41000000	111949
42000000	111649
43000000	112376
44000000	112398
45000000	112131
46000000	111510
47000000	111860
48000000	111996
49000000	112356
50000000	111341
51000000	111845
52000000	111309
53000000	111429
54000000	111885
55000000	111303
56000000	111779
57000000	110789
58000000	111361
59000000	112236
60000000	111525
61000000	111814
62000000	111298
63000000	111302
64000000	110883
65000000	111305
66000000	111856
67000000	111051
68000000	111131
69000000	111867
70000000	111732
71000000	111436
72000000	111652
73000000	111111
74000000	111576
75000000	111511
76000000	111364
77000000	111659
78000000	111023
79000000	111365
80000000	111095
81000000	110906
82000000	111425
83000000	111106
84000000	110771
85000000	111623
86000000	110846
87000000	111212
88000000	110863
89000000	111082
90000000	111315
91000000	111265
92000000	111383
93000000	111779
94000000	111054
95000000	110958
96000000	111272
97000000	111630
98000000	111603
99000000	111365
100000000	111415
101000000	111274
102000000	111462
103000000	110960
104000000	110734
105000000	111108
106000000	111246
107000000	110712
108000000	111312
109000000	110838
110000000	110985
111000000	110727
112000000	111404
113000000	110900
114000000	111018
115000000	111096
116000000	111125
117000000	110846
118000000	111206
119000000	110608
120000000	111130
121000000	110787
122000000	111304
123000000	111373
124000000	111002
125000000	111279
126000000	110760
127000000	110404
128000000	111362
129000000	110753
130000000	111253
131000000	110993
132000000	110159
133000000	111293
134000000	110780
135000000	111314
136000000	110683
137000000	110894
138000000	111191
139000000	111344
140000000	110795
141000000	111027
142000000	110470
143000000	110399
144000000	110579
145000000	110325
146000000	110971
147000000	110234
148000000	111355
149000000	110955
150000000	110137
151000000	110853
152000000	111542
153000000	110705
154000000	110308
155000000	110269
156000000	110615
157000000	111242
158000000	110188
159000000	111121
160000000	110804
161000000	110711
162000000	109959
163000000	110566
164000000	110396
165000000	110498
166000000	110567
167000000	110764
168000000	110730
169000000	110914
170000000	110385
171000000	110256
172000000	111064
173000000	110383
174000000	110928
175000000	110478
176000000	110684
177000000	110711
178000000	109907
179000000	110090
180000000	110134
181000000	111343
182000000	110620
183000000	110903
184000000	110599
185000000	110395
186000000	109717
187000000	110036
188000000	110394
189000000	110562
190000000	110525
191000000	110537
192000000	111154
193000000	110437
194000000	110155
195000000	110208
196000000	110762
197000000	110322
198000000	110285
199000000	110782
200000000	110259
201000000	110601
202000000	110560
203000000	110159
204000000	110638
205000000	110985
206000000	110204
207000000	110643
208000000	110459
209000000	110408
210000000	110914
211000000	109988
212000000	110072
213000000	110247
214000000	110403
215000000	110447
216000000	110632
217000000	110497
218000000	110291
219000000	109978
220000000	110241
221000000	110080
222000000	110131
223000000	109936
224000000	110342
225000000	109816
226000000	110389
227000000	110265
228000000	110657
229000000	109994
230000000	110293
231000000	110026
232000000	110663
233000000	110576
234000000	110121
235000000	110552
236000000	110865
237000000	110046
238000000	110051
239000000	110257
240000000	110445
241000000	110487
242000000	110607
243000000	110139
244000000	109836
245000000	109937
246000000	109983
247000000	110413
248000000	110411
249000000	110173
250000000	109987
251000000	109381
252000000	111080
253000000	110491
254000000	110394
255000000	110325
256000000	109874
257000000	110302
258000000	110049
259000000	109754
260000000	110014
261000000	110523
262000000	110533
263000000	110249
264000000	110005
265000000	109675
266000000	110213
267000000	109565
268000000	110034
269000000	110436
270000000	110499
271000000	109788
272000000	110460
273000000	109628
274000000	110422
275000000	110334
276000000	109985
277000000	109794
278000000	110412
279000000	110174
280000000	110279
281000000	109536
282000000	110760
283000000	110682
284000000	110170
285000000	109733
286000000	110367
287000000	110032
288000000	110673
289000000	110222
290000000	110033
291000000	110084
292000000	109642
293000000	109944
294000000	109974
295000000	110200
296000000	109535
297000000	109945
298000000	109669
299000000	110059
300000000	109885
301000000	109394
302000000	110166
303000000	109910
304000000	110001
305000000	109796
306000000	109816
307000000	110467
308000000	110342
309000000	110158
310000000	110192
311000000	110325
312000000	110150
313000000	110199
314000000	109431
315000000	109244
316000000	109872
317000000	109220
318000000	110029
319000000	109842
320000000	109895
321000000	110410
322000000	109796
323000000	109711
324000000	109692
325000000	109644
326000000	109867
327000000	110308
328000000	109765
329000000	109693
330000000	109630
331000000	110136
332000000	110011
333000000	109937
334000000	109917
335000000	109893
336000000	109496
337000000	110296
338000000	109871
339000000	109514
340000000	109961
341000000	110298
342000000	110034
343000000	109520
344000000	110111
345000000	109999
346000000	109641
347000000	110015
348000000	109477
349000000	109925
350000000	109940
351000000	108947
352000000	109931
353000000	109876
354000000	109903
355000000	109708
356000000	109315
357000000	110583
358000000	109482
359000000	109415
360000000	110379
361000000	110023
362000000	109177
363000000	109841
364000000	110306
365000000	109973
366000000	109624
367000000	110379
368000000	109880
369000000	109856
370000000	109727
371000000	110215
372000000	109967
373000000	109006
374000000	109368
375000000	110408
376000000	110077
377000000	110283
378000000	109815
379000000	108979
380000000	109654
381000000	109799
382000000	109697
383000000	110144
384000000	109983
385000000	109079
386000000	109715
387000000	109465
388000000	109131
389000000	109626
390000000	109240
391000000	109463
392000000	109404
393000000	109561
394000000	109766
395000000	109451
396000000	109094
397000000	109792
398000000	110275
399000000	109733
400000000	109539
401000000	109746
402000000	109870
403000000	109925
404000000	110295
405000000	109974
406000000	109365
407000000	109347
408000000	109576
409000000	109819
410000000	109738
411000000	109375
412000000	109947
413000000	109009
414000000	110054
415000000	109999
416000000	109836
417000000	109588
418000000	109266
419000000	109468
420000000	109821
421000000	109383
422000000	109626
423000000	109255
424000000	110185
425000000	109252
426000000	109523
427000000	109407
428000000	109443
429000000	109370
430000000	109386
431000000	109169
432000000	109762
433000000	109557
434000000	109037
435000000	109404
436000000	109452
437000000	109811
438000000	109534
439000000	109466
440000000	110267
441000000	109899
442000000	109577
443000000	109828
444000000	109686
445000000	109631
446000000	109971
447000000	109692
448000000	109885
449000000	109076
450000000	109056
451000000	109434
452000000	109466
453000000	109314
454000000	109888
455000000	109729
456000000	109520
457000000	109379
458000000	109779
459000000	110119
460000000	109708
461000000	109528
462000000	109911
463000000	109345
464000000	109963
465000000	109469
466000000	109835
467000000	108989
468000000	110125
469000000	109448
470000000	109669
471000000	109822
472000000	109595
473000000	109310
474000000	109539
475000000	110169
476000000	110173
477000000	109738
478000000	109877
479000000	108629
480000000	109345
481000000	110090
482000000	109849
483000000	109567
484000000	109849
485000000	108964
486000000	109464
487000000	109243
488000000	110233
489000000	109588
490000000	109940
491000000	108818
492000000	108862
493000000	109763
494000000	109354
495000000	109599
496000000	109062
497000000	109230
498000000	109469
499000000	109775
500000000	109670
501000000	109065
502000000	109417
503000000	109435
504000000	108865
505000000	109778
506000000	109236
507000000	109622
508000000	110018
509000000	109487
510000000	109671
511000000	109318
512000000	109535
513000000	109539
514000000	109209
515000000	109368
516000000	109374
517000000	109522
518000000	109570
519000000	109673
520000000	109418
521000000	109227
522000000	109619
523000000	109445
524000000	109429
525000000	109632
526000000	109046
527000000	109249
528000000	109188
529000000	109485
530000000	109548
531000000	108982
532000000	109134
533000000	109569
534000000	109397
535000000	109833
536000000	109058
537000000	109688
538000000	109278
539000000	109417
540000000	109452
541000000	110035
542000000	109213
543000000	108916
544000000	109722
545000000	109414
546000000	109251
547000000	109589
548000000	109716
549000000	109588
550000000	109225
551000000	109352
552000000	109311
553000000	109796
554000000	109405
555000000	109741
556000000	109505
557000000	109470
558000000	109038
559000000	109784
560000000	109430
561000000	109711
562000000	109369
563000000	109217
564000000	109359
565000000	109253
566000000	109279
567000000	109885
568000000	109327
569000000	108669
570000000	109436
571000000	109036
572000000	109031
573000000	109002
574000000	109877
575000000	109746
576000000	109436
577000000	109021
578000000	109573
579000000	109845
580000000	109299
581000000	109163
582000000	109262
583000000	109467
584000000	109315
585000000	109295
586000000	109602
587000000	109316
588000000	109065
589000000	108892
590000000	109276
591000000	110189
592000000	109256
593000000	109632
594000000	109448
595000000	109199
596000000	108921
597000000	109146
598000000	108981
599000000	109297
600000000	109451
601000000	109103
602000000	109542
603000000	109131
604000000	109359
605000000	109326
606000000	109398
607000000	108715
608000000	110065
609000000	109567
610000000	109057
611000000	109697
612000000	109174
613000000	109073
614000000	109477
615000000	109130
616000000	109489
617000000	109231
618000000	109109
619000000	109408
620000000	108917
621000000	109066
622000000	109894
623000000	109411
624000000	109584
625000000	108893
626000000	109484
627000000	108962
628000000	109157
629000000	108663
630000000	109251
631000000	108938
632000000	109942
633000000	108753
634000000	108725
635000000	109547
636000000	109607
637000000	110084
638000000	109437
639000000	109200
640000000	108760
641000000	109505
642000000	109974
643000000	109406
644000000	108733
645000000	109242
646000000	108809
647000000	108967
648000000	109288
649000000	109951
650000000	108868
651000000	109198
652000000	109878
653000000	108826
654000000	109024
655000000	109027
656000000	108753
657000000	109080
658000000	109040
659000000	108868
660000000	109426
661000000	109017
662000000	109017
663000000	109408
664000000	109643
665000000	109499
666000000	108832
667000000	109358
668000000	109242
669000000	109095
670000000	109577
671000000	108902
672000000	109160
673000000	109648
674000000	109749
675000000	109522
676000000	109294
677000000	108884
678000000	109635
679000000	109592
680000000	108896
681000000	109267
682000000	109624
683000000	108855
684000000	109925
685000000	109428
686000000	109254
687000000	109229
688000000	108570
689000000	108879
690000000	109351
691000000	109011
692000000	109018
693000000	109707
694000000	108809
695000000	108707
696000000	109541
697000000	109064
698000000	108493
699000000	109222
700000000	109122
701000000	109188
702000000	108525
703000000	108828
704000000	109179
705000000	109439
706000000	109239
707000000	109216
708000000	109204
709000000	108822
710000000	109589
711000000	109115
712000000	109096
713000000	108928
714000000	109806
715000000	108930
716000000	109401
717000000	108212
718000000	108618
719000000	109514
720000000	109164
721000000	109101
722000000	108741
723000000	109504
724000000	109343
725000000	109310
726000000	109471
727000000	108647
728000000	108707
729000000	109708
730000000	108976
731000000	108130
732000000	109103
733000000	109390
734000000	109261
735000000	108961
736000000	109280
737000000	109599
738000000	109335
739000000	109151
740000000	108917
741000000	109830
742000000	108263
743000000	109149
744000000	109046
745000000	109665
746000000	109385
747000000	108706
748000000	109245
749000000	108766
750000000	109356
751000000	108938
752000000	108859
753000000	108959
754000000	108786
755000000	109671
756000000	109003
757000000	109785
758000000	108736
759000000	109205
760000000	109578
761000000	109201
762000000	108542
763000000	109747
764000000	109141
765000000	109027
766000000	108787
767000000	108711
768000000	109094
769000000	109531
770000000	109318
771000000	108969
772000000	108628
773000000	109314
774000000	109470
775000000	109213
776000000	109226
777000000	109112
778000000	108513
779000000	108992
780000000	109323
781000000	108873
782000000	109453
783000000	109379
784000000	109626
785000000	109032
786000000	109765
787000000	108773
788000000	109339
789000000	109424
790000000	109032
791000000	109047
792000000	108803
793000000	110103
794000000	109265
795000000	108486
796000000	108762
797000000	109473
798000000	108694
799000000	109034
800000000	108833
801000000	108656
802000000	108606
803000000	109301
804000000	108835
805000000	109093
806000000	109159
807000000	108981
808000000	108529
809000000	108870
810000000	108921
811000000	109316
812000000	109184
813000000	109371
814000000	109645
815000000	109386
816000000	108657
817000000	108942
818000000	108701
819000000	109599
820000000	109168
821000000	108492
822000000	109193
823000000	109319
824000000	108945
825000000	108853
826000000	109002
827000000	108821
828000000	108745
829000000	109171
830000000	109223
831000000	109004
832000000	109279
833000000	109009
834000000	108274
835000000	108588
836000000	109248
837000000	108730
838000000	109388
839000000	109299
840000000	108995
841000000	108933
842000000	109319
843000000	108668
844000000	108525
845000000	109352
846000000	108799
847000000	109068
848000000	110048
849000000	109130
850000000	108540
851000000	109584
852000000	109233
853000000	109442
854000000	108292
855000000	108428
856000000	109372
857000000	109547
858000000	108240
859000000	109515
860000000	108973
861000000	108820
862000000	109267
863000000	108577
864000000	109825
865000000	108793
866000000	109174
867000000	109229
868000000	108072
869000000	108540
870000000	109274
871000000	109702
872000000	109191
873000000	109128
874000000	109160
875000000	109453
876000000	109018
877000000	108870
878000000	109170
879000000	108721
880000000	109229
881000000	109352
882000000	108878
883000000	108849
884000000	108243
885000000	108793
886000000	109362
887000000	108661
888000000	109471
889000000	109308
890000000	109421
891000000	109200
892000000	108724
893000000	108625
894000000	108991
895000000	108270
896000000	108925
897000000	108627
898000000	109568
899000000	109298
900000000	109012
901000000	108961
902000000	108910
903000000	109479
904000000	108860
905000000	108839
906000000	108606
907000000	108948
908000000	109138
909000000	108488
910000000	109239
911000000	109080
912000000	109292
913000000	108983
914000000	109560
915000000	109134
916000000	108571
917000000	108570
918000000	109697
919000000	108236
920000000	108873
921000000	108850
922000000	108595
923000000	109443
924000000	108752
925000000	109240
926000000	109388
927000000	109000
928000000	108553
929000000	109062
930000000	108727
931000000	108896
932000000	109079
933000000	109063
934000000	109057
935000000	109485
936000000	108716
937000000	109477
938000000	108656
939000000	108942
940000000	109190
941000000	108896
942000000	109272
943000000	109237
944000000	109314
945000000	108874
946000000	109644
947000000	108976
948000000	109323
949000000	109505
950000000	108365
951000000	108872
952000000	109082
953000000	108970
954000000	108356
955000000	108929
956000000	108932
957000000	108714
958000000	109223
959000000	109169
960000000	108746
961000000	109326
962000000	108621
963000000	108552
964000000	108950
965000000	108228
966000000	109182
967000000	109080
968000000	108785
969000000	108889
970000000	108757
971000000	108952
972000000	108438
973000000	109330
974000000	108910
975000000	109044
976000000	109034
977000000	108583
978000000	109145
979000000	108472
980000000	108674
981000000	108986
982000000	108763
983000000	109195
984000000	108602
985000000	108513
986000000	109144
987000000	108844
988000000	109493
989000000	108869
990000000	108862
991000000	108681
992000000	108959
993000000	108504
994000000	108906
995000000	108871
996000000	108794
997000000	108579
998000000	108901
999000000	108590
