"Time (ps)"	"Counts per bin"
0	44
1000000	43
2000000	46
3000000	42
4000000	47
5000000	40
6000000	53
7000000	47
8000000	47
9000000	35
10000000	60
11000000	41
12000000	41
13000000	53
14000000	42
15000000	42
16000000	45
17000000	34
18000000	37
19000000	42
20000000	48
21000000	44
22000000	49
23000000	39
24000000	51
25000000	39
26000000	34
27000000	38
28000000	39
29000000	41
30000000	38
31000000	45
32000000	40
33000000	32
34000000	34
35000000	30
36000000	36
37000000	37
38000000	25
39000000	30
40000000	34
41000000	53
42000000	34
43000000	37
44000000	30
45000000	37
46000000	33
47000000	38
48000000	50
49000000	38
50000000	40
51000000	36
52000000	41
53000000	48
54000000	34
55000000	34
56000000	35
57000000	49
58000000	32
59000000	29
60000000	41
61000000	36
62000000	33
63000000	38
64000000	33
65000000	43
66000000	41
67000000	35
68000000	36
69000000	37
70000000	34
71000000	34
72000000	35
73000000	35
74000000	43
75000000	38
76000000	31
77000000	34
78000000	45
79000000	36
80000000	33
81000000	31
82000000	29
83000000	28
84000000	39
85000000	36
86000000	38
87000000	31
88000000	30
89000000	26
90000000	32
91000000	43
92000000	32
93000000	32
94000000	34
95000000	22
96000000	35
97000000	39
98000000	25
99000000	33
100000000	22
101000000	44
102000000	32
103000000	26
104000000	34
105000000	34
106000000	29
107000000	17
108000000	25
109000000	22
110000000	29
111000000	28
112000000	26
113000000	29
114000000	41
115000000	27
116000000	30
117000000	40
118000000	34
119000000	28
120000000	32
121000000	48
122000000	26
123000000	27
124000000	28
125000000	26
126000000	30
127000000	31
128000000	20
129000000	28
130000000	27
131000000	26
132000000	39
133000000	33
134000000	29
135000000	36
136000000	31
137000000	39
138000000	40
139000000	31
140000000	21
141000000	26
142000000	22
143000000	28
144000000	28
145000000	28
146000000	34
147000000	29
148000000	20
149000000	20
150000000	30
151000000	27
152000000	23
153000000	33
154000000	23
155000000	30
156000000	33
157000000	33
158000000	31
159000000	31
160000000	31
161000000	28
162000000	31
163000000	21
164000000	25
165000000	25
166000000	27
167000000	34
168000000	27
169000000	28
170000000	30
171000000	39
172000000	16
173000000	30
174000000	20
175000000	32
176000000	42
177000000	27
178000000	20
179000000	25
180000000	38
181000000	30
182000000	22
183000000	31
184000000	31
185000000	23
186000000	25
187000000	25
188000000	27
189000000	25
190000000	30
191000000	25
192000000	24
193000000	15
194000000	27
195000000	22
196000000	25
197000000	27
198000000	31
199000000	43
200000000	25
201000000	30
202000000	21
203000000	24
204000000	16
205000000	27
206000000	23
207000000	25
208000000	20
209000000	27
210000000	22
211000000	36
212000000	20
213000000	26
214000000	26
215000000	31
216000000	31
217000000	24
218000000	28
219000000	24
220000000	22
221000000	37
222000000	25
223000000	28
224000000	15
225000000	25
226000000	18
227000000	25
228000000	29
229000000	25
230000000	17
231000000	18
232000000	19
233000000	22
234000000	20
235000000	26
236000000	32
237000000	16
238000000	16
239000000	18
240000000	22
241000000	30
242000000	19
243000000	27
244000000	22
245000000	26
246000000	27
247000000	19
248000000	33
249000000	25
250000000	7
251000000	28
252000000	18
253000000	34
254000000	17
255000000	18
256000000	18
257000000	25
258000000	20
259000000	19
260000000	17
261000000	25
262000000	18
263000000	24
264000000	23
265000000	18
266000000	15
267000000	17
268000000	15
269000000	19
270000000	22
271000000	29
272000000	12
273000000	27
274000000	26
275000000	35
276000000	17
277000000	19
278000000	33
279000000	26
280000000	23
281000000	20
282000000	22
283000000	19
284000000	27
285000000	13
286000000	19
287000000	22
288000000	17
289000000	15
290000000	20
291000000	26
292000000	13
293000000	30
294000000	21
295000000	26
296000000	25
297000000	20
298000000	25
299000000	18
300000000	23
301000000	14
302000000	14
303000000	24
304000000	26
305000000	19
306000000	20
307000000	25
308000000	16
309000000	16
310000000	25
311000000	19
312000000	26
313000000	17
314000000	22
315000000	22
316000000	23
317000000	27
318000000	20
319000000	29
320000000	21
321000000	18
322000000	13
323000000	15
324000000	21
325000000	19
326000000	18
327000000	24
328000000	18
329000000	16
330000000	23
331000000	14
332000000	9
333000000	21
334000000	15
335000000	17
336000000	27
337000000	20
338000000	24
339000000	33
340000000	10
341000000	16
342000000	29
343000000	10
344000000	26
345000000	24
346000000	14
347000000	21
348000000	19
349000000	12
350000000	23
351000000	19
352000000	13
353000000	14
354000000	28
355000000	19
356000000	19
357000000	15
358000000	14
359000000	14
360000000	22
361000000	19
362000000	16
363000000	19
364000000	21
365000000	25
366000000	23
367000000	22
368000000	22
369000000	26
370000000	17
371000000	15
372000000	18
373000000	17
374000000	19
375000000	20
376000000	10
377000000	28
378000000	14
379000000	12
380000000	15
381000000	13
382000000	17
383000000	9
384000000	15
385000000	15
386000000	19
387000000	15
388000000	22
389000000	14
390000000	11
391000000	18
392000000	15
393000000	12
394000000	23
395000000	17
396000000	16
397000000	13
398000000	14
399000000	20
400000000	11
401000000	16
402000000	11
403000000	18
404000000	18
405000000	17
406000000	20
407000000	18
408000000	15
409000000	19
410000000	28
411000000	17
412000000	18
413000000	14
414000000	18
415000000	15
416000000	15
417000000	12
418000000	15
419000000	8
420000000	16
421000000	14
422000000	17
423000000	14
424000000	24
425000000	10
426000000	22
427000000	13
428000000	9
429000000	14
430000000	9
431000000	20
432000000	14
433000000	20
434000000	15
435000000	23
436000000	10
437000000	11
438000000	14
439000000	11
440000000	16
441000000	15
442000000	8
443000000	12
444000000	20
445000000	20
446000000	12
447000000	15
448000000	14
449000000	9
450000000	11
451000000	18
452000000	20
453000000	12
454000000	18
455000000	19
456000000	15
457000000	12
458000000	15
459000000	21
460000000	17
461000000	12
462000000	12
463000000	19
464000000	20
465000000	11
466000000	23
467000000	10
468000000	21
469000000	17
470000000	19
471000000	20
472000000	13
473000000	10
474000000	19
475000000	17
476000000	21
477000000	12
478000000	18
479000000	13
480000000	23
481000000	14
482000000	17
483000000	21
484000000	12
485000000	12
486000000	21
487000000	15
488000000	14
489000000	16
490000000	14
491000000	14
492000000	17
493000000	18
494000000	20
495000000	10
496000000	12
497000000	17
498000000	12
499000000	17
500000000	13
501000000	9
502000000	13
503000000	16
504000000	9
505000000	11
506000000	11
507000000	10
508000000	17
509000000	18
510000000	10
511000000	17
512000000	13
513000000	13
514000000	12
515000000	9
516000000	13
517000000	10
518000000	14
519000000	11
520000000	19
521000000	18
522000000	20
523000000	12
524000000	15
525000000	10
526000000	21
527000000	12
528000000	19
529000000	9
530000000	13
531000000	8
532000000	11
533000000	9
534000000	12
535000000	15
536000000	17
537000000	17
538000000	7
539000000	14
540000000	11
541000000	11
542000000	14
543000000	14
544000000	17
545000000	10
546000000	15
547000000	10
548000000	17
549000000	11
550000000	19
551000000	13
552000000	10
553000000	13
554000000	15
555000000	8
556000000	16
557000000	18
558000000	18
559000000	12
560000000	19
561000000	16
562000000	11
563000000	13
564000000	8
565000000	18
566000000	11
567000000	13
568000000	11
569000000	9
570000000	14
571000000	8
572000000	14
573000000	11
574000000	10
575000000	14
576000000	16
577000000	10
578000000	9
579000000	11
580000000	11
581000000	15
582000000	13
583000000	16
584000000	17
585000000	11
586000000	14
587000000	10
588000000	18
589000000	13
590000000	12
591000000	12
592000000	7
593000000	12
594000000	17
595000000	13
596000000	18
597000000	12
598000000	15
599000000	14
600000000	20
601000000	13
602000000	7
603000000	12
604000000	12
605000000	8
606000000	15
607000000	21
608000000	11
609000000	15
610000000	10
611000000	13
612000000	14
613000000	15
614000000	13
615000000	7
616000000	12
617000000	9
618000000	17
619000000	11
620000000	15
621000000	20
622000000	13
623000000	13
624000000	19
625000000	17
626000000	14
627000000	12
628000000	12
629000000	10
630000000	15
631000000	15
632000000	12
633000000	9
634000000	17
635000000	12
636000000	11
637000000	15
638000000	18
639000000	8
640000000	8
641000000	8
642000000	8
643000000	13
644000000	16
645000000	19
646000000	15
647000000	15
648000000	14
649000000	11
650000000	10
651000000	11
652000000	16
653000000	16
654000000	12
655000000	11
656000000	10
657000000	13
658000000	20
659000000	16
660000000	11
661000000	12
662000000	14
663000000	10
664000000	20
665000000	15
666000000	16
667000000	13
668000000	9
669000000	12
670000000	12
671000000	9
672000000	11
673000000	14
674000000	10
675000000	6
676000000	11
677000000	16
678000000	14
679000000	13
680000000	13
681000000	15
682000000	13
683000000	15
684000000	12
685000000	19
686000000	12
687000000	16
688000000	8
689000000	9
690000000	12
691000000	15
692000000	11
693000000	11
694000000	10
695000000	14
696000000	10
697000000	11
698000000	10
699000000	13
700000000	11
701000000	7
702000000	11
703000000	14
704000000	14
705000000	13
706000000	16
707000000	11
708000000	16
709000000	18
710000000	8
711000000	17
712000000	10
713000000	10
714000000	15
715000000	9
716000000	13
717000000	15
718000000	14
719000000	17
720000000	13
721000000	17
722000000	10
723000000	10
724000000	22
725000000	14
726000000	16
727000000	13
728000000	11
729000000	16
730000000	11
731000000	12
732000000	13
733000000	10
734000000	12
735000000	11
736000000	11
737000000	8
738000000	12
739000000	19
740000000	18
741000000	9
742000000	19
743000000	13
744000000	13
745000000	10
746000000	11
747000000	11
748000000	9
749000000	11
750000000	22
751000000	13
752000000	5
753000000	10
754000000	13
755000000	11
756000000	11
757000000	15
758000000	5
759000000	15
760000000	17
761000000	6
762000000	17
763000000	11
764000000	15
765000000	18
766000000	11
767000000	10
768000000	17
769000000	14
770000000	14
771000000	19
772000000	11
773000000	11
774000000	12
775000000	10
776000000	12
777000000	13
778000000	18
779000000	10
780000000	15
781000000	14
782000000	14
783000000	11
784000000	12
785000000	11
786000000	14
787000000	15
788000000	21
789000000	10
790000000	18
791000000	11
792000000	7
793000000	13
794000000	3
795000000	12
796000000	10
797000000	18
798000000	5
799000000	11
800000000	8
801000000	13
802000000	13
803000000	10
804000000	10
805000000	12
806000000	20
807000000	13
808000000	8
809000000	10
810000000	8
811000000	13
812000000	9
813000000	13
814000000	14
815000000	14
816000000	13
817000000	15
818000000	8
819000000	14
820000000	20
821000000	16
822000000	13
823000000	11
824000000	12
825000000	15
826000000	8
827000000	10
828000000	10
829000000	12
830000000	12
831000000	7
832000000	13
833000000	9
834000000	11
835000000	11
836000000	6
837000000	13
838000000	13
839000000	11
840000000	14
841000000	11
842000000	8
843000000	14
844000000	18
845000000	16
846000000	11
847000000	11
848000000	15
849000000	12
850000000	8
851000000	12
852000000	16
853000000	10
854000000	16
855000000	11
856000000	15
857000000	16
858000000	10
859000000	11
860000000	14
861000000	12
862000000	14
863000000	8
864000000	9
865000000	13
866000000	8
867000000	11
868000000	5
869000000	22
870000000	15
871000000	14
872000000	9
873000000	13
874000000	10
875000000	8
876000000	10
877000000	12
878000000	6
879000000	13
880000000	14
881000000	8
882000000	12
883000000	10
884000000	14
885000000	7
886000000	15
887000000	10
888000000	10
889000000	9
890000000	12
891000000	7
892000000	13
893000000	14
894000000	9
895000000	16
896000000	9
897000000	9
898000000	12
899000000	9
900000000	7
901000000	8
902000000	11
903000000	10
904000000	4
905000000	7
906000000	14
907000000	8
908000000	5
909000000	10
910000000	10
911000000	10
912000000	11
913000000	8
914000000	13
915000000	10
916000000	9
917000000	10
918000000	10
919000000	10
920000000	16
921000000	10
922000000	15
923000000	7
924000000	12
925000000	5
926000000	12
927000000	10
928000000	7
929000000	21
930000000	12
931000000	14
932000000	10
933000000	10
934000000	16
935000000	10
936000000	11
937000000	7
938000000	17
939000000	6
940000000	11
941000000	7
942000000	8
943000000	10
944000000	8
945000000	19
946000000	12
947000000	16
948000000	10
949000000	6
950000000	8
951000000	8
952000000	16
953000000	11
954000000	8
955000000	13
956000000	14
957000000	20
958000000	10
959000000	10
960000000	15
961000000	10
962000000	9
963000000	6
964000000	8
965000000	5
966000000	14
967000000	7
968000000	13
969000000	4
970000000	11
971000000	12
972000000	10
973000000	12
974000000	11
975000000	16
976000000	7
977000000	18
978000000	11
979000000	16
980000000	17
981000000	8
982000000	9
983000000	14
984000000	10
985000000	11
986000000	11
987000000	10
988000000	9
989000000	13
990000000	8
991000000	15
992000000	8
993000000	18
994000000	13
995000000	15
996000000	10
997000000	9
998000000	7
999000000	14
