200.113 -20.003
200.373 67.041
200.633 16.085
200.892 -9.871
201.152 5.174
201.412 10.218
201.672 21.262
201.932 -24.694
202.192 -35.649
202.452 -33.605
202.712 1.439
202.972 43.483
203.231 75.527
203.491 -4.428
203.751 -40.384
204.011 -46.340
204.271 -68.296
204.531 -91.252
204.791 -43.208
205.051 22.836
205.311 21.880
205.570 -34.076
205.830 -49.032
206.090 -34.988
206.350 0.056
206.610 15.100
206.870 37.144
207.130 7.187
207.390 -28.769
207.650 47.275
207.909 45.319
208.169 51.363
208.429 19.406
208.689 -39.550
208.949 0.494
209.209 -21.463
209.469 -43.419
209.729 -45.376
209.989 -70.332
210.248 -2.289
210.508 17.755
210.768 55.798
211.028 -10.159
211.288 -51.115
211.548 -16.072
211.808 -44.029
212.068 0.014
212.328 -0.942
212.587 -3.899
212.847 29.144
213.107 44.187
213.367 51.230
213.627 3.273
213.887 -18.684
214.147 -22.641
214.407 -9.599
214.667 0.444
214.926 -25.513
215.186 -37.470
215.446 7.572
215.706 33.615
215.966 11.657
216.226 40.700
216.486 -7.258
216.746 -17.215
217.006 -32.173
217.265 19.869
217.525 56.911
217.785 67.954
218.045 66.996
218.305 30.038
218.565 -25.920
218.825 -31.878
219.085 -66.836
219.345 -59.794
219.604 30.247
219.864 72.289
220.124 37.331
220.384 29.373
220.644 68.414
220.904 12.456
221.164 -3.503
221.424 27.539
221.684 -15.420
221.943 -16.379
222.203 0.663
222.463 14.704
222.723 3.745
222.983 3.786
223.243 38.827
223.503 11.868
223.763 -32.091
224.023 4.950
224.282 54.990
224.542 0.031
224.802 -74.928
225.062 -27.888
225.322 -5.847
225.582 1.193
225.842 -11.766
226.102 51.274
226.362 46.314
226.621 -14.646
226.881 46.395
227.141 25.435
227.401 32.475
227.661 -11.485
227.921 -33.446
228.181 31.594
228.441 17.634
228.701 11.674
228.960 -32.287
229.220 1.753
229.480 -8.208
229.740 -43.168
230.000 29.871
230.260 50.910
230.520 -1.050
230.780 -18.011
231.040 11.028
231.299 36.067
231.559 20.106
231.819 39.145
232.079 -18.817
232.339 -9.778
232.599 28.261
232.859 18.299
233.119 14.338
233.379 -2.624
233.638 -48.585
233.898 -30.547
234.158 -2.509
234.418 -28.471
234.678 -31.433
234.938 42.605
235.198 39.643
235.458 -29.319
235.718 -24.281
235.978 -48.243
236.237 -41.206
236.497 -51.168
236.757 33.870
237.017 12.907
237.277 -37.056
237.537 -35.018
237.797 -0.981
238.057 49.056
238.317 19.093
238.576 -14.870
238.836 -45.833
239.096 13.204
239.356 -5.759
239.616 -22.723
239.876 50.314
240.136 -8.649
240.396 -10.613
240.656 -20.577
240.915 -27.540
241.175 -13.504
241.435 12.532
241.695 28.568
241.955 -9.396
242.215 3.640
242.475 56.676
242.735 39.712
242.995 26.748
243.254 28.784
243.514 25.819
243.774 11.855
244.034 -17.110
244.294 2.926
244.554 1.961
244.814 -42.004
245.074 -13.969
245.334 -21.934
245.593 -12.899
245.853 13.136
246.113 34.171
246.373 -4.794
246.633 -13.759
246.893 0.275
247.153 30.310
247.413 63.344
247.673 31.379
247.932 -39.587
248.192 -16.553
248.452 -27.519
248.712 -62.485
248.972 -61.450
249.232 -15.417
249.492 -32.383
249.752 6.651
250.012 73.685
250.271 61.719
250.531 6.752
250.791 -39.214
251.051 18.819
251.311 -4.148
251.571 -21.114
251.831 -27.081
252.091 -14.048
252.351 26.985
252.610 32.018
252.870 -3.949
253.130 8.084
253.390 42.117
253.650 32.149
253.911 37.182
254.172 57.214
254.433 87.247
254.694 71.279
254.955 43.311
255.216 84.344
255.477 11.376
255.738 -0.592
255.999 8.440
256.261 -24.528
256.522 -17.496
256.783 20.536
257.044 59.567
257.305 63.599
257.566 56.630
257.827 12.662
258.088 16.693
258.349 -20.275
258.610 -29.244
258.871 10.787
259.132 42.818
259.393 73.849
259.654 75.880
259.915 48.911
260.176 2.942
260.437 -27.027
260.698 -10.996
260.959 2.034
261.221 32.065
261.482 30.095
261.743 -10.874
262.004 53.156
262.265 48.186
262.526 27.216
262.787 -22.754
263.048 -46.724
263.309 -47.694
263.570 -1.664
263.831 -13.634
264.092 -25.604
264.353 30.425
264.614 62.455
264.875 -12.515
265.136 17.514
265.397 59.543
265.658 47.573
265.919 0.602
266.181 -24.369
266.442 -7.340
266.703 51.689
266.964 58.718
267.225 -25.253
267.486 -25.224
267.747 -20.195
268.008 -23.167
268.269 6.862
268.530 -21.110
268.791 -10.081
269.052 19.947
269.313 -0.024
269.574 -9.996
269.835 8.032
270.096 -0.940
270.357 -4.912
270.618 -12.884
270.879 5.144
271.141 -10.828
271.402 -44.800
271.663 -15.773
271.924 1.255
272.185 37.283
272.446 26.310
272.707 -10.663
272.968 6.365
273.229 -10.608
273.490 -40.581
273.751 -9.554
274.012 -22.526
274.273 19.501
274.534 -31.472
274.795 -6.446
275.056 21.581
275.317 -9.392
275.578 2.635
275.839 16.661
276.101 28.688
276.362 25.714
276.623 19.741
276.884 25.767
277.145 -28.207
277.406 28.819
277.667 34.846
277.928 15.872
278.189 16.898
278.450 1.924
278.711 9.950
278.972 -11.025
279.233 72.001
279.494 90.027
279.755 109.052
280.016 59.078
280.277 -21.897
280.538 -16.871
280.799 -27.846
281.061 -9.820
281.322 68.205
281.583 35.230
281.844 -5.745
282.105 9.280
282.366 -11.695
282.627 19.330
282.888 -5.645
283.149 -65.620
283.410 -10.596
283.671 33.429
283.932 49.454
284.193 71.478
284.454 53.503
284.715 49.527
284.976 38.551
285.237 -1.424
285.498 5.600
285.759 0.624
286.021 9.648
286.282 6.672
286.543 18.696
286.804 14.720
287.065 37.744
287.326 55.768
287.587 79.791
287.848 8.815
288.109 4.839
288.370 -33.138
288.631 19.886
288.892 -0.091
289.153 41.932
289.414 73.956
289.675 32.979
289.936 36.002
290.197 43.025
290.458 51.048
290.719 41.071
290.981 53.094
291.242 76.117
291.503 59.140
291.764 32.163
292.025 43.185
292.286 77.208
292.547 33.231
292.808 -11.747
293.069 -39.724
293.330 -51.702
293.591 -0.680
293.852 34.343
294.113 54.365
294.374 24.387
294.635 3.409
294.896 -2.569
295.157 -24.547
295.418 -15.525
295.679 -68.503
295.941 17.519
296.202 -5.459
296.463 -44.437
296.724 0.584
296.985 -3.394
297.246 -4.373
297.507 28.649
297.768 9.670
298.029 10.692
298.290 -7.287
298.551 -26.266
298.812 21.756
299.073 96.777
299.334 52.798
299.595 0.819
299.856 11.840
300.117 -2.139
300.378 -68.118
300.639 -65.097
300.901 -42.076
301.162 -29.056
301.423 52.965
301.684 23.986
301.945 -9.994
302.206 -24.973
302.467 -4.953
302.728 12.068
302.989 29.088
303.250 31.108
303.511 24.129
303.772 46.149
304.033 36.169
304.294 -2.811
304.555 37.209
304.816 18.229
305.077 -24.751
305.338 -8.731
305.599 22.289
305.861 44.309
306.122 43.328
306.383 82.348
306.644 81.368
306.905 4.387
307.166 10.407
307.427 42.426
307.688 7.446
307.949 16.465
308.210 2.484
308.471 -3.496
308.732 0.523
308.993 2.542
309.254 48.561
309.515 37.580
309.776 3.599
310.037 40.618
310.298 24.637
310.559 22.656
310.821 -2.325
311.082 22.694
311.343 24.713
311.604 35.731
311.865 35.750
312.126 25.768
312.387 25.787
312.648 21.806
312.909 6.824
313.170 -29.158
313.434 -61.139
313.698 0.879
313.963 51.897
314.227 58.916
314.491 12.934
314.755 -33.048
315.019 -65.030
315.284 -13.012
315.548 77.006
315.812 90.024
316.076 5.042
316.340 -35.940
316.604 18.077
316.869 40.095
317.133 8.113
317.397 -15.869
317.661 -0.852
317.925 13.166
318.190 8.183
318.454 29.201
318.718 9.218
318.982 57.236
319.246 -2.747
319.511 -6.730
319.775 24.287
320.039 -0.695
320.303 9.322
320.567 72.339
320.832 77.356
321.096 83.373
321.360 44.390
321.624 69.407
321.888 42.424
322.153 -1.559
322.417 7.458
322.681 32.474
322.945 -23.509
323.209 -32.492
323.473 -14.476
323.738 24.541
324.002 60.558
324.266 80.574
324.530 80.591
324.794 42.607
325.059 20.623
325.323 34.640
325.587 -2.344
325.851 24.672
326.115 48.688
326.380 22.705
326.644 26.721
326.908 43.737
327.172 -4.247
327.436 44.769
327.701 19.785
327.965 4.801
328.229 66.817
328.493 94.833
328.757 64.848
329.022 23.864
329.286 -14.120
329.550 11.896
329.814 11.911
330.078 45.927
330.342 71.942
330.607 77.958
330.871 31.973
331.135 11.989
331.399 0.004
331.663 40.020
331.928 44.035
332.192 -37.950
332.456 3.066
332.720 52.081
332.984 6.096
333.249 17.111
333.513 20.126
333.777 35.141
334.041 80.156
334.305 60.171
334.570 49.186
334.834 22.201
335.098 45.216
335.362 52.231
335.626 -32.754
335.891 -48.740
336.155 22.275
336.419 66.290
336.683 11.304
336.947 27.319
337.211 -12.666
337.476 18.348
337.740 53.363
338.004 26.377
338.268 59.392
338.532 34.406
338.797 37.420
339.061 34.435
339.325 1.449
339.589 2.463
339.853 -5.523
340.118 -12.509
340.382 13.506
340.646 30.520
340.910 35.534
341.174 1.548
341.439 65.562
341.703 87.576
341.967 2.590
342.231 -51.396
342.495 -2.383
342.759 13.631
343.024 -27.355
343.288 -33.341
343.552 -22.327
343.816 -28.314
344.080 20.700
344.345 56.713
344.609 12.727
344.873 33.741
345.137 18.754
345.401 -22.232
345.666 38.781
345.930 86.794
346.194 88.808
346.458 91.821
346.722 10.834
346.987 54.848
347.251 64.861
347.515 13.874
347.779 17.887
348.043 -9.100
348.308 -28.086
348.572 16.927
348.836 45.940
349.100 18.953
349.364 38.966
349.628 -25.021
349.893 -53.008
350.157 -4.996
350.421 -14.983
350.685 -19.970
350.949 7.043
351.214 56.056
351.478 71.068
351.742 67.081
352.006 76.094
352.270 36.106
352.535 -38.881
352.799 3.132
353.063 5.144
353.327 -6.843
353.591 43.169
353.856 27.181
354.120 -1.806
354.384 5.206
354.648 -13.781
354.912 -37.769
355.177 -4.757
355.441 22.255
355.705 67.268
355.969 52.280
356.233 -7.708
356.497 19.304
356.762 75.316
357.026 82.328
357.290 7.340
357.554 25.352
357.818 6.364
358.083 -26.624
358.347 -3.612
358.611 22.400
358.875 50.412
359.139 68.424
359.404 93.436
359.668 47.448
359.932 53.459
360.196 47.471
360.460 35.483
360.725 24.494
360.989 52.506
361.253 78.518
361.517 18.529
361.781 51.541
362.046 47.552
362.310 6.564
362.574 -33.425
362.838 -24.413
363.102 -7.402
363.366 -40.390
363.631 3.621
363.895 51.632
364.159 95.644
364.423 64.655
364.687 77.666
364.952 70.677
365.216 6.689
365.480 19.700
365.747 21.711
366.013 1.722
366.280 42.733
366.546 83.744
366.813 102.755
367.079 79.766
367.346 36.777
367.612 -27.212
367.879 -23.201
368.145 37.810
368.412 44.821
368.678 -20.168
368.945 39.842
369.211 75.853
369.478 28.864
369.744 42.875
370.011 -28.115
370.278 -28.104
370.544 -16.093
370.811 52.917
371.077 75.928
371.344 89.939
371.610 29.949
371.877 11.960
372.143 39.970
372.410 58.981
372.676 58.991
372.943 44.002
373.209 49.012
373.476 44.023
373.742 43.033
374.009 83.043
374.276 25.054
374.542 63.064
374.809 104.074
375.075 73.084
375.342 64.095
375.608 12.105
375.875 40.115
376.141 74.125
376.408 28.135
376.674 85.145
376.941 113.155
377.207 33.165
377.474 80.175
377.740 90.185
378.007 34.195
378.273 12.205
378.540 -5.785
378.807 0.225
379.073 94.235
379.340 128.245
379.606 125.255
379.873 98.265
380.139 78.274
380.406 60.284
380.672 100.294
380.939 40.304
381.205 42.313
381.472 11.323
381.738 67.333
382.005 175.342
382.271 180.352
382.538 58.361
382.804 44.371
383.071 89.380
383.338 48.390
383.604 -22.601
383.871 17.409
384.137 71.418
384.404 100.428
384.670 71.437
384.937 -4.553
385.203 23.456
385.470 48.465
385.736 61.475
386.003 64.484
386.269 -1.507
386.536 98.502
386.802 101.512
387.069 115.521
387.336 116.530
387.602 109.539
387.869 102.548
388.135 60.557
388.402 62.567
388.668 51.576
388.935 92.585
389.201 80.594
389.468 94.603
389.734 118.612
390.001 62.621
390.267 25.630
390.534 86.639
390.800 83.648
391.067 51.656
391.333 62.665
391.600 49.674
391.867 64.683
392.133 56.692
392.400 69.701
392.666 32.709
392.933 13.718
393.199 31.727
393.466 63.736
393.732 96.744
393.999 151.753
394.265 170.762
394.532 94.770
394.798 89.779
395.065 127.787
395.331 107.796
395.598 163.804
395.864 189.813
396.131 186.821
396.398 201.830
396.664 315.838
396.931 502.847
397.197 716.855
397.464 789.864
397.730 886.872
397.997 992.881
398.263 1030.889
398.530 1085.897
398.796 1151.906
399.063 1197.914
399.329 1315.922
399.596 1487.930
399.862 1469.939
400.129 1508.947
400.396 1632.955
400.662 1701.963
400.929 1745.971
401.195 1893.980
401.462 2212.988
401.728 2561.996
401.995 3017.004
402.261 3614.012
402.528 3843.020
402.794 4116.028
403.061 4540.036
403.327 4889.044
403.594 5255.052
403.860 5660.060
404.127 5958.068
404.393 6311.076
404.660 6935.084
404.931 7729.092
405.202 8506.100
405.473 9167.107
405.745 9692.115
406.016 10090.123
406.287 10566.131
406.558 10994.139
406.829 11375.146
407.100 11588.154
407.371 11818.162
407.642 12251.170
407.914 12582.177
408.185 13033.185
408.456 13351.193
408.727 13414.200
408.998 13504.208
409.269 13448.216
409.540 13489.223
409.811 13443.231
410.083 13331.238
410.354 13147.246
410.625 12877.253
410.896 12622.261
411.167 12275.268
411.438 11747.276
411.709 11117.283
411.981 10655.291
412.252 9977.298
412.523 9178.306
412.794 8509.313
413.065 7988.320
413.336 7495.328
413.607 7033.335
413.878 6486.342
414.150 6128.350
414.421 5663.357
414.692 5173.364
414.963 4703.372
415.234 4193.379
415.505 3779.386
415.776 3346.393
416.047 2863.400
416.319 2462.408
416.590 2103.415
416.861 1858.422
417.132 1564.429
417.403 1338.436
417.674 1146.443
417.945 899.450
418.217 716.458
418.488 612.465
418.759 579.472
419.030 545.479
419.301 411.486
419.572 303.493
419.843 313.500
420.114 288.507
420.386 245.514
420.657 211.521
420.928 155.527
421.199 160.534
421.470 128.541
421.741 138.548
422.012 123.555
422.283 133.562
422.555 196.569
422.826 129.575
423.097 95.582
423.368 64.589
423.639 31.596
423.910 40.603
424.181 51.609
424.453 24.616
424.724 36.623
424.995 35.629
425.266 48.636
425.537 60.643
425.808 48.650
426.079 53.656
426.350 66.663
426.622 89.669
426.893 4.676
427.164 -51.317
427.435 49.689
427.706 22.696
427.977 -41.298
428.248 -5.291
428.519 -1.285
428.791 3.722
429.062 31.728
429.333 -0.265
429.604 15.741
429.875 42.748
430.146 59.754
430.417 40.760
430.689 4.767
430.960 -43.227
431.231 -67.220
431.502 -31.214
431.773 19.792
432.044 -27.201
432.315 -48.195
432.586 -17.189
432.858 -25.182
433.129 1.824
433.400 -25.170
433.671 -0.164
433.942 32.843
434.213 -32.151
434.484 -32.145
434.755 -46.139
435.027 -26.133
435.298 8.874
435.569 4.880
435.840 -0.114
436.116 -34.108
436.391 25.898
436.667 -44.096
436.942 -53.090
437.218 6.917
437.493 -37.077
437.769 -65.071
438.045 22.935
438.320 -13.059
438.596 -26.053
438.871 -16.047
439.147 -42.041
439.422 -38.035
439.698 -32.029
439.974 9.977
440.249 26.983
440.525 -68.011
440.800 -29.006
441.076 -1.000
441.351 -26.994
441.627 -10.988
441.903 10.018
442.178 1.024
442.454 16.030
442.729 20.036
443.005 44.041
443.281 99.047
443.556 44.053
443.832 -27.941
444.107 17.064
444.383 12.070
444.658 -3.924
444.934 9.082
445.210 12.087
445.485 112.093
445.761 185.099
446.036 176.105
446.312 183.110
446.587 171.116
446.863 186.122
447.139 177.127
447.414 123.133
447.690 91.138
447.965 88.144
448.241 129.150
448.516 187.155
448.792 175.161
449.068 121.166
449.343 193.172
449.619 246.177
449.894 223.183
450.170 200.188
450.445 229.194
450.721 290.199
450.997 339.205
451.272 330.210
451.548 362.216
451.823 367.221
452.099 366.227
452.375 375.232
452.650 318.238
452.926 280.243
453.201 280.248
453.477 359.254
453.752 311.259
454.028 311.264
454.304 346.270
454.579 325.275
454.855 313.280
455.130 295.286
455.406 319.291
455.681 292.296
455.957 245.302
456.233 241.307
456.508 204.312
456.784 148.317
457.059 157.323
457.335 159.328
457.610 97.333
457.886 178.338
458.162 164.343
458.437 76.349
458.713 97.354
458.988 45.359
459.264 64.364
459.539 45.369
459.815 60.374
460.091 1.380
460.366 -37.615
460.642 -4.610
460.917 -26.605
461.193 -72.600
461.468 -39.595
461.744 18.410
462.020 45.415
462.295 -3.580
462.571 -4.575
462.846 40.430
463.122 -3.565
463.397 -19.560
463.673 -65.489
463.949 1.449
464.224 51.404
464.500 82.378
464.775 137.465
465.051 222.026
465.327 201.274
465.602 258.962
465.878 370.115
466.153 414.660
466.429 483.012
466.704 459.580
466.980 616.504
467.256 677.509
467.531 662.176
467.807 696.913
468.082 741.006
468.358 737.266
468.633 754.552
468.909 766.605
469.185 708.083
469.460 722.885
469.736 757.857
470.011 742.757
470.287 745.032
470.562 675.975
470.838 585.844
471.114 590.481
471.389 571.294
471.665 525.365
471.940 530.962
472.216 460.116
472.491 378.520
472.767 371.810
473.043 326.175
473.318 290.683
473.594 260.791
473.869 276.320
474.145 224.443
474.421 180.704
474.696 150.190
474.972 138.128
475.247 120.944
475.523 68.891
475.798 80.179
476.074 41.405
476.350 21.043
476.625 5.779
476.901 46.558
477.176 64.845
477.452 46.472
477.727 21.045
478.003 43.386
478.279 87.089
478.554 88.110
478.830 46.495
479.105 14.933
479.381 29.121
479.656 63.609
479.932 79.759
480.208 45.270
480.483 27.029
480.759 47.256
481.034 56.303
481.310 58.328
481.585 71.320
481.861 33.018
482.137 20.904
482.412 -16.336
482.688 -25.335
482.963 -15.275
483.239 16.809
483.514 18.817
483.790 -10.216
484.066 -43.169
484.341 40.711
484.617 65.600
484.892 -16.118
485.168 46.572
485.443 30.626
485.719 -16.090
485.995 -39.863
486.270 -38.828
486.546 1.807
486.821 33.463
487.097 37.350
487.373 30.413
487.648 76.618
487.924 55.897
488.199 22.448
488.475 47.992
488.750 44.961
489.026 19.494
489.302 1.834
489.577 36.150
489.853 125.247
490.128 61.588
490.404 29.242
490.679 70.342
490.955 80.052
491.231 22.383
491.506 -33.364
491.782 -13.805
492.057 28.287
492.333 37.098
492.608 41.994
492.884 73.309
493.160 125.172
493.435 28.363
493.711 17.582
493.986 36.178
494.262 29.355
494.537 -1.033
494.813 -9.863
495.089 47.106
495.364 45.145
495.640 72.654
495.915 115.880
496.191 96.427
496.467 29.531
496.742 -2.978
497.018 -5.941
497.293 53.293
497.569 110.662
497.844 117.815
498.120 72.275
498.396 78.374
498.671 137.046
498.947 209.542
499.222 184.904
499.498 209.967
499.773 317.434
500.049 341.999
500.325 403.222
500.600 510.032
500.876 624.661
501.151 592.818
501.427 600.446
501.702 681.455
501.978 790.001
502.254 880.217
502.529 874.305
502.805 882.238
503.080 920.430
503.356 959.708
503.631 950.580
503.907 950.484
504.183 889.759
504.458 925.188
504.734 922.234
505.009 908.082
505.285 841.191
505.560 865.622
505.836 887.757
506.112 842.214
506.387 787.562
506.663 698.802
506.938 647.238
507.214 659.376
507.490 615.279
507.765 509.717
508.041 544.030
508.316 508.716
508.592 429.145
508.867 360.306
509.143 301.656
509.419 281.559
509.694 255.923
509.970 185.716
510.245 227.390
510.521 204.166
510.796 80.090
511.072 117.056
511.348 99.877
511.623 98.884
511.899 62.807
512.174 124.317
512.450 132.134
512.725 152.971
513.001 118.135
513.277 134.853
513.552 146.448
513.828 154.052
514.103 122.377
514.379 139.266
514.654 262.027
514.930 309.649
515.206 383.932
515.481 517.399
515.757 576.134
516.032 613.734
516.308 697.500
516.583 801.213
516.859 833.736
517.135 1031.403
517.410 1151.850
517.686 1272.359
517.961 1457.979
518.237 1612.283
518.513 1917.974
518.788 2141.461
519.064 2379.608
519.339 2468.867
519.615 2561.082
519.890 2688.799
520.166 2786.405
520.442 2869.385
520.717 2991.621
520.993 3087.956
521.268 3127.335
521.544 3230.322
521.819 3289.441
522.095 3217.189
522.371 3316.697
522.646 3403.948
522.922 3442.837
523.197 3407.399
523.473 3368.735
523.748 3429.982
524.024 3385.966
524.300 3360.132
524.575 3349.609
524.851 3277.841
525.126 3350.237
525.402 3404.164
525.677 3342.923
525.953 3326.346
526.229 3369.370
526.504 3412.788
526.780 3376.068
527.055 3442.460
527.331 3438.635
527.606 3456.300
527.882 3534.335
528.158 3617.225
528.433 3613.615
528.709 3485.019
528.984 3359.302
529.260 3198.458
529.535 3061.863
529.811 2932.183
530.087 2814.635
530.362 2787.484
530.638 2645.247
530.913 2577.064
531.189 2466.620
531.465 2303.495
531.740 2212.970
532.016 2098.092
532.291 1993.647
532.567 1881.234
532.842 1782.400
533.118 1659.981
533.394 1588.780
533.669 1525.726
533.945 1464.445
534.220 1387.599
534.496 1357.795
534.771 1286.996
535.047 1294.109
535.323 1314.907
535.598 1384.846
535.874 1528.780
536.149 1766.836
536.425 2343.911
536.700 3224.540
536.976 4094.591
537.252 4982.812
537.527 5588.889
537.803 6162.566
538.078 6748.766
538.354 7337.756
538.629 8133.367
538.905 8838.094
539.181 9345.667
539.456 9877.229
539.732 10366.745
540.007 11010.381
540.283 11346.362
540.558 11478.304
540.834 11808.630
541.110 12055.968
541.385 12226.268
541.661 12400.528
541.936 12326.597
542.212 12477.244
542.488 12606.087
542.763 12605.099
543.039 12688.044
543.314 12718.801
543.590 12373.936
543.865 11992.609
544.141 11777.120
544.417 11496.090
544.692 11289.539
544.968 11005.530
545.243 10428.997
545.519 10089.944
545.794 9743.118
546.070 9463.797
546.348 9350.829
546.627 9262.013
546.905 9169.740
547.183 9037.330
547.461 9093.936
547.740 9363.055
548.018 9577.137
548.296 9788.086
548.575 10067.135
548.853 10266.741
549.131 10524.936
549.409 10770.450
549.688 10853.786
549.966 11037.321
550.244 10895.458
550.523 10930.253
550.801 10931.315
551.079 11012.493
551.357 11127.234
551.636 11048.059
551.914 11079.525
552.192 11218.581
552.471 11383.657
552.749 11676.499
553.027 11910.088
553.306 12066.522
553.584 12134.371
553.862 12362.139
554.140 12638.174
554.419 13123.079
554.697 13324.844
554.975 13287.347
555.254 13156.082
555.532 12873.705
555.810 12621.148
556.088 12304.459
556.367 11873.108
556.645 11547.359
556.923 11255.533
557.202 10960.826
557.480 10588.051
557.758 10139.375
558.036 9697.088
558.315 9274.638
558.593 8959.055
558.871 8580.548
559.150 8030.637
559.428 7519.027
559.706 7118.564
559.984 6593.356
560.263 6013.230
560.541 5594.535
560.819 5056.575
561.098 4381.468
561.376 3775.702
561.654 3311.281
561.932 2919.860
562.211 2495.425
562.489 2165.937
562.767 1987.277
563.046 1837.411
563.324 1666.745
563.602 1442.604
563.880 1270.396
564.159 1137.002
564.437 1002.644
564.715 936.431
564.994 906.683
565.272 848.144
565.550 758.167
565.828 669.646
566.107 636.408
566.385 587.681
566.663 518.022
566.942 483.939
567.220 480.099
567.498 432.487
567.776 410.374
568.055 434.414
568.333 445.955
568.611 425.622
568.890 395.760
569.168 307.723
569.446 253.916
569.725 236.527
570.003 228.800
570.281 199.043
570.559 205.816
570.838 221.506
571.116 227.537
571.394 236.260
571.673 195.755
571.951 166.821
572.229 160.027
572.507 94.102
572.786 82.522
573.064 104.027
573.342 108.898
573.621 141.308
573.899 113.993
574.177 34.028
574.455 47.749
574.734 84.002
575.012 65.413
575.290 19.446
575.569 64.566
575.847 123.513
576.125 64.634
576.403 40.142
576.682 116.880
576.960 111.201
577.243 43.180
577.527 60.959
577.810 58.991
578.093 15.659
578.377 9.764
578.660 54.232
578.944 58.187
579.227 77.117
579.510 45.481
579.794 90.171
580.077 55.396
580.360 4.858
580.644 45.580
580.927 12.825
581.210 20.779
581.494 29.787
581.777 66.576
582.061 48.716
582.344 72.695
582.627 27.832
582.911 7.894
583.194 61.797
583.477 84.753
583.761 36.851
584.044 -3.067
584.327 -0.071
584.611 4.927
584.894 7.926
585.178 22.913
585.461 32.906
585.744 -5.054
586.028 5.943
586.311 -10.055
586.594 -43.053
586.878 15.950
587.161 20.952
587.444 20.954
587.728 36.956
588.011 42.959
588.295 55.961
588.578 37.925
588.861 -11.024
589.145 12.967
589.428 5.976
589.711 49.972
589.995 33.940
590.278 7.968
590.562 27.979
590.845 42.938
591.128 56.869
591.412 12.959
591.695 -34.978
591.978 17.954
592.262 86.905
592.545 96.704
592.828 75.844
593.112 22.929
593.395 -7.976
593.679 5.979
593.962 13.949
594.245 15.927
594.529 -20.887
594.812 -27.822
595.095 29.864
595.379 -24.811
595.662 -35.768
595.945 -13.883
596.229 21.847
596.512 24.776
596.796 33.722
597.079 25.770
597.362 31.713
597.646 83.118
597.929 93.011
598.212 17.823
598.496 52.410
598.779 106.654
599.062 24.721
599.346 -71.032
599.629 -41.374
599.913 34.531
600.196 24.681
600.479 37.454
600.763 70.005
601.046 12.839
601.329 -0.926
601.613 -13.705
601.896 -47.135
602.179 -51.998
602.463 -61.819
602.746 20.697
603.030 86.515
603.313 50.122
603.596 31.478
603.880 14.782
604.163 -7.765
604.446 -35.179
604.730 33.383
605.013 9.869
605.296 -24.399
605.580 1.068
605.863 99.992
606.147 40.249
606.430 -23.412
606.713 -25.344
606.997 -37.120
607.280 -28.276
607.563 20.650
607.847 -31.177
608.130 16.756
608.414 54.902
608.697 43.163
608.980 80.425
609.264 115.800
609.547 43.211
609.830 1.097
610.114 22.647
610.397 -30.241
610.680 37.305
610.964 23.655
611.247 6.010
611.531 31.533
611.814 97.285
612.097 17.798
612.381 -33.198
612.664 2.100
612.947 26.636
613.231 51.171
613.514 55.153
613.797 23.721
614.081 72.838
614.364 99.363
614.648 104.276
614.931 87.579
615.214 87.581
615.498 90.619
615.781 67.088
616.064 120.239
616.348 72.997
616.631 20.854
616.914 29.693
617.198 76.030
617.481 73.076
617.765 36.661
618.048 38.673
618.331 41.637
618.615 37.727
618.898 65.397
619.181 106.901
619.465 107.008
619.748 66.456
620.031 0.187
620.315 -10.712
620.598 85.509
620.882 111.415
621.165 48.903
621.448 26.042
621.732 -9.751
622.015 56.918
622.298 90.931
622.582 78.050
622.865 3.205
623.148 -40.750
623.432 6.218
623.715 34.248
623.999 31.309
624.282 51.423
624.565 105.854
624.849 89.759
625.132 36.515
625.415 40.549
625.699 47.655
625.982 19.403
626.265 12.366
626.549 2.254
626.832 38.620
627.116 25.490
627.399 20.441
627.682 176.652
627.966 133.173
628.249 47.527
628.532 17.331
628.816 80.487
629.099 99.447
629.383 27.277
629.666 -20.728
629.949 14.196
630.233 99.657
630.516 101.344
630.799 79.385
631.083 40.690
631.366 7.147
631.649 55.160
631.933 85.470
632.216 57.822
632.500 44.079
632.783 27.447
633.066 55.496
633.350 77.559
633.633 51.425
633.916 81.036
634.200 55.877
634.483 38.583
634.766 72.858
635.050 145.985
635.333 186.761
635.617 169.314
635.900 197.431
636.183 152.594
636.467 122.205
636.750 181.410
637.033 181.412
637.317 216.649
637.600 203.289
637.883 282.912
638.167 311.729
638.450 287.739
638.734 302.722
639.017 250.289
639.300 269.017
639.584 281.863
639.867 336.121
640.150 339.864
640.434 360.446
640.717 401.232
641.000 389.084
641.284 406.843
641.567 414.709
641.851 429.809
642.134 484.871
642.417 478.812
642.701 506.389
642.984 498.441
643.267 552.747
643.551 657.617
643.834 673.230
644.117 725.972
644.401 751.959
644.684 847.555
644.968 950.557
645.251 978.748
645.534 1083.815
645.818 1224.529
646.101 1472.629
646.384 1660.424
646.668 1817.233
646.951 1965.591
647.235 2161.989
647.518 2336.803
647.801 2651.654
648.085 2853.860
648.368 3086.807
648.651 3462.749
648.935 3692.435
649.218 3941.966
649.501 4105.909
649.785 4335.566
650.068 4682.427
650.352 5020.183
650.635 5467.274
650.918 5848.039
651.202 6291.631
651.485 6806.629
651.768 7350.173
652.052 7895.504
652.335 8130.263
652.618 8411.460
652.902 8666.400
653.185 8753.260
653.469 8933.776
653.752 9075.889
654.035 9257.665
654.319 9452.720
654.602 9628.318
654.885 9685.322
655.169 9841.258
655.452 9929.530
655.735 10048.818
656.019 10381.968
656.302 10515.828
656.586 10718.254
656.869 10849.410
657.152 10914.240
657.436 11022.526
657.719 10997.399
658.002 10983.266
658.286 10906.483
658.569 10790.698
658.852 10711.673
659.136 10727.332
659.419 10857.283
659.703 10982.158
659.986 11067.439
660.269 11093.010
660.553 10927.266
660.836 10897.796
661.119 10906.944
661.403 10863.986
661.686 10922.112
661.969 10800.038
662.253 10774.836
662.536 10589.879
662.820 10547.101
663.103 10486.251
663.386 10279.356
663.670 9961.913
663.953 9697.822
664.236 9460.435
664.520 9213.223
664.803 8971.076
665.086 8674.549
665.370 8428.020
665.653 8227.413
665.937 8024.806
666.220 7588.702
666.503 7276.330
666.787 7080.591
667.070 6806.366
667.353 6424.254
667.637 6122.178
667.920 5979.177
668.204 5594.578
668.487 5300.581
668.770 5025.940
669.054 4778.487
669.337 4536.673
669.620 4244.116
669.904 4063.624
670.187 3929.134
670.470 3714.777
670.754 3413.758
671.037 3177.387
671.321 2962.703
671.604 2653.873
671.887 2522.507
672.171 2439.601
672.454 2196.822
672.737 2094.768
673.021 1966.661
673.304 1734.596
673.587 1566.219
673.871 1450.102
674.154 1373.204
674.438 1284.174
674.721 1142.346
675.004 1009.778
675.288 980.973
675.571 950.059
675.854 855.313
676.138 843.825
676.421 870.497
676.704 807.348
676.988 721.893
677.271 672.020
677.555 600.328
677.838 553.794
678.121 555.289
678.405 611.306
678.688 566.794
678.971 488.096
679.255 435.192
679.538 461.127
679.821 437.270
680.105 403.458
680.388 396.190
680.672 365.418
680.955 361.262
681.238 335.624
681.522 336.316
681.805 270.634
682.088 180.770
682.372 161.148
682.655 142.528
682.938 148.793
683.222 226.038
683.505 233.590
683.789 229.412
684.072 204.335
684.355 184.290
684.639 226.045
684.922 179.074
685.205 162.374
685.489 214.567
685.772 248.231
686.056 219.203
686.339 229.665
686.622 216.660
686.906 277.205
687.189 243.803
687.472 231.278
687.756 223.739
688.039 240.676
688.322 357.587
688.606 429.614
688.889 466.150
689.173 400.389
689.456 373.251
689.739 406.655
690.023 339.496
690.306 434.388
690.589 466.228
690.873 416.837
691.156 432.447
691.439 428.286
691.723 471.992
692.006 469.360
692.290 470.465
692.573 345.367
692.856 278.331
693.140 276.260
693.423 269.764
693.706 253.465
693.990 243.635
694.273 265.079
694.556 255.518
694.840 259.151
695.123 181.405
695.407 215.275
695.690 238.520
695.973 237.736
696.257 237.492
696.540 270.171
696.830 274.006
697.120 353.144
697.410 406.171
697.699 405.755
697.989 462.718
698.279 554.476
698.569 655.343
698.859 718.869
699.149 735.805
699.439 715.648
699.729 704.714
700.018 692.471
700.308 697.882
700.598 660.167
700.888 651.042
701.178 702.159
701.468 678.121
701.758 622.724
702.048 524.879
702.337 512.266
702.627 489.034
702.917 476.926
703.207 426.621
703.497 309.493
703.787 229.786
704.077 312.514
704.366 247.631
704.656 118.998
704.946 132.642
705.236 168.475
705.526 246.153
705.816 194.258
706.106 184.095
706.396 128.136
706.685 75.124
706.975 108.889
707.265 99.754
707.555 97.968
707.845 144.355
708.135 134.446
708.425 89.582
708.715 88.683
709.004 88.596
709.294 66.858
709.584 27.280
709.874 77.577
710.164 95.330
710.454 106.389
710.744 57.914
711.034 95.333
711.323 91.210
711.613 99.085
711.903 117.671
712.193 92.107
712.483 95.058
712.773 78.343
713.063 59.545
713.352 120.154
713.642 154.133
713.932 125.541
714.222 71.744
714.512 88.212
714.802 105.313
715.092 90.779
715.382 86.736
715.671 74.987
715.961 46.905
716.251 108.563
716.541 120.010
716.831 91.049
717.121 54.355
717.411 53.295
717.701 95.402
717.990 81.049
718.280 29.319
718.570 18.814
718.860 74.141
719.150 95.225
719.440 82.731
719.730 55.112
720.019 22.618
720.309 11.180
720.599 12.136
720.889 26.514
721.179 26.515
721.469 74.434
721.759 74.507
722.049 28.487
722.338 -15.616
722.628 -27.172
722.918 18.921
723.208 41.073
723.498 40.113
723.788 28.603
724.078 5.505
724.368 37.339
724.657 100.888
724.947 37.341
725.237 6.491
725.527 10.353
725.817 31.559
726.107 52.928
726.397 8.442
726.686 45.193
726.976 72.274
727.266 75.176
727.556 75.177
727.846 14.263
728.136 18.119
728.426 28.814
728.716 10.405
729.005 34.630
729.295 3.624
729.585 -0.252
729.875 42.385
730.165 47.277
730.455 34.669
730.745 14.316
731.035 17.229
731.324 76.602
731.614 91.018
731.904 19.193
732.194 -10.932
732.484 35.751
732.774 18.242
733.064 31.862
733.354 53.263
733.643 41.713
733.933 47.521
734.223 23.156
734.513 49.473
734.803 48.547
735.093 65.133
735.383 59.338
735.672 33.949
735.962 52.607
736.252 6.613
736.542 -3.167
736.832 -10.022
737.122 -11.011
737.412 14.480
737.702 24.309
737.991 11.552
738.281 -7.106
738.571 46.929
738.861 75.566
739.151 1.748
739.441 24.363
739.731 37.147
740.021 30.324
740.310 13.590
740.600 48.155
740.890 63.825
741.180 71.849
741.470 24.466
741.760 30.390
742.050 -7.121
742.339 -10.101
742.629 -55.600
742.919 -39.773
743.209 33.390
743.499 18.587
743.789 37.419
744.079 67.122
744.369 5.732
744.658 29.530
744.948 44.353
745.238 56.291
745.528 68.185
745.818 54.365
746.108 21.628
746.398 45.484
746.688 67.332
746.977 12.715
747.267 -10.124
747.557 4.777
747.847 12.731
748.137 28.665
748.427 29.661
748.717 58.576
749.006 64.489
749.296 76.506
749.586 12.749
749.876 18.739
750.166 10.772
750.456 21.751
750.746 70.676
751.036 49.719
751.325 35.747
751.615 8.811
751.905 24.796
752.195 40.822
752.485 21.823
752.775 -3.179
753.065 20.846
753.355 -7.181
753.644 -41.214
753.934 -34.309
754.224 -23.241
754.514 30.954
754.804 12.869
755.094 107.153
755.384 137.245
755.674 32.933
755.963 18.891
756.253 61.080
756.543 53.999
756.833 36.018
757.123 33.975
757.413 8.884
757.703 12.905
757.992 59.137
758.282 49.039
758.572 35.019
758.862 13.914
759.152 -26.286
759.442 2.858
759.732 64.168
760.022 81.255
760.311 43.108
760.601 46.127
760.891 33.049
761.181 -13.214
761.471 53.172
761.761 48.191
762.051 7.910
762.341 -19.260
762.630 -50.497
762.920 9.927
763.210 36.148
763.500 21.007
763.793 14.965
764.086 26.044
764.379 8.916
764.671 40.104
764.964 33.063
765.257 24.009
765.550 24.059
765.843 41.197
766.136 63.375
766.429 34.142
766.722 28.066
767.014 59.226
767.307 6.920
767.600 6.921
767.893 88.582
768.186 31.124
768.479 38.181
768.772 90.601
769.064 44.231
769.357 -1.130
769.650 30.120
769.943 48.218
770.236 -0.120
770.529 -20.280
770.822 44.237
771.115 80.528
771.407 68.501
771.700 34.193
771.993 15.037
772.286 42.268
772.579 33.154
772.872 50.292
773.165 46.260
773.457 94.648
773.750 49.336
774.043 8.974
774.336 28.176
774.629 33.160
774.922 17.049
775.215 -3.132
775.508 10.974
775.800 26.055
776.093 48.237
776.386 57.244
776.679 54.281
776.972 59.317
777.265 45.219
777.558 10.970
777.850 -4.116
778.143 36.086
778.436 -5.124
778.729 36.088
779.022 53.174
779.315 57.195
779.608 91.367
779.900 62.222
780.193 62.223
780.486 23.005
780.779 19.973
781.072 23.962
781.365 -21.148
781.658 40.076
781.951 33.049
782.243 32.984
782.536 96.304
782.829 96.305
783.122 52.129
783.415 41.044
783.708 57.093
784.001 -11.110
784.293 22.993
784.586 66.057
784.879 47.020
785.172 58.986
785.465 31.991
785.758 2.934
786.051 -10.091
786.344 19.930
786.636 43.975
786.929 110.042
787.222 115.278
787.515 60.994
787.808 117.816
788.101 63.871
788.394 27.908
788.686 19.917
788.979 -0.062
789.272 -7.054
789.565 -0.061
789.858 11.916
790.151 23.917
790.444 16.925
790.737 3.943
791.029 61.820
791.322 90.763
791.615 28.859
791.908 -26.028
792.201 -24.005
792.494 -45.914
792.787 11.901
793.079 34.845
793.372 30.827
793.665 45.814
793.958 31.856
794.251 72.735
794.544 10.910
794.837 -10.015
795.130 51.800
795.422 77.723
795.715 60.775
796.008 -6.030
796.301 -6.017
796.594 75.657
796.887 1.952
797.180 -15.991
797.472 6.941
797.765 -7.016
798.058 -50.833
798.351 -28.949
798.644 -38.918
798.937 -19.974
799.230 52.756
799.523 45.830
799.815 -18.975
800.108 83.718
800.401 131.575
800.694 84.801
800.987 10.939
801.280 46.926
801.573 22.950
801.865 -11.015
802.158 34.905
802.451 56.862
802.744 7.961
803.037 10.955
803.330 -23.998
803.623 -31.957
803.915 -41.936
804.208 -3.016
804.501 91.072
804.794 71.053
805.087 46.983
805.380 74.132
805.673 41.026
805.966 8.994
806.258 29.044
806.551 -28.126
806.844 12.036
807.137 36.169
807.430 -1.015
807.723 8.022
808.016 -3.021
808.308 10.052
808.601 -4.024
808.894 -0.007
809.187 17.114
809.480 20.116
809.773 49.242
810.066 91.546
810.359 87.610
810.651 48.434
810.944 17.136
811.237 -7.064
811.530 20.182
811.825 31.314
812.119 69.628
812.414 38.348
812.709 -10.098
813.003 40.490
813.298 57.639
813.593 33.440
813.887 -1.006
814.182 22.320
814.476 22.343
814.771 34.527
815.066 22.390
815.360 -37.591
815.655 27.450
815.950 30.531
816.244 21.376
816.539 31.614
816.834 15.305
817.128 -58.148
817.423 -22.410
817.718 26.602
818.012 45.146
818.307 -40.965
818.602 -39.940
818.896 67.782
819.191 59.630
819.486 21.649
819.780 25.769
820.075 15.503
820.369 7.263
820.664 10.377
820.959 -48.629
821.253 -12.409
821.548 -18.626
821.843 0.028
822.137 3.147
822.432 -12.470
822.727 -18.739
823.021 -7.276
823.316 -19.822
823.611 -23.004
823.905 52.500
824.200 102.140
824.495 24.297
824.789 32.737
825.084 7.413
825.379 8.477
825.673 13.766
825.968 -24.299
826.262 -8.434
826.557 -13.774
826.852 7.473
827.146 17.028
827.441 57.307
827.736 40.384
828.030 3.233
828.325 3.231
828.620 -47.724
828.914 43.618
829.209 54.073
829.504 24.439
829.798 44.494
830.093 66.646
830.388 40.220
830.682 9.555
830.977 -3.106
831.271 12.658
831.566 71.183
831.861 21.975
832.155 10.450
832.450 36.287
832.745 39.231
833.039 -26.665
833.334 -4.033
833.629 24.447
833.923 -14.084
834.218 -21.048
834.513 -27.970
834.807 -0.938
835.102 -21.745
835.397 -16.722
835.691 28.575
835.986 46.230
836.281 -24.425
836.575 3.976
836.870 -4.820
837.164 -11.667
837.459 -49.741
837.754 -43.881
838.048 -11.676
838.343 15.737
838.638 26.563
838.932 -1.903
839.227 10.927
839.522 7.998
839.816 -11.858
840.111 -8.928
840.406 0.073
840.700 51.537
840.995 36.586
841.290 27.655
841.584 -0.948
841.879 8.334
842.174 -32.112
842.468 -65.750
842.763 -42.940
843.057 -14.732
843.352 33.028
843.647 20.385
843.941 -14.967
844.236 29.309
844.531 -0.998
844.825 17.577
845.120 -5.397
845.415 -14.240
845.709 27.749
846.004 6.769
846.299 -37.850
846.593 -17.820
846.888 6.848
847.183 -16.812
847.477 37.346
847.772 50.045
848.066 27.375
848.361 12.632
848.656 -16.999
848.950 40.105
849.245 -35.363
849.540 -20.488
849.834 51.654
850.129 42.540
850.424 40.293
850.718 79.421
851.013 43.790
851.308 -26.294
851.602 -3.332
851.897 72.611
852.192 60.964
852.486 23.024
852.781 12.716
853.076 -25.084
853.370 -6.748
853.665 39.019
853.959 68.611
854.254 -19.265
854.549 13.787
854.843 63.901
855.138 28.465
855.433 0.121
855.727 26.140
856.022 24.981
856.317 -37.123
856.611 -74.201
856.906 11.347
857.201 15.819
857.495 -0.994
857.790 24.706
858.085 13.489
858.379 10.115
858.674 7.896
858.969 40.038
859.263 44.326
859.558 -2.075
859.852 -2.070
860.147 18.769
860.442 27.451
860.736 13.201
861.031 29.445
861.326 0.130
861.620 -39.784
861.915 -79.525
862.210 -35.277
862.504 -20.212
862.799 -15.860
863.094 40.557
863.388 65.949
863.683 2.253
863.978 -80.036
864.272 -53.551
864.567 -32.396
864.861 -22.903
865.156 6.390
865.451 -12.353
865.745 -42.353
866.040 -29.794
866.335 -48.269
866.629 -36.902
866.924 16.546
867.219 35.960
867.513 15.458
867.808 32.690
868.103 16.347
868.397 30.501
868.692 54.683
868.987 73.801
869.281 51.394
869.576 -5.874
869.871 -10.873
870.165 45.004
870.460 35.995
870.754 11.074
871.049 54.703
871.344 18.952
871.638 42.588
871.933 23.786
872.228 -0.843
872.522 -55.851
872.817 -73.244
873.112 -35.083
873.406 -15.468
873.701 18.679
873.996 19.617
874.290 65.319
874.585 41.891
874.880 -5.675
875.174 18.520
875.469 42.657
875.764 -22.055
876.058 3.039
876.353 48.130
876.647 41.453
876.942 21.260
877.237 6.846
877.531 67.895
877.826 30.653
878.121 10.604
878.415 25.789
878.710 37.080
879.005 27.559
879.299 7.689
879.594 15.201
879.889 18.007
880.183 -5.479
880.478 41.310
880.773 -12.922
881.067 -54.836
881.362 -44.500
881.656 -4.483
881.951 -44.293
882.246 15.848
882.540 39.783
882.835 11.181
883.130 34.128
883.424 50.518
883.719 47.684
884.014 86.752
884.308 76.656
884.603 -5.297
884.898 0.153
885.192 4.670
885.487 39.901
885.782 63.217
886.076 68.500
886.371 43.242
886.666 36.029
886.960 18.972
887.255 -19.540
887.549 1.050
887.844 11.774
888.139 -20.343
888.433 3.715
888.728 -5.172
889.023 8.150
889.317 2.817
889.612 -0.728
889.907 -7.806
890.201 9.009
890.496 -13.103
890.791 -26.342
891.085 31.052
891.380 8.104
891.675 15.179
891.969 5.462
892.264 34.523
892.559 -5.129
892.853 -21.902
893.148 16.051
893.442 -29.792
893.737 44.256
894.032 69.768
894.326 38.051
894.621 71.532
894.916 43.376
895.210 -0.714
895.505 -36.935
895.800 9.894
896.094 39.004
896.389 52.243
896.684 47.873
896.978 7.231
897.273 -27.238
897.568 -17.497
897.862 16.971
898.157 7.246
898.451 5.483
898.746 -10.446
899.041 1.060
899.335 43.576
899.630 41.842
899.925 26.748
900.219 83.436
900.514 48.092
900.809 -3.381
901.103 -36.234
901.398 -21.136
901.693 5.523
901.987 34.940
902.282 63.404
902.577 35.864
902.871 42.963
903.166 28.728
903.461 26.969
903.755 22.525
904.050 48.572
904.344 32.502
904.639 -9.680
904.934 10.061
905.228 20.871
905.523 33.552
905.818 -4.316
906.112 -36.748
906.407 -10.640
906.702 -27.838
906.996 -19.682
907.291 -26.123
907.586 28.272
907.880 54.690
908.175 48.376
908.470 62.013
908.764 -16.154
909.059 -28.037
909.354 -55.460
909.648 -21.720
909.943 22.116
910.237 -9.865
910.532 15.782
910.827 48.780
911.121 66.256
911.416 44.320
911.711 37.886
912.005 22.303
912.300 -5.331
912.599 -7.195
912.898 4.831
913.196 41.951
913.495 32.675
913.794 16.008
914.093 17.850
914.391 18.814
914.690 21.666
914.989 58.101
915.288 72.973
915.586 24.512
915.885 32.985
916.184 82.766
916.483 14.286
916.782 33.110
917.080 -8.243
917.379 -20.499
917.678 -1.667
917.977 18.177
918.275 9.680
918.574 1.169
918.873 40.107
919.172 19.252
919.471 -10.234
919.769 -27.422
920.068 2.135
920.367 1.183
920.666 -50.686
920.964 -27.657
921.263 -19.039
921.562 5.056
921.861 40.889
922.159 66.187
922.458 68.127
922.757 -22.140
923.056 -10.507
923.355 5.133
923.653 -8.578
923.952 -29.261
924.251 -1.730
924.550 26.840
924.848 24.944
925.147 48.805
925.446 18.100
925.745 25.094
926.043 12.197
926.342 18.228
926.641 47.247
926.940 18.302
927.239 -11.823
927.537 -13.891
927.836 -14.931
928.135 18.508
928.434 23.628
928.732 22.704
929.031 -32.497
929.330 35.129
929.629 59.868
929.927 -5.920
930.226 12.684
930.525 39.764
930.824 37.804
931.123 -18.563
931.421 -46.903
931.720 -28.242
932.019 -54.872
932.318 -21.026
932.616 38.819
932.915 -5.111
933.214 -1.890
933.513 -21.529
933.812 0.284
934.110 32.366
934.409 14.782
934.708 17.185
935.007 1.428
935.305 14.045
935.604 1.465
935.903 -51.396
936.202 -18.668
936.500 77.054
936.799 65.934
937.098 43.482
937.397 10.344
937.696 29.450
937.994 -73.735
938.293 -57.796
938.592 -10.109
938.891 34.837
939.189 49.957
939.488 89.551
939.787 67.399
940.086 28.073
940.384 15.696
940.683 29.916
940.982 -61.940
941.281 -65.048
941.580 79.072
941.878 72.438
942.177 87.225
942.476 73.177
942.775 39.932
943.073 -53.930
943.372 -69.979
943.671 -50.917
943.970 -77.196
944.268 -77.195
944.567 19.410
944.866 38.416
945.165 33.981
945.464 71.938
945.762 32.334
946.061 -8.268
946.360 47.884
946.659 -71.233
946.957 -115.150
947.256 8.921
947.555 37.173
947.854 87.968
948.153 0.396
948.451 -13.572
948.750 68.354
949.049 143.444
949.348 120.937
949.646 78.044
949.945 26.096
950.244 42.220
950.543 47.300
950.841 19.048
951.140 -19.514
951.439 -33.788
951.738 34.273
952.037 80.999
952.335 -3.499
952.634 28.649
952.933 24.667
953.232 37.360
953.530 54.729
953.829 14.167
954.128 39.163
954.427 -3.364
954.725 42.232
955.024 27.353
955.323 33.244
955.622 16.133
955.921 41.418
956.219 35.337
956.518 6.326
956.817 -41.168
957.116 11.001
957.414 15.680
957.713 33.212
958.012 56.488
958.311 53.897
958.610 51.450
958.908 29.180
959.207 12.958
959.506 27.739
959.805 32.159
960.103 10.557
960.402 -0.791
960.701 25.200
961.000 32.961
961.298 18.256
961.597 45.132
961.896 50.562
962.195 15.876
962.494 -61.610
962.792 -24.967
963.091 -19.509
963.390 10.226
963.689 44.050
963.987 47.124
964.286 118.812
964.585 77.592
964.884 38.295
965.182 1.411
965.481 -29.775
965.780 -14.705
966.080 -5.043
966.380 21.815
966.680 27.070
966.981 102.896
967.281 81.356
967.581 56.836
967.881 31.250
968.181 -20.988
968.481 -11.345
968.781 14.133
969.082 -8.116
969.382 19.340
969.682 70.783
969.982 76.042
970.282 82.612
970.582 93.358
970.882 50.594
971.183 3.481
971.483 31.780
971.783 3.464
972.083 62.832
972.383 46.022
972.683 58.121
972.983 38.633
973.284 27.134
973.584 55.943
973.884 -1.731
974.184 11.624
974.484 30.229
974.784 46.580
975.084 35.131
975.385 -18.019
975.685 14.586
975.985 32.984
976.285 55.377
976.585 25.737
976.885 -6.776
977.185 -10.837
977.486 -14.867
977.786 65.306
978.086 126.465
978.386 84.084
978.686 34.675
978.986 11.329
979.286 60.329
979.587 68.329
979.887 82.330
980.187 66.330
980.487 15.331
980.787 -23.669
981.087 -51.668
981.387 -6.668
981.688 30.332
981.988 5.333
982.288 -36.667
982.588 17.334
982.888 -27.666
983.188 -53.665
983.488 -16.665
983.789 9.335
984.089 28.336
984.389 42.336
984.689 11.337
984.989 31.337
985.289 63.338
985.589 75.338
985.890 77.338
986.190 54.339
986.490 17.339
986.790 51.340
987.090 18.340
987.390 34.340
987.690 72.341
987.991 56.341
988.291 39.342
988.591 26.342
988.891 28.343
989.191 25.343
989.491 -3.657
989.791 30.344
990.092 19.344
990.392 0.345
990.692 -22.655
990.992 -8.655
991.292 33.346
991.592 44.346
991.892 43.347
992.193 26.347
992.493 12.348
992.793 71.348
993.093 45.348
993.393 63.349
993.693 46.349
993.993 -5.650
994.294 69.350
994.594 101.350
994.894 32.351
995.194 -47.649
995.494 -0.648
995.794 3.352
996.094 30.352
996.395 81.353
996.695 53.353
996.995 9.354
997.295 68.354
997.595 47.354
997.895 42.355
998.195 45.355
998.496 42.356
998.796 48.356
999.096 35.357
999.396 6.357
999.696 15.357
999.996 1.358
1000.296 12.358
1000.597 40.359
1000.897 54.359
1001.197 91.359
1001.497 50.360
1001.797 34.360
1002.097 26.361
1002.397 -1.639
1002.698 37.361
1002.998 26.362
1003.298 59.362
1003.598 8.363
1003.898 -26.637
1004.198 -2.637
1004.498 17.364
1004.799 11.364
1005.099 15.365
1005.399 44.365
1005.699 -28.635
1005.999 -8.634
1006.299 21.366
1006.599 68.366
1006.900 80.367
1007.200 8.367
1007.500 41.368
1007.800 61.368
1008.100 31.368
1008.400 -21.631
1008.700 19.369
1009.001 -7.630
1009.301 17.370
1009.601 84.370
1009.901 94.371
1010.201 75.371
1010.501 25.372
1010.801 34.372
1011.102 23.372
1011.402 40.373
1011.702 -18.627
1012.002 4.374
1012.302 -11.626
1012.602 -4.626
1012.902 -14.625
1013.203 15.375
1013.503 13.375
1013.803 42.376
1014.103 47.376
1014.403 42.377
1014.703 21.377
1015.003 42.377
1015.304 42.378
1015.604 42.378
1015.904 86.379
1016.204 103.379
1016.504 47.379
1016.804 22.380
1017.104 47.380
1017.405 48.380
1017.705 6.381
1018.005 -17.619
1018.305 34.382
1018.605 47.382
1018.905 50.382
1019.205 7.383
1019.506 20.383
1019.806 22.383
1020.106 4.384
1020.406 40.384
1020.706 28.385
1021.006 35.385
1021.306 19.385
1021.607 -17.614
1021.907 26.386
1022.207 26.387
1022.507 52.387
1022.807 22.387
1023.107 18.388
1023.407 -20.612
1023.708 -6.612
1024.008 22.389
1024.308 31.389
1024.608 -29.610
1024.908 2.390
1025.208 23.390
1025.508 51.391
1025.809 11.391
1026.109 38.391
1026.409 15.392
1026.709 -35.608
1027.009 -61.608
1027.309 -39.607
1027.609 27.393
1027.910 71.394
1028.210 57.394
1028.510 32.394
1028.810 56.395
1029.110 81.395
1029.410 53.395
1029.710 14.396
1030.011 12.396
1030.311 87.397
1030.611 89.397
1030.911 35.397
1031.211 -0.602
1031.511 17.398
1031.811 20.398
1032.112 33.399
1032.412 48.399
1032.712 42.399
1033.012 30.400
1033.312 -0.600
1033.612 -10.599
1033.912 20.401
1034.212 -20.599
1034.513 -4.598
1034.813 25.402
1035.113 -67.598
1035.413 13.403
1035.713 57.403
1036.013 29.403
1036.313 8.404
1036.614 78.404
1036.914 38.405
1037.214 -39.595
1037.514 -3.595
1037.814 15.406
1038.114 74.406
1038.414 76.406
1038.715 28.407
1039.015 31.407
1039.315 -14.593
1039.615 31.408
1039.915 14.408
1040.215 -38.592
1040.515 -35.591
1040.816 64.409
1041.116 114.410
1041.416 16.410
1041.716 14.410
1042.016 15.411
1042.316 36.411
1042.616 42.411
1042.917 85.412
1043.217 71.412
1043.517 46.412
1043.817 41.413
1044.117 47.413
1044.417 18.413
1044.717 17.414
1045.018 21.414
1045.318 34.414
1045.618 4.415
1045.918 31.415
1046.218 72.416
1046.518 127.416
1046.818 132.416
1047.119 103.417
1047.419 86.417
1047.719 23.417
1048.019 -15.582
1048.319 31.418
1048.619 73.418
1048.919 17.419
1049.220 69.419
1049.520 134.419
1049.820 74.420
1050.120 70.420
1050.420 13.420
1050.720 36.421
1051.020 54.421
1051.321 12.421
1051.621 -6.578
1051.921 41.422
1052.221 40.422
1052.521 75.423
1052.821 73.423
1053.121 59.423
1053.422 9.424
1053.722 27.424
1054.022 29.425
1054.322 54.425
1054.622 99.425
1054.922 50.426
1055.222 58.426
1055.523 56.426
1055.823 71.427
1056.123 60.427
1056.423 7.427
1056.723 15.428
1057.023 12.428
1057.323 84.428
1057.624 81.429
1057.924 74.429
1058.224 97.429
1058.524 97.430
1058.824 95.430
1059.124 104.430
1059.424 57.431
1059.725 -29.569
1060.025 21.431
1060.325 37.432
1060.625 13.432
1060.925 30.432
1061.225 18.433
1061.525 69.433
1061.826 -26.567
1062.126 -6.566
1062.426 46.434
1062.726 95.434
1063.026 73.435
1063.326 11.435
1063.626 16.435
1063.927 60.436
1064.227 57.436
1064.527 72.436
1064.827 65.437
1065.127 36.437
1065.427 8.437
1065.727 -1.562
1066.028 -2.562
1066.328 90.438
1066.628 57.439
1066.928 2.439
1067.228 41.439
1067.528 60.440
1067.828 107.440
1068.129 65.440
1068.429 26.441
1068.729 39.441
1069.029 -14.559
1069.329 28.442
1069.629 59.442
1069.929 29.442
1070.230 5.443
1070.530 -16.557
1070.830 34.443
1071.130 78.444
1071.430 53.444
1071.730 66.444
1072.030 72.444
1072.331 50.445
1072.631 54.445
1072.931 60.445
1073.231 53.446
1073.531 33.446
1073.831 24.446
1074.131 -7.553
1074.432 -43.553
1074.732 -24.553
1075.032 82.448
1075.332 108.448
1075.632 56.448
1075.932 59.449
1076.232 6.449
1076.533 -19.551
1076.833 -34.550
1077.133 5.450
1077.433 34.450
1077.733 0.451
1078.033 7.451
1078.333 30.451
1078.634 49.452
1078.934 66.452
1079.234 49.452
1079.534 9.453
1079.834 -31.547
1080.134 15.453
1080.434 65.453
1080.735 96.454
1081.035 106.454
1081.335 78.454
1081.635 66.455
1081.935 53.455
1082.235 16.455
1082.535 -76.544
1082.836 -92.544
1083.136 -12.544
1083.436 31.457
1083.736 29.457
1084.036 71.457
1084.336 71.458
1084.636 -33.542
1084.937 -37.542
1085.237 77.458
1085.537 35.459
1085.837 48.459
1086.137 64.459
1086.437 0.460
1086.737 9.460
1087.038 48.460
1087.338 75.461
1087.638 24.461
1087.938 -39.539
1088.238 -15.538
1088.538 32.462
1088.838 33.462
1089.139 47.463
1089.439 39.463
1089.739 7.463
1090.039 4.463
1090.339 2.464
1090.639 11.464
1090.939 4.464
1091.240 -1.535
1091.540 -15.535
1091.840 -20.535
1092.140 2.466
1092.453 25.466
1092.766 39.466
1093.079 7.467
1093.392 -23.533
1093.705 21.467
1094.018 40.467
1094.330 71.468
1094.643 71.468
1094.956 27.468
1095.269 27.469
1095.582 0.469
1095.895 39.469
1096.208 19.470
1096.521 40.470
1096.834 -28.530
1097.147 -7.530
1097.460 23.471
1097.773 -10.529
1098.085 18.471
1098.398 60.472
1098.711 54.472
1099.024 18.472
1099.337 32.473
1099.650 4.473
1099.963 2.473
1100.276 21.473
1100.589 -32.526
1100.902 -46.526
1101.215 25.474
1101.528 90.475
1101.841 87.475
1102.153 34.475
1102.466 80.476
1102.779 3.476
1103.092 -45.524
1103.405 -16.524
1103.718 4.477
1104.031 28.477
1104.344 83.477
1104.657 6.478
1104.970 46.478
1105.283 104.478
1105.596 83.479
1105.909 94.479
1106.221 -14.521
1106.534 40.479
1106.847 145.480
1107.160 96.480
1107.473 26.480
1107.786 36.481
1108.099 -10.519
1108.412 20.481
1108.725 34.481
1109.038 27.482
1109.351 18.482
1109.664 -60.518
1109.977 -10.517
1110.289 42.483
1110.602 64.483
1110.915 100.483
1111.228 67.484
1111.541 -27.516
1111.854 22.484
1112.167 20.485
1112.480 5.485
1112.793 13.485
1113.106 24.486
1113.419 51.486
1113.732 102.486
1114.044 62.486
1114.357 15.487
1114.670 -44.513
1114.983 -28.513
1115.296 -23.512
1115.609 -17.512
1115.922 30.488
1116.235 34.488
1116.548 20.489
1116.861 55.489
1117.174 38.489
1117.487 80.490
1117.800 57.490
1118.112 -33.510
1118.425 11.490
1118.738 68.491
1119.051 40.491
1119.364 67.491
1119.677 68.492
1119.990 1.492
1120.303 -36.508
1120.616 7.492
1120.929 20.493
1121.242 25.493
1121.555 45.493
1121.868 33.494
1122.180 37.494
1122.493 58.494
1122.806 78.494
1123.119 40.495
1123.432 -8.505
1123.745 -24.505
1124.058 10.496
1124.371 24.496
1124.684 41.496
1124.997 30.496
1125.310 47.497
1125.623 -25.503
1125.935 -19.503
1126.248 12.497
1126.561 -11.502
1126.874 -29.502
1127.187 24.498
1127.500 -31.501
1127.813 -43.501
1128.126 2.499
1128.439 8.499
1128.752 -1.500
1129.065 40.500
1129.378 -3.500
1129.691 -44.499
1130.003 -15.499
1130.316 4.501
1130.629 60.501
1130.942 42.502
1131.255 55.502
1131.568 101.502
1131.881 48.502
1132.194 -12.497
1132.507 -32.497
1132.820 1.503
1133.133 57.504
1133.446 56.504
1133.759 82.504
1134.071 19.504
1134.384 31.505
1134.697 29.505
1135.010 -1.495
1135.323 0.505
1135.636 9.506
1135.949 33.506
1136.262 73.506
1136.575 112.507
1136.888 80.507
1137.201 28.507
1137.514 17.507
1137.826 -4.492
1138.139 0.508
1138.452 18.508
1138.765 7.508
1139.078 -25.491
1139.391 19.509
1139.704 61.509
1140.017 28.510
1140.330 46.510
1140.643 -12.490
1140.956 42.510
1141.269 68.511
1141.582 9.511
1141.894 25.511
1142.207 35.511
1142.520 -19.488
1142.833 11.512
1143.146 98.512
1143.459 28.512
1143.772 -33.487
1144.085 -14.487
1144.398 -20.487
1144.711 21.514
1145.024 33.514
1145.337 24.514
1145.650 97.514
1145.962 72.515
1146.275 72.515
1146.588 -16.485
1146.901 -5.485
1147.214 42.516
1147.527 1.516
1147.840 31.516
1148.153 -5.484
1148.466 -11.483
1148.779 19.517
1149.092 -21.483
1149.405 -33.482
1149.718 -2.482
1150.030 52.518
1150.343 18.518
1150.656 17.519
1150.969 -3.481
1151.282 38.519
1151.595 78.519
1151.908 13.520
1152.221 28.520
1152.534 48.520
1152.847 -13.480
1153.160 -63.479
1153.473 21.521
1153.785 59.521
1154.098 12.521
1154.411 31.522
1154.724 56.522
1155.037 59.522
1155.350 9.522
1155.663 9.523
1155.976 50.523
1156.289 18.523
1156.602 59.523
1156.915 51.524
1157.228 41.524
1157.541 44.524
1157.853 12.525
1158.166 -9.475
1158.479 47.525
1158.792 31.525
1159.105 19.526
1159.418 -19.474
1159.731 -31.474
1160.044 40.526
1160.357 70.527
1160.670 56.527
1160.983 105.527
1161.296 46.527
1161.609 -4.472
1161.921 -36.472
1162.234 -7.472
1162.547 21.528
1162.860 -2.471
1163.173 10.529
1163.486 50.529
1163.799 56.529
1164.112 58.530
1164.425 69.530
1164.738 14.530
1165.051 -44.470
1165.364 2.531
1165.676 -13.469
1165.989 -52.469
1166.302 -16.469
1166.615 12.532
1166.928 5.532
1167.241 1.532
1167.554 -32.468
1167.867 -30.467
1168.180 45.533
1168.493 48.533
1168.806 1.533
1169.119 7.534
1169.432 36.534
1169.744 40.534
1170.057 36.534
1170.370 57.535
1170.683 42.535
1170.996 4.535
1171.309 18.535
1171.622 16.536
1171.935 47.536
1172.248 48.536
1172.561 -0.464
1172.874 43.537
1173.187 31.537
1173.500 -18.463
1173.812 -5.463
1174.125 5.538
1174.438 -16.462
1174.751 -44.462
1175.064 27.538
1175.377 24.539
1175.690 1.539
1176.003 -9.461
1176.316 -16.461
1176.629 1.540
1176.942 22.540
1177.255 20.540
1177.567 48.540
1177.880 7.541
1178.193 55.541
1178.506 48.541
1178.819 -38.459
1179.132 -0.458
1179.445 26.542
1179.758 13.542
1180.071 22.542
1180.384 -22.457
1180.697 -37.457
1181.010 6.543
1181.323 2.543
1181.635 15.543
1181.948 9.544
1182.261 -56.456
1182.574 23.544
1182.887 47.544
1183.200 -7.455
1183.513 -18.455
1183.826 -33.455
1184.139 -17.455
1184.452 36.546
1184.765 -7.454
1185.078 16.546
1185.391 93.546
1185.703 52.547
1186.016 -25.453
1186.329 55.547
1186.642 134.547
1186.955 91.548
1187.268 86.548
1187.581 53.548
1187.894 -15.452
1188.207 -41.451
1188.520 -17.451
1188.833 42.549
1189.146 108.549
1189.459 125.549
1189.771 9.550
1190.084 -20.450
1190.397 1.550
1190.710 39.550
1191.023 8.551
1191.336 -25.449
1191.649 -0.449
1191.962 -48.449
1192.275 -31.448
1192.588 18.552
1192.901 42.552
1193.214 0.552
1193.526 39.553
1193.839 53.553
1194.152 51.553
1194.465 16.553
1194.778 -68.447
1195.091 -17.446
1195.404 46.554
1195.717 27.554
1196.030 10.554
1196.343 10.555
1196.656 18.555
1196.969 20.555
1197.282 -8.445
1197.594 6.556
1197.907 48.556
1198.220 17.556
1198.533 -4.444
1198.846 26.557
1199.159 41.557
1199.472 64.557
1199.785 0.557
