200.113 -36.611
200.373 -1.631
200.633 35.349
200.892 10.329
201.152 -27.691
201.412 34.289
201.672 29.269
201.932 56.249
202.192 66.229
202.452 34.209
202.712 -5.811
202.972 -19.831
203.231 27.149
203.491 23.129
203.751 30.109
204.011 29.089
204.271 29.069
204.531 -9.951
204.791 38.029
205.051 82.010
205.311 34.990
205.570 -1.030
205.830 -4.050
206.090 8.930
206.350 -6.090
206.610 -33.110
206.870 16.871
207.130 49.851
207.390 1.831
207.650 27.811
207.909 -19.208
208.169 -37.228
208.429 -4.248
208.689 -12.268
208.949 23.713
209.209 24.693
209.469 -39.327
209.729 -9.346
209.989 44.634
210.248 50.614
210.508 -4.405
210.768 -37.425
211.028 22.556
211.288 -22.464
211.548 -20.484
211.808 66.497
212.068 33.477
212.328 -21.542
212.587 -47.562
212.847 20.419
213.107 12.400
213.367 -36.620
213.627 5.361
213.887 -10.659
214.147 19.322
214.407 21.303
214.667 56.283
214.926 27.264
215.186 -6.755
215.446 4.225
215.706 26.206
215.966 6.187
216.226 18.168
216.486 -23.851
216.746 17.130
217.006 46.110
217.265 4.091
217.525 9.072
217.785 12.053
218.045 -31.966
218.305 9.015
218.565 31.996
218.825 12.977
219.085 10.958
219.345 -13.061
219.604 -1.080
219.864 32.902
220.124 3.883
220.384 20.864
220.644 -13.155
220.904 54.826
221.164 42.808
221.424 0.789
221.684 37.770
221.943 17.752
222.203 16.733
222.463 94.714
222.723 55.696
222.983 -6.323
223.243 4.659
223.503 26.640
223.763 0.622
224.023 25.603
224.282 63.585
224.542 40.567
224.802 19.548
225.062 4.530
225.322 -5.488
225.582 9.493
225.842 -20.525
226.102 -26.543
226.362 35.439
226.621 45.421
226.881 14.402
227.141 54.384
227.401 24.366
227.661 -27.652
227.921 -11.670
228.181 -18.688
228.441 -4.706
228.701 -1.724
228.960 -2.741
229.220 28.241
229.480 -4.777
229.740 -16.795
230.000 8.187
230.260 -21.830
230.520 -19.848
230.780 1.134
231.040 -56.884
231.299 -30.901
231.559 -19.919
231.819 -17.936
232.079 20.046
232.339 20.029
232.599 20.011
232.859 35.994
233.119 43.976
233.379 13.959
233.638 24.942
233.898 -13.076
234.158 25.907
234.418 87.890
234.678 16.873
234.938 -37.144
235.198 -22.162
235.458 -63.179
235.718 -6.196
235.978 25.787
236.237 36.770
236.497 6.753
236.757 -37.264
237.017 -52.281
237.277 -10.297
237.537 51.686
237.797 13.669
238.057 -5.348
238.317 -5.365
238.576 -5.381
238.836 26.602
239.096 5.585
239.356 -6.431
239.616 -18.448
239.876 21.536
240.136 19.519
240.396 -27.497
240.656 -7.514
240.915 55.470
241.175 35.453
241.435 38.437
241.695 11.421
241.955 46.404
242.215 20.388
242.475 -7.628
242.735 30.356
242.995 89.340
243.254 60.324
243.514 51.307
243.774 48.291
244.034 -15.725
244.294 -2.741
244.554 -9.757
244.814 25.228
245.074 -1.788
245.334 -19.804
245.593 44.180
245.853 99.164
246.113 43.149
246.373 33.133
246.633 20.117
246.893 4.102
247.153 -16.914
247.413 -30.930
247.673 9.055
247.932 45.039
248.192 -19.976
248.452 -11.992
248.712 23.993
248.972 13.978
249.232 -6.038
249.492 21.947
249.752 18.932
250.012 7.917
250.271 -18.099
250.531 -6.114
250.791 23.871
251.051 52.856
251.311 89.841
251.571 94.826
251.831 29.811
252.091 63.796
252.351 80.781
252.610 2.766
252.870 -24.249
253.130 29.736
253.390 17.722
253.650 -19.293
253.911 40.692
254.172 48.677
254.433 27.663
254.694 9.648
254.955 -7.366
255.216 -22.381
255.477 9.604
255.738 13.590
255.999 -9.425
256.261 -34.439
256.522 -16.453
256.783 -38.468
257.044 -47.482
257.305 -42.496
257.566 -6.511
257.827 39.475
258.088 33.461
258.349 41.447
258.610 63.433
258.871 49.419
259.132 18.405
259.393 -50.609
259.654 -14.623
259.915 10.363
260.176 10.349
260.437 78.335
260.698 33.321
260.959 24.307
261.221 -12.707
261.482 -8.720
261.743 -7.734
262.004 -14.748
262.265 -27.761
262.526 -69.775
262.787 9.211
263.048 53.198
263.309 22.184
263.570 -2.829
263.831 19.157
264.092 -3.856
264.353 -4.870
264.614 28.117
264.875 24.104
265.136 1.090
265.397 1.077
265.658 -2.936
265.919 48.051
266.181 -20.962
266.442 4.024
266.703 37.011
266.964 -32.002
267.225 -36.015
267.486 20.972
267.747 29.959
268.008 20.946
268.269 12.933
268.530 4.920
268.791 -17.092
269.052 2.895
269.313 -36.118
269.574 -35.131
269.835 4.856
270.096 20.844
270.357 22.831
270.618 -61.182
270.879 -101.194
271.141 -17.207
271.402 13.781
271.663 -18.232
271.924 -17.244
272.185 -7.257
272.446 -28.269
272.707 11.719
272.968 20.706
273.229 28.694
273.490 13.682
273.751 -2.331
274.012 30.657
274.273 10.645
274.534 5.633
274.795 -27.379
275.056 -38.392
275.317 -30.404
275.578 -9.416
275.839 6.572
276.101 48.560
276.362 6.548
276.623 -8.464
276.884 -4.475
277.145 -80.487
277.406 -18.499
277.667 50.489
277.928 -12.523
278.189 -44.534
278.450 -9.546
278.711 -41.558
278.972 3.430
279.233 5.419
279.494 21.407
279.755 -12.604
280.016 1.384
280.277 26.373
280.538 10.361
280.799 41.350
281.061 8.338
281.322 4.327
281.583 7.316
281.844 13.304
282.105 -52.707
282.366 -46.718
282.627 51.270
282.888 54.259
283.149 20.248
283.410 33.237
283.671 30.226
283.932 4.215
284.193 15.203
284.454 29.192
284.715 38.181
284.976 43.170
285.237 36.159
285.498 23.148
285.759 27.138
286.021 -29.873
286.282 -100.884
286.543 -78.895
286.804 -21.906
287.065 -39.917
287.326 -4.927
287.587 61.062
287.848 14.051
288.109 11.041
288.370 32.030
288.631 -11.981
288.892 -73.991
289.153 -54.002
289.414 -61.012
289.675 -65.023
289.936 -4.033
290.197 42.956
290.458 22.946
290.719 -5.064
290.981 17.925
291.242 4.915
291.503 -29.095
291.764 -58.106
292.025 -17.116
292.286 -5.126
292.547 -25.136
292.808 25.853
293.069 22.843
293.330 30.833
293.591 -6.177
293.852 -17.187
294.113 -66.197
294.374 -34.207
294.635 -7.217
294.896 1.773
295.157 14.763
295.418 -1.247
295.679 -39.257
295.941 20.733
296.202 71.723
296.463 -34.286
296.724 -31.296
296.985 6.694
297.246 -25.316
297.507 -10.325
297.768 2.665
298.029 25.655
298.290 -26.354
298.551 8.636
298.812 54.626
299.073 20.617
299.334 -1.393
299.595 -21.402
299.856 12.588
300.117 6.579
300.378 13.569
300.639 -4.440
300.901 -11.449
301.162 -20.459
301.423 -31.468
301.684 -2.477
301.945 6.513
302.206 31.504
302.467 49.495
302.728 25.486
302.989 41.476
303.250 58.467
303.511 70.458
303.772 48.449
304.033 -10.560
304.294 -0.569
304.555 24.422
304.816 53.413
305.077 15.404
305.338 23.395
305.599 47.386
305.861 56.377
306.122 76.368
306.383 47.359
306.644 -7.650
306.905 -0.659
307.166 -5.668
307.427 10.324
307.688 -4.685
307.949 -43.694
308.210 -79.703
308.471 -47.711
308.732 -46.720
308.993 13.271
309.254 47.263
309.515 20.254
309.776 -27.755
310.037 -17.763
310.298 42.228
310.559 9.220
310.821 -21.789
311.082 21.203
311.343 9.194
311.604 -33.814
311.865 -143.823
312.126 -70.831
312.387 -26.839
312.648 7.152
312.909 5.144
313.170 5.136
313.434 12.127
313.698 21.119
313.963 -63.889
314.227 -76.897
314.491 -30.906
314.755 -0.914
315.019 9.078
315.284 48.070
315.548 41.062
315.812 2.054
316.076 -6.954
316.340 -13.962
316.604 62.030
316.869 57.022
317.133 2.014
317.397 29.006
317.661 23.998
317.925 -16.010
318.190 -19.018
318.454 11.974
318.718 27.966
318.982 11.958
319.246 16.950
319.511 14.942
319.775 22.935
320.039 84.927
320.303 54.919
320.567 48.911
320.832 34.904
321.096 27.896
321.360 -1.112
321.624 -63.119
321.888 -46.127
322.153 -0.135
322.417 93.858
322.681 37.850
322.945 -29.157
323.209 -18.165
323.473 12.828
323.738 28.820
324.002 6.813
324.266 46.805
324.530 13.798
324.794 -9.210
325.059 -41.217
325.323 -43.224
325.587 2.768
325.851 41.761
326.115 48.754
326.380 -3.254
326.644 16.739
326.908 -16.268
327.172 -15.276
327.436 -4.283
327.701 -34.290
327.965 -10.297
328.229 50.696
328.493 14.688
328.757 -29.319
329.022 -1.326
329.286 1.667
329.550 11.660
329.814 -20.347
330.078 -2.354
330.342 30.639
330.607 35.632
330.871 39.625
331.135 28.618
331.399 -27.389
331.663 -56.396
331.928 -27.403
332.192 -20.410
332.456 -18.417
332.720 24.576
332.984 27.570
333.249 50.563
333.513 -11.444
333.777 -44.451
334.041 -44.458
334.305 6.536
334.570 28.529
334.834 31.522
335.098 28.515
335.362 43.509
335.626 60.502
335.891 13.495
336.155 -15.511
336.419 -53.518
336.683 -76.525
336.947 -32.531
337.211 -25.538
337.476 4.456
337.740 25.449
338.004 19.443
338.268 -14.564
338.532 -3.570
338.797 -67.577
339.061 -45.583
339.325 29.410
339.589 15.404
339.853 25.397
340.118 29.391
340.382 -4.615
340.646 41.378
340.910 83.372
341.174 53.365
341.439 11.359
341.703 -24.647
341.967 -98.653
342.231 -23.660
342.495 41.334
342.759 31.328
343.024 13.322
343.288 42.315
343.552 4.309
343.816 -4.697
344.080 -28.703
344.345 -20.709
344.609 43.285
344.873 38.278
345.137 27.272
345.401 17.266
345.666 -0.740
345.930 18.254
346.194 59.248
346.458 14.242
346.722 55.236
346.987 -23.770
347.251 23.224
347.515 50.218
347.779 26.212
348.043 13.206
348.308 8.200
348.572 -19.806
348.836 -30.811
349.100 25.183
349.364 35.177
349.628 18.171
349.893 33.165
350.157 33.159
350.421 55.153
350.685 -30.852
350.949 -50.858
351.214 -26.864
351.478 -24.870
351.742 30.125
352.006 35.119
352.270 29.113
352.535 56.108
352.799 45.102
353.063 24.096
353.327 48.091
353.591 31.085
353.856 18.079
354.120 31.074
354.384 -23.932
354.648 9.063
354.912 64.057
355.177 25.051
355.441 -41.954
355.705 -31.960
355.969 30.035
356.233 -1.971
356.497 -13.976
356.762 3.018
357.026 -15.987
357.290 -29.992
357.554 -6.998
357.818 25.997
358.083 27.991
358.347 -16.014
358.611 -13.019
358.875 -42.025
359.139 -21.030
359.404 -19.036
359.668 -13.041
359.932 28.954
360.196 23.949
360.460 43.943
360.725 -9.062
360.989 -36.067
361.253 35.927
361.517 42.922
361.781 -23.083
362.046 15.912
362.310 -10.093
362.574 23.901
362.838 70.896
363.102 35.891
363.366 -31.114
363.631 0.881
363.895 29.876
364.159 -7.129
364.423 -0.134
364.687 -7.140
364.952 10.855
365.216 -26.150
365.480 61.845
365.747 27.840
366.013 27.835
366.280 36.830
366.546 -11.175
366.813 -37.180
367.079 -22.185
367.346 -6.190
367.612 32.805
367.879 32.800
368.145 26.796
368.412 22.791
368.678 20.786
368.945 -19.219
369.211 -0.224
369.478 -14.229
369.744 5.766
370.011 6.761
370.278 -18.243
370.544 -4.248
370.811 23.747
371.077 48.742
371.344 47.737
371.610 60.733
371.877 31.728
372.143 -15.277
372.410 48.718
372.676 72.714
372.943 46.709
373.209 63.704
373.476 34.700
373.742 54.695
374.009 31.690
374.276 20.686
374.542 17.681
374.809 13.676
375.075 40.672
375.342 20.667
375.608 -7.338
375.875 11.658
376.141 9.653
376.408 -2.351
376.674 -8.356
376.941 -26.360
377.207 77.635
377.474 81.630
377.740 40.626
378.007 65.621
378.273 107.617
378.540 39.612
378.807 28.608
379.073 28.604
379.340 10.599
379.606 20.595
379.873 37.590
380.139 70.586
380.406 63.581
380.672 32.577
380.939 110.573
381.205 42.568
381.472 -6.436
381.738 27.559
382.005 36.555
382.271 81.551
382.538 127.546
382.804 124.542
383.071 115.538
383.338 91.534
383.604 105.529
383.871 24.525
384.137 -29.479
384.404 12.516
384.670 -2.488
384.937 19.508
385.203 78.504
385.470 103.500
385.736 89.495
386.003 35.491
386.269 91.487
386.536 60.483
386.802 11.479
387.069 27.474
387.336 65.470
387.602 92.466
387.869 97.462
388.135 116.458
388.402 166.454
388.668 158.450
388.935 76.446
389.201 65.442
389.468 79.437
389.734 29.433
390.001 58.429
390.267 124.425
390.534 114.421
390.800 92.417
391.067 148.413
391.333 139.409
391.600 85.405
391.867 56.401
392.133 66.397
392.400 78.393
392.666 132.389
392.933 99.385
393.199 134.381
393.466 113.378
393.732 95.374
393.999 87.370
394.265 69.366
394.532 82.362
394.798 81.358
395.065 53.354
395.331 162.350
395.598 249.346
395.864 342.343
396.131 462.339
396.398 578.335
396.664 755.331
396.931 1208.327
397.197 1581.323
397.464 1932.320
397.730 2261.316
397.997 2645.312
398.263 2947.308
398.530 3228.304
398.796 3432.301
399.063 3585.297
399.329 3801.293
399.596 3934.290
399.862 3959.286
400.129 4086.282
400.396 4265.278
400.662 4355.275
400.929 4457.271
401.195 4642.267
401.462 4928.264
401.728 5173.260
401.995 5364.256
402.261 5704.253
402.528 5981.249
402.794 6216.245
403.061 6517.242
403.327 6798.238
403.594 6985.235
403.860 6904.231
404.127 6911.227
404.393 7104.224
404.660 7293.220
404.931 7616.217
405.202 7808.213
405.473 8076.210
405.745 8283.206
406.016 8604.202
406.287 8870.199
406.558 9041.195
406.829 9368.192
407.100 9675.188
407.371 10053.185
407.642 10378.181
407.914 10796.178
408.185 11055.175
408.456 11201.171
408.727 11361.168
408.998 11360.164
409.269 11428.161
409.540 11468.157
409.811 11506.154
410.083 11397.150
410.354 11045.147
410.625 10841.144
410.896 10725.140
411.167 10519.137
411.438 10084.133
411.709 9524.130
411.981 8904.127
412.252 8272.123
412.523 7679.120
412.794 7229.117
413.065 6818.113
413.336 6464.110
413.607 6052.107
413.878 5640.103
414.150 5296.100
414.421 4970.097
414.692 4534.094
414.963 4139.090
415.234 3823.087
415.505 3376.084
415.776 3092.080
416.047 2820.077
416.319 2453.074
416.590 2063.071
416.861 1787.067
417.132 1518.064
417.403 1326.061
417.674 1097.058
417.945 929.055
418.217 827.051
418.488 702.048
418.759 558.045
419.030 489.042
419.301 454.039
419.572 410.036
419.843 384.032
420.114 336.029
420.386 296.026
420.657 298.023
420.928 325.020
421.199 261.017
421.470 205.014
421.741 154.011
422.012 162.007
422.283 176.004
422.555 205.001
422.826 169.998
423.097 157.995
423.368 173.992
423.639 143.989
423.910 116.986
424.181 132.983
424.453 139.980
424.724 163.977
424.995 237.974
425.266 273.971
425.537 279.968
425.808 348.965
426.079 355.962
426.350 342.959
426.622 349.956
426.893 348.953
427.164 358.950
427.435 394.947
427.706 366.944
427.977 324.941
428.248 358.938
428.519 409.935
428.791 420.932
429.062 426.929
429.333 417.926
429.604 394.923
429.875 408.920
430.146 415.918
430.417 403.915
430.689 421.912
430.960 409.909
431.231 402.906
431.502 420.903
431.773 385.900
432.044 341.897
432.315 289.895
432.586 265.892
432.858 282.889
433.129 234.886
433.400 225.883
433.671 239.880
433.942 240.878
434.213 232.875
434.484 186.872
434.755 179.869
435.027 89.866
435.298 118.864
435.569 126.861
435.840 164.858
436.116 184.855
436.391 150.852
436.667 185.850
436.942 187.847
437.218 191.844
437.493 132.841
437.769 114.839
438.045 102.836
438.320 183.833
438.596 189.831
438.871 204.828
439.147 265.825
439.422 260.822
439.698 259.820
439.974 222.817
440.249 237.814
440.525 227.812
440.800 232.809
441.076 205.806
441.351 318.804
441.627 304.801
441.903 284.798
442.178 296.796
442.454 276.793
442.729 235.790
443.005 266.788
443.281 230.785
443.556 221.783
443.832 264.780
444.107 289.777
444.383 284.775
444.658 284.772
444.934 305.770
445.210 287.767
445.485 317.764
445.761 321.762
446.036 336.759
446.312 343.757
446.587 345.754
446.863 334.752
447.139 412.749
447.414 450.746
447.690 420.744
447.965 448.741
448.241 421.739
448.516 469.736
448.792 542.734
449.068 632.731
449.343 651.729
449.619 656.726
449.894 674.724
450.170 713.721
450.445 741.719
450.721 810.716
450.997 823.714
451.272 818.711
451.548 949.709
451.823 1025.707
452.099 941.704
452.375 951.702
452.650 1064.699
452.926 1090.697
453.201 1066.694
453.477 1061.692
453.752 966.689
454.028 993.687
454.304 1021.685
454.579 1080.682
454.855 1108.680
455.130 1089.677
455.406 1073.675
455.681 1090.673
455.957 1024.670
456.233 977.668
456.508 917.665
456.784 934.663
457.059 945.661
457.335 908.658
457.610 877.656
457.886 803.654
458.162 736.651
458.437 713.649
458.713 694.647
458.988 678.644
459.264 569.642
459.539 481.640
459.815 435.637
460.091 480.635
460.366 424.633
460.642 336.630
460.917 330.628
461.193 308.626
461.468 241.624
461.744 238.621
462.020 225.619
462.295 194.617
462.571 213.614
462.846 209.612
463.122 213.610
463.397 246.608
463.673 220.385
463.949 327.276
464.224 504.097
464.500 652.946
464.775 858.596
465.051 1184.226
465.327 1438.154
465.602 1515.559
465.878 1667.920
466.153 1928.728
466.429 2217.366
466.704 2420.739
466.980 2665.579
467.256 2913.577
467.531 3151.726
467.807 3385.343
468.082 3681.934
468.358 3706.274
468.633 3766.632
468.909 3870.044
469.185 3921.167
469.460 3907.001
469.736 3872.666
470.011 3883.741
470.287 3900.958
470.562 3959.224
470.838 3990.463
471.114 3974.289
471.389 3868.226
471.665 3636.544
471.940 3450.951
472.216 3255.605
472.491 2938.739
472.767 2812.914
473.043 2650.640
473.318 2411.287
473.594 2198.707
473.869 1959.842
474.145 1716.707
474.421 1394.223
474.696 1124.638
474.972 927.207
475.247 718.160
475.523 583.007
475.798 551.999
476.074 565.691
476.350 505.607
476.625 442.920
476.901 408.259
477.176 401.731
477.452 357.577
477.727 335.195
478.003 339.933
478.279 362.289
478.554 348.059
478.830 334.169
479.105 363.945
479.381 355.461
479.656 354.444
479.932 329.767
480.208 321.334
480.483 390.775
480.759 416.051
481.034 399.467
481.310 369.162
481.585 326.077
481.861 290.793
482.137 269.350
482.412 314.348
482.688 241.426
482.963 254.221
483.239 277.010
483.514 300.055
483.790 244.452
484.066 246.204
484.341 299.849
484.617 266.647
484.892 257.159
485.168 279.048
485.443 253.917
485.719 205.208
485.995 213.727
486.270 264.059
486.546 278.371
486.821 242.761
487.097 207.729
487.373 199.633
487.648 224.828
487.924 224.605
488.199 252.870
488.475 223.399
488.750 245.508
489.026 263.411
489.302 237.894
489.577 214.130
489.853 234.486
490.128 222.731
490.404 233.275
490.679 201.962
490.955 208.605
491.231 239.884
491.506 237.181
491.782 237.412
492.057 215.651
492.333 218.585
492.608 205.863
492.884 202.926
493.160 224.450
493.435 226.849
493.711 233.710
493.986 250.130
494.262 237.628
494.537 236.646
494.813 235.895
495.089 178.169
495.364 150.662
495.640 175.218
495.915 215.491
496.191 200.166
496.467 206.273
496.742 239.768
497.018 240.240
497.293 250.110
497.569 296.798
497.844 230.057
498.120 293.422
498.396 427.931
498.671 509.784
498.947 541.560
499.222 690.208
499.498 782.435
499.773 911.787
500.049 1072.127
500.325 1175.990
500.600 1368.340
500.876 1645.985
501.151 1819.796
501.427 2075.638
501.702 2297.822
501.978 2452.595
502.254 2678.076
502.529 2906.769
502.805 2949.976
503.080 2945.892
503.356 3048.762
503.631 3133.658
503.907 3190.607
504.183 3214.897
504.458 3168.336
504.734 3269.277
505.009 3196.474
505.285 3172.380
505.560 3129.737
505.836 3138.976
506.112 3008.407
506.387 2908.203
506.663 2815.271
506.938 2708.090
507.214 2498.786
507.490 2395.250
507.765 2222.297
508.041 2031.579
508.316 1823.706
508.592 1540.072
508.867 1319.205
509.143 1223.405
509.419 1125.916
509.694 1015.331
509.970 969.191
510.245 792.074
510.521 731.280
510.796 596.682
511.072 582.694
511.348 553.614
511.623 528.687
511.899 486.354
512.174 522.612
512.450 509.195
512.725 408.995
513.001 409.579
513.277 338.875
513.552 320.417
513.828 366.135
514.103 352.965
514.379 356.270
514.654 377.220
514.930 450.152
515.206 495.832
515.481 628.313
515.757 669.196
516.032 606.896
516.308 672.116
516.583 761.214
516.859 815.232
517.135 931.102
517.410 1110.049
517.686 1223.750
517.961 1427.830
518.237 1565.699
518.513 1731.107
518.788 1929.625
519.064 2056.207
519.339 2178.966
519.615 2335.162
519.890 2410.054
520.166 2553.203
520.442 2719.175
520.717 2861.619
520.993 2876.898
521.268 2965.562
521.544 2934.762
521.819 2997.325
522.095 3020.359
522.371 3073.071
522.646 3138.266
522.922 3208.055
523.197 3197.517
523.473 3247.088
523.748 3269.096
524.024 3324.597
524.300 3410.720
524.575 3369.570
524.851 3393.492
525.126 3451.432
525.402 3522.676
525.677 3411.670
525.953 3255.443
526.229 3176.092
526.504 3251.857
526.780 3355.821
527.055 3285.347
527.331 3298.743
527.606 3324.890
527.882 3261.419
528.158 3251.132
528.433 3340.864
528.709 3297.676
528.984 3262.166
529.260 3119.400
529.535 2953.098
529.811 2882.011
530.087 2789.386
530.362 2641.783
530.638 2564.166
530.913 2502.572
531.189 2348.616
531.465 2215.410
531.740 2051.365
532.016 1959.538
532.291 1880.232
532.567 1755.968
532.842 1649.377
533.118 1586.960
533.394 1548.694
533.669 1440.811
533.945 1323.105
534.220 1264.738
534.496 1257.205
534.771 1254.530
535.047 1255.753
535.323 1217.915
535.598 1290.872
535.874 1381.975
536.149 1491.829
536.425 1857.279
536.700 2502.092
536.976 3195.232
537.252 3697.876
537.527 4152.391
537.803 4650.425
538.078 4978.497
538.354 5300.030
538.629 5762.922
538.905 6107.409
539.181 6600.716
539.456 7005.054
539.732 7368.335
540.007 7638.817
540.283 8045.574
540.558 8472.971
540.834 8615.349
541.110 8826.848
541.385 9106.055
541.661 9277.341
541.936 9360.865
542.212 9686.929
542.488 9770.178
542.763 9931.723
543.039 9808.638
543.314 9653.875
543.590 9461.872
543.865 9102.387
544.141 8622.743
544.417 8289.077
544.692 8037.835
544.968 7854.119
545.243 7580.613
545.519 7425.120
545.794 7122.360
546.070 6917.587
546.348 6889.643
546.627 6711.820
546.905 6520.487
547.183 6406.244
547.461 6384.396
547.740 6644.573
548.018 6856.942
548.296 7064.630
548.575 7147.052
548.853 7402.264
549.131 7767.705
549.409 7905.831
549.688 8083.409
549.966 8267.932
550.244 8351.264
550.523 8384.611
550.801 8469.378
551.079 8542.107
551.357 8678.604
551.636 8776.747
551.914 8822.551
552.192 9052.332
552.471 9433.429
552.749 9638.485
553.027 9930.179
553.306 10220.315
553.584 10534.965
553.862 10968.623
554.140 11422.452
554.419 11814.941
554.697 12049.025
554.975 12110.619
555.254 11944.332
555.532 11774.463
555.810 11660.536
556.088 11589.141
556.367 11314.554
556.645 11242.262
556.923 11015.607
557.202 10731.820
557.480 10534.992
557.758 10198.876
558.036 9878.797
558.315 9557.636
558.593 9227.529
558.871 8980.674
559.150 8735.299
559.428 8354.279
559.706 7768.147
559.984 7368.756
560.263 6924.812
560.541 6271.443
560.819 5643.572
561.098 5010.602
561.376 4320.217
561.654 3808.677
561.932 3348.434
562.211 2907.802
562.489 2629.222
562.767 2324.395
563.046 1977.923
563.324 1779.287
563.602 1620.572
563.880 1409.803
564.159 1249.533
564.437 1126.570
564.715 1025.923
564.994 901.161
565.272 858.934
565.550 753.603
565.828 692.905
566.107 736.343
566.385 679.159
566.663 616.126
566.942 622.480
567.220 576.370
567.498 519.231
567.776 495.191
568.055 428.844
568.333 362.497
568.611 394.986
568.890 400.765
569.168 343.623
569.446 288.881
569.725 270.523
570.003 280.183
570.281 299.796
570.559 323.005
570.838 280.723
571.116 298.435
571.394 274.209
571.673 287.083
571.951 205.808
572.229 183.477
572.507 208.921
572.786 220.796
573.064 210.299
573.342 187.903
573.621 132.659
573.899 131.682
574.177 168.919
574.455 198.409
574.734 192.731
575.012 164.354
575.290 173.329
575.569 130.361
575.847 49.035
576.125 81.419
576.403 127.667
576.682 133.691
576.960 136.909
577.243 175.159
577.527 178.286
577.810 178.285
578.093 158.736
578.377 188.693
578.660 188.692
578.944 113.592
579.227 98.964
579.510 83.204
579.794 90.230
580.077 108.970
580.360 150.744
580.644 201.538
580.927 173.904
581.210 153.028
581.494 112.496
581.777 48.701
582.061 77.633
582.344 87.679
582.627 113.601
582.911 93.659
583.194 104.730
583.477 133.671
583.761 134.668
584.044 92.751
584.327 81.853
584.611 50.883
584.894 124.808
585.178 100.831
585.461 74.856
585.744 66.863
586.028 79.929
586.311 110.928
586.594 87.927
586.878 47.926
587.161 54.925
587.444 72.924
587.728 107.923
588.011 106.922
588.295 80.921
588.578 94.825
588.861 56.862
589.145 59.918
589.428 64.982
589.711 46.916
589.995 50.864
590.278 42.871
590.562 38.913
590.845 65.846
591.128 79.751
591.412 17.874
591.695 9.899
591.978 23.860
592.262 -7.086
592.545 24.832
592.828 42.819
593.112 120.542
593.395 112.565
593.679 48.707
593.962 92.531
594.245 113.333
594.529 104.377
594.812 117.195
595.095 58.604
595.379 16.779
595.662 45.622
595.945 25.714
596.229 59.418
596.512 64.250
596.796 81.161
597.079 110.783
597.362 131.574
597.646 142.323
597.929 84.953
598.212 56.212
598.496 25.579
598.779 55.168
599.062 60.103
599.346 102.550
599.629 113.296
599.913 105.302
600.196 82.640
600.479 82.558
600.763 110.225
601.046 87.392
601.329 112.083
601.613 169.002
601.896 188.667
602.179 112.842
602.463 104.983
602.746 122.664
603.030 88.282
603.313 79.362
603.596 103.895
603.880 92.027
604.163 123.399
604.446 88.018
604.730 144.824
605.013 154.466
605.296 189.876
605.580 192.813
605.863 121.314
606.147 96.827
606.430 142.860
606.713 162.289
606.997 118.372
607.280 115.320
607.563 163.264
607.847 255.968
608.130 196.723
608.414 108.467
608.697 157.390
608.980 167.338
609.264 136.128
609.547 114.446
609.830 135.993
610.114 202.594
610.397 206.510
610.680 184.781
610.964 173.378
611.247 175.338
611.531 241.260
611.814 232.427
612.097 225.556
612.381 239.060
612.664 235.368
612.947 293.267
613.231 333.502
613.514 272.925
613.797 212.020
614.081 238.542
614.364 322.038
614.648 352.489
614.931 388.834
615.214 373.116
615.498 392.165
615.781 440.778
616.064 415.187
616.348 372.863
616.631 346.629
616.914 406.326
617.198 341.701
617.481 324.951
617.765 356.829
618.048 437.141
618.331 383.833
618.615 356.543
618.898 386.187
619.181 325.909
619.465 315.351
619.748 327.219
620.031 291.899
620.315 286.241
620.598 275.611
620.882 257.016
621.165 180.730
621.448 216.514
621.732 168.968
622.015 122.201
622.298 196.222
622.582 173.463
622.865 157.652
623.148 116.692
623.432 108.917
623.715 156.964
623.999 161.290
624.282 154.423
624.565 105.437
624.849 112.478
625.132 77.422
625.415 36.091
625.699 71.444
625.982 94.652
626.265 87.765
626.549 148.281
626.832 80.604
627.116 41.209
627.399 72.521
627.682 130.842
627.966 70.287
628.249 70.215
628.532 68.134
628.816 42.921
629.099 31.855
629.383 100.891
629.666 100.689
629.949 59.551
630.233 77.324
630.516 83.040
630.799 100.679
631.083 132.925
631.366 91.324
631.649 120.377
631.933 160.415
632.216 115.885
632.500 52.368
632.783 53.185
633.066 82.151
633.350 117.661
633.633 131.060
633.916 75.748
634.200 133.056
634.483 187.525
634.766 204.179
635.050 165.500
635.333 210.061
635.617 277.088
635.900 237.699
636.183 223.057
636.467 172.751
636.750 211.104
637.033 287.518
637.317 286.706
637.600 269.519
637.883 288.983
638.167 358.130
638.450 334.986
638.734 366.821
639.017 420.191
639.300 452.962
639.584 472.182
639.867 445.988
640.150 445.052
640.434 507.727
640.717 471.738
641.000 485.756
641.284 485.755
641.567 528.304
641.851 545.991
642.134 554.495
642.417 550.238
642.701 577.880
642.984 610.050
643.267 594.338
643.551 628.045
643.834 672.681
644.117 720.740
644.401 705.482
644.684 723.289
644.968 820.421
645.251 943.478
645.534 1009.143
645.818 1093.570
646.101 1107.742
646.384 1258.915
646.668 1326.520
646.951 1511.496
647.235 1714.043
647.518 1912.351
647.801 2082.463
648.085 2238.254
648.368 2316.484
648.651 2481.897
648.935 2752.107
649.218 2917.832
649.501 3191.081
649.785 3458.320
650.068 3776.165
650.352 4232.044
650.635 4584.814
650.918 5151.119
651.202 5681.909
651.485 6198.225
651.768 6848.603
652.052 7421.096
652.335 7910.916
652.618 8382.150
652.902 8731.025
653.185 8987.238
653.469 9349.157
653.752 9860.335
654.035 9895.850
654.319 10175.802
654.602 10581.761
654.885 10719.885
655.169 10942.753
655.452 11258.584
655.735 11381.147
656.019 11688.523
656.302 11905.193
656.586 12021.654
656.869 12264.718
657.152 12230.178
657.436 12028.861
657.719 11934.322
658.002 11720.197
658.286 11569.409
658.569 11260.095
658.852 11011.867
659.136 10745.901
659.419 10344.885
659.703 10205.798
659.986 10244.376
660.269 10241.821
660.553 10154.176
660.836 9880.801
661.119 9698.890
661.403 9515.995
661.686 9335.408
661.969 9176.710
662.253 8986.489
662.536 8883.846
662.820 8743.107
663.103 8609.232
663.386 8623.430
663.670 8480.428
663.953 8320.547
664.236 7884.195
664.520 7507.294
664.803 7285.409
665.086 7069.533
665.370 6865.955
665.653 6663.320
665.937 6586.913
666.220 6423.626
666.503 6356.689
666.787 6165.004
667.070 5937.697
667.353 5720.216
667.637 5511.858
667.920 5316.117
668.204 5081.069
668.487 4820.641
668.770 4651.415
669.054 4401.924
669.337 4275.931
669.620 4024.146
669.904 3799.070
670.187 3704.064
670.470 3553.761
670.754 3403.760
671.037 3206.221
671.321 2876.081
671.604 2631.578
671.887 2434.680
672.171 2238.159
672.454 2109.081
672.737 1915.656
673.021 1736.082
673.304 1595.153
673.587 1528.417
673.871 1348.434
674.154 1266.609
674.438 1272.021
674.721 1112.719
675.004 971.888
675.288 897.814
675.571 768.974
675.854 717.480
676.138 721.312
676.421 724.120
676.704 729.000
676.988 712.767
677.271 646.354
677.555 574.633
677.838 498.107
678.121 494.492
678.405 471.706
678.688 457.212
678.971 438.451
679.255 446.749
679.538 411.479
679.821 376.208
680.105 423.327
680.388 362.060
680.672 300.065
680.955 273.038
681.238 283.727
681.522 273.036
681.805 284.317
682.088 295.479
682.372 256.162
682.655 172.921
682.938 178.140
683.222 142.649
683.505 134.437
683.789 158.470
684.072 149.065
684.355 167.698
684.639 190.662
684.922 211.538
685.205 140.556
685.489 203.186
685.772 235.791
686.056 180.597
686.339 128.296
686.622 183.351
686.906 192.745
687.189 160.385
687.472 225.102
687.756 289.518
688.039 291.907
688.322 286.687
688.606 280.424
688.889 325.308
689.173 297.124
689.456 249.106
689.739 269.983
690.023 332.266
690.306 375.018
690.589 436.085
690.873 504.309
691.156 461.645
691.439 425.224
691.723 408.574
692.006 364.207
692.290 282.368
692.573 318.419
692.856 318.795
693.140 323.975
693.423 254.281
693.706 140.555
693.990 93.728
694.273 137.019
694.556 121.397
694.840 146.466
695.123 152.513
695.407 137.907
695.690 139.682
695.973 224.361
696.257 261.205
696.540 152.911
696.830 157.892
697.120 202.085
697.410 252.184
697.699 309.361
697.989 380.765
698.279 419.104
698.569 565.190
698.859 634.862
699.149 678.552
699.439 707.481
699.729 695.534
700.018 688.390
700.308 676.475
700.598 637.738
700.888 605.306
701.178 518.396
701.468 568.580
701.758 512.279
702.048 467.292
702.337 488.997
702.627 455.719
702.917 340.683
703.207 280.580
703.497 322.551
703.787 284.035
704.077 280.297
704.366 255.637
704.656 202.220
704.946 146.613
705.236 79.533
705.526 142.327
705.816 178.255
706.106 151.157
706.396 162.959
706.685 113.813
706.975 58.202
707.265 82.863
707.555 74.090
707.845 47.183
708.135 38.263
708.425 104.354
708.715 100.500
709.004 36.171
709.294 25.301
709.584 119.925
709.874 111.049
710.164 115.980
710.454 87.552
710.744 0.594
711.034 53.848
711.323 126.576
711.613 79.331
711.903 109.735
712.193 67.453
712.483 65.486
712.773 123.499
713.063 110.498
713.352 78.940
713.642 71.942
713.932 51.313
714.222 -9.157
714.512 30.735
714.802 88.755
715.092 42.242
715.382 94.385
715.671 65.244
715.961 31.399
716.251 27.545
716.541 45.805
716.831 80.376
717.121 58.093
717.411 75.206
717.701 57.023
717.990 77.119
718.280 40.677
718.570 -15.675
718.860 15.828
719.150 0.561
719.440 28.231
719.730 53.091
720.019 103.612
720.309 74.102
720.599 33.032
720.889 38.836
721.179 93.381
721.469 53.240
721.759 19.734
722.049 21.651
722.338 36.991
722.628 67.801
722.918 25.509
723.208 56.327
723.498 47.672
723.788 32.318
724.078 13.069
724.368 -38.980
724.657 -15.822
724.947 16.950
725.237 -3.305
725.527 17.930
725.817 37.199
726.107 72.123
726.397 65.352
726.686 39.240
726.976 87.595
727.266 42.140
727.556 11.192
727.846 53.796
728.136 22.796
728.426 13.150
728.716 36.405
729.005 63.537
729.295 45.125
729.585 47.154
729.875 58.690
730.165 40.318
730.455 1.520
730.745 -9.159
731.035 35.501
731.324 33.624
731.614 34.529
731.904 16.098
732.194 65.660
732.484 113.389
732.774 77.396
733.064 -0.425
733.354 -13.072
733.643 -23.842
733.933 11.268
734.223 15.167
734.513 81.443
734.803 75.668
735.093 46.399
735.383 61.093
735.672 11.288
735.962 -24.894
736.252 -46.376
736.542 -17.084
736.832 -25.900
737.122 47.604
737.412 57.407
737.702 54.519
737.991 32.929
738.281 -2.405
738.571 6.438
738.861 2.513
739.151 20.229
739.441 18.242
739.731 34.958
740.021 69.509
740.310 32.101
740.600 24.235
740.890 9.409
741.180 -16.239
741.470 -17.227
741.760 19.298
742.050 43.976
742.339 54.943
742.629 70.769
742.919 32.193
743.209 -11.318
743.499 23.290
743.789 40.144
744.079 1.529
744.369 24.277
744.658 40.182
744.948 56.974
745.238 31.262
745.528 56.038
745.818 90.815
746.108 94.783
746.398 77.995
746.688 72.036
746.977 55.154
747.267 11.459
747.557 24.393
747.847 49.243
748.137 66.207
748.427 77.152
748.717 63.284
749.006 19.440
749.296 -2.454
749.586 34.364
749.876 9.498
750.166 6.509
750.456 61.351
750.746 9.515
751.036 -9.447
751.325 11.510
751.615 29.503
751.905 -14.453
752.195 20.532
752.485 15.532
752.775 24.556
753.065 68.599
753.355 44.575
753.644 9.539
753.934 12.580
754.224 41.654
754.514 17.599
754.804 -49.621
755.094 -54.636
755.384 -25.550
755.674 29.616
755.963 40.648
756.253 53.741
756.543 68.732
756.833 46.759
757.123 72.816
757.413 55.803
757.703 7.561
757.992 -36.660
758.282 4.541
758.572 19.620
758.862 1.530
759.152 5.549
759.442 65.784
759.732 61.830
760.022 -21.588
760.311 -39.719
760.601 17.625
760.891 -29.659
761.181 -32.645
761.471 28.690
761.761 35.768
762.051 44.831
762.341 38.749
762.630 39.795
762.920 10.590
763.210 67.052
763.500 12.603
763.793 -31.707
764.086 60.941
764.379 52.831
764.671 51.824
764.964 0.516
765.257 2.528
765.550 8.581
765.843 1.524
766.136 -8.557
766.429 11.604
766.722 62.951
767.014 74.960
767.307 50.866
767.600 44.823
767.893 6.561
768.186 -30.738
768.479 -28.722
768.772 21.681
769.064 -5.537
769.357 19.644
769.650 56.962
769.943 56.904
770.236 -4.526
770.529 16.638
770.822 59.984
771.115 52.927
771.407 52.980
771.700 26.744
771.993 47.983
772.286 48.943
772.579 -43.849
772.872 -29.736
773.165 70.062
773.457 64.013
773.750 52.977
774.043 43.895
774.336 2.525
774.629 7.560
774.922 27.748
775.215 23.712
775.508 29.706
775.800 53.820
776.093 -10.577
776.386 -4.530
776.679 6.542
776.972 10.570
777.265 -1.515
777.558 -19.623
777.850 -20.608
778.143 -1.513
778.436 -4.533
778.729 29.642
779.022 31.651
779.315 26.626
779.608 46.726
779.900 41.700
780.193 2.504
780.486 83.826
780.779 56.661
781.072 -3.517
781.365 31.585
781.658 72.781
781.951 87.840
782.243 31.552
782.536 -32.642
782.829 -36.659
783.122 -8.547
783.415 -2.520
783.708 42.615
784.001 -18.569
784.293 -57.687
784.586 -5.525
784.879 15.516
785.172 30.515
785.465 12.509
785.758 62.609
786.051 50.585
786.344 -25.517
786.636 20.503
786.929 50.533
787.222 53.643
787.515 54.536
787.808 -39.479
788.101 -17.502
788.394 -7.512
788.686 28.452
788.979 102.480
789.272 70.409
789.565 64.350
789.858 0.478
790.151 -6.515
790.444 3.474
790.737 -7.523
791.029 22.432
791.322 36.404
791.615 58.301
791.908 65.411
792.201 10.455
792.494 -24.451
792.787 -21.439
793.079 -25.449
793.372 18.400
793.665 -1.522
793.958 -80.286
794.251 -26.448
794.544 -5.505
794.837 20.411
795.130 50.321
795.422 86.213
795.715 66.272
796.008 34.402
796.301 -41.364
796.594 -13.476
796.887 11.424
797.180 22.402
797.472 -0.530
797.765 23.398
798.058 3.454
798.351 67.266
798.644 88.203
798.937 28.382
799.230 49.270
799.523 69.258
799.815 80.225
800.108 53.306
800.401 41.341
800.694 84.296
800.987 69.257
801.280 -16.519
801.573 -29.507
801.865 -20.516
802.158 12.438
802.451 13.436
802.744 59.344
803.037 47.367
803.330 66.395
803.623 -12.514
803.915 -60.418
804.208 -3.536
804.501 -5.546
804.794 14.474
805.087 32.459
805.380 41.542
805.673 48.507
805.966 56.515
806.258 49.557
806.551 4.475
806.844 -51.750
807.137 -47.782
807.430 12.506
807.723 -7.574
808.016 -13.599
808.308 -19.663
808.601 -34.684
808.894 -22.681
809.187 -7.599
809.480 -44.815
809.773 13.521
810.066 -18.659
810.359 -46.875
810.651 -49.997
810.944 -33.818
811.237 40.819
811.530 4.492
811.825 -16.716
812.119 -10.645
812.414 39.809
812.709 -48.030
813.003 -1.569
813.298 95.500
813.593 47.061
813.887 -14.728
814.182 31.895
814.476 19.744
814.771 -13.759
815.066 -30.064
815.360 3.503
815.655 -4.627
815.950 37.077
816.244 31.990
816.539 17.783
816.834 -6.682
817.128 26.985
817.423 21.860
817.718 60.781
818.012 31.224
818.307 -0.570
818.602 1.479
818.896 18.935
819.191 16.899
819.486 25.172
819.780 47.829
820.075 23.159
820.369 27.343
820.664 -51.304
820.959 -74.078
821.253 -73.119
821.548 3.565
821.843 45.108
822.137 23.325
822.432 24.415
822.727 12.970
823.021 53.693
823.316 40.165
823.611 -10.013
823.905 -19.478
824.200 -2.698
824.495 14.173
824.789 3.625
825.084 -2.702
825.379 -5.870
825.673 22.635
825.968 20.566
826.262 25.884
826.557 11.088
826.852 -5.909
827.146 -26.079
827.441 38.635
827.736 93.878
828.030 51.469
828.325 66.276
828.620 38.675
828.914 33.402
829.209 15.287
829.504 7.880
829.798 -12.243
830.093 -4.831
830.388 25.824
830.682 24.741
830.977 -25.864
831.271 -14.255
831.566 -22.564
831.861 49.508
832.155 6.682
832.450 -106.183
832.745 -81.003
833.039 -41.699
833.334 -25.126
833.629 4.498
833.923 7.501
834.218 0.428
834.513 19.445
834.807 39.307
835.102 39.073
835.397 37.931
835.691 -5.483
835.986 -30.036
836.281 -1.544
836.575 6.285
836.870 25.803
837.164 23.873
837.459 14.084
837.754 -16.190
838.048 16.068
838.343 -9.382
838.638 -16.270
838.932 28.986
839.227 64.581
839.522 28.166
839.816 37.196
840.111 12.419
840.406 4.437
840.700 11.522
840.995 25.779
841.290 2.470
841.584 -3.670
841.879 40.678
842.174 55.469
842.468 7.750
842.763 9.881
843.057 31.128
843.352 28.072
843.647 -13.445
843.941 42.382
844.236 67.549
844.531 61.320
844.825 28.868
845.120 -26.988
845.415 24.712
845.709 14.838
846.004 38.279
846.299 38.407
846.593 -6.257
846.888 -46.781
847.183 -57.033
847.477 8.365
847.772 42.464
848.066 19.785
848.361 -8.644
848.656 -38.301
848.950 38.183
849.245 -1.820
849.540 -55.596
849.834 -13.277
850.129 25.698
850.424 9.654
850.718 -37.462
851.013 6.216
851.308 26.874
851.602 -25.939
851.897 2.770
852.192 57.872
852.486 22.230
852.781 -4.117
853.076 0.465
853.370 7.329
853.665 65.681
853.959 22.152
854.254 -21.203
854.549 -25.735
854.843 -10.929
855.138 -25.619
855.433 -32.386
855.727 -68.549
856.022 -0.675
856.317 17.384
856.611 7.210
856.906 76.770
857.201 32.961
857.495 -53.242
857.790 18.325
858.085 7.128
858.379 -25.083
858.674 5.993
858.969 8.204
859.263 23.646
859.558 90.748
859.852 80.658
860.147 26.753
860.442 9.179
860.736 -13.728
861.031 -22.369
861.326 -2.823
861.620 36.027
861.915 60.707
862.210 9.009
862.504 15.414
862.799 1.488
863.094 -8.090
863.388 14.220
863.683 -19.729
863.978 -21.735
864.272 -32.216
864.567 -2.734
864.861 -0.635
865.156 -4.803
865.451 -19.362
865.745 -70.059
866.040 -15.074
866.335 -18.133
866.629 15.836
866.924 -3.700
867.219 -22.117
867.513 27.979
867.808 19.727
868.103 1.409
868.397 -64.382
868.692 -20.818
868.987 -54.097
869.281 -39.809
869.576 -18.648
869.871 -27.638
870.165 -31.517
870.460 25.287
870.754 89.849
871.049 74.790
871.344 -56.052
871.638 -68.719
871.933 3.337
872.228 -0.603
872.522 4.309
872.817 24.840
873.112 9.184
873.406 -5.477
873.701 34.523
873.996 27.639
874.290 -50.209
874.585 -34.578
874.880 -46.184
875.174 -1.563
875.469 -22.817
875.764 -53.684
876.058 -6.381
876.353 11.884
876.647 -50.545
876.942 -24.585
877.237 -3.462
877.531 -79.788
877.826 -16.795
878.121 43.138
878.415 26.003
878.710 61.914
879.005 -12.873
879.299 11.669
879.594 12.587
879.889 -16.560
880.183 -20.282
880.478 3.161
880.773 48.907
881.067 15.264
881.362 21.747
881.656 20.740
881.951 -5.206
882.246 26.203
882.540 44.587
882.835 29.758
883.130 -17.101
883.424 -60.095
883.719 -26.164
884.014 15.840
884.308 39.504
884.603 -13.283
884.898 -50.385
885.192 3.049
885.487 -4.178
885.782 -9.573
886.076 1.236
886.371 -18.515
886.666 -1.459
886.960 71.123
887.255 39.725
887.549 44.122
887.844 19.993
888.139 -4.124
888.433 -9.455
888.728 -35.194
889.023 -5.887
889.317 -28.926
889.612 -79.388
889.907 -35.070
890.201 42.806
890.496 14.474
890.791 -13.807
891.085 34.748
891.380 12.683
891.675 -42.077
891.969 -22.642
892.264 35.567
892.559 33.835
892.853 6.503
893.148 21.507
893.442 28.518
893.737 -8.494
894.032 -19.941
894.326 -7.606
894.621 -12.012
894.916 -34.950
895.210 -19.061
895.505 -1.444
895.800 -4.098
896.094 -6.738
896.389 -31.452
896.684 8.273
896.978 24.152
897.273 -5.867
897.568 2.972
897.862 26.847
898.157 41.878
898.451 48.994
898.746 -50.121
899.041 -63.452
899.335 -5.879
899.630 -28.934
899.925 -20.937
900.219 -35.995
900.514 -38.721
900.809 24.343
901.103 54.495
901.398 2.985
901.693 -2.350
901.987 -22.852
902.282 -33.517
902.577 -29.117
902.871 -43.352
903.166 -53.203
903.461 19.071
903.755 23.556
904.050 20.931
904.344 27.252
904.639 7.496
904.934 -1.474
905.228 -14.966
905.523 15.651
905.818 -2.381
906.112 -27.607
906.407 -55.635
906.702 10.268
906.996 25.615
907.291 42.065
907.586 38.365
907.880 11.222
908.175 -31.495
908.470 -2.405
908.764 15.763
909.059 -10.606
909.354 9.447
909.648 51.465
909.943 49.638
910.237 0.323
910.532 -33.590
910.827 3.990
911.121 39.773
911.416 39.846
911.711 9.515
912.005 5.849
912.300 19.697
912.599 17.901
912.898 5.875
913.196 4.036
913.495 62.477
913.794 40.288
914.093 -43.315
914.391 -52.698
914.690 10.587
914.989 33.940
915.288 8.721
915.586 8.737
915.885 0.327
916.184 20.965
916.483 28.469
916.782 12.545
917.080 24.763
917.379 45.525
917.678 22.947
917.977 -11.959
918.275 -10.079
918.574 9.816
918.873 0.329
919.172 23.165
919.471 5.082
919.769 -13.970
920.068 -2.535
920.367 38.608
920.666 38.756
920.964 22.447
921.263 7.076
921.562 -18.008
921.861 -79.047
922.159 -48.163
922.458 -17.126
922.757 -23.985
923.056 -13.337
923.355 -68.224
923.653 -5.541
923.952 45.568
924.251 41.675
924.550 25.953
924.848 15.160
925.147 12.231
925.446 5.299
925.745 43.082
926.043 27.232
926.342 -4.655
926.641 13.340
926.940 -15.707
927.239 -6.700
927.537 -18.849
927.836 51.963
928.135 49.025
928.434 5.426
928.732 48.305
929.031 46.406
929.330 32.142
929.629 12.680
929.927 43.602
930.226 -12.073
930.525 -107.758
930.824 -36.145
931.123 -10.108
931.421 -19.563
931.720 26.754
932.019 67.165
932.318 100.464
932.616 7.854
932.915 28.379
933.214 -24.582
933.513 -35.622
933.812 -56.713
934.110 -28.391
934.409 -34.187
934.708 -37.912
935.007 11.703
935.305 8.401
935.604 -26.326
935.903 -113.592
936.202 -106.367
936.500 -102.718
936.799 -104.092
937.098 -4.522
937.397 -7.094
937.696 -46.415
937.994 -45.553
938.293 34.020
938.592 59.256
938.891 -55.264
939.189 12.508
939.488 -22.526
939.787 -20.068
940.086 -2.313
940.384 -19.039
940.683 32.812
940.982 24.546
941.281 3.313
941.580 -42.448
941.878 -9.613
942.177 45.338
942.476 -8.256
942.775 44.404
943.073 -50.913
943.372 -18.581
943.671 6.345
943.970 28.298
944.268 -24.411
944.567 -112.095
944.866 -50.692
945.165 -2.443
945.464 -3.903
945.762 75.945
946.061 19.257
946.360 49.389
946.659 69.234
946.957 16.156
947.256 -54.936
947.555 -41.974
947.854 -70.163
948.153 -55.724
948.451 -40.050
948.750 -35.612
949.049 -24.314
949.348 -88.598
949.646 14.064
949.945 36.973
950.244 -56.245
950.543 -104.125
950.841 -47.570
951.140 -71.191
951.439 -84.991
951.738 -50.428
952.037 -33.392
952.335 -3.456
952.634 78.819
952.933 -14.935
953.232 -12.346
953.530 4.198
953.829 36.788
954.128 64.230
954.427 -82.833
954.725 -62.414
955.024 -10.651
955.323 4.043
955.622 -34.807
955.921 -17.731
956.219 -50.279
956.518 -35.462
956.817 20.543
957.116 -61.162
957.414 -44.437
957.713 39.105
958.012 -5.477
958.311 -45.033
958.610 -35.637
958.908 -4.248
959.207 -62.710
959.506 -87.539
959.805 13.995
960.103 -4.182
960.402 71.705
960.701 47.814
961.000 -17.643
961.298 0.353
961.597 4.832
961.896 -38.711
962.195 -0.761
962.494 44.595
962.792 28.948
963.091 -50.371
963.390 2.542
963.689 23.293
963.987 29.721
964.286 -19.225
964.585 -35.568
964.884 12.270
965.182 59.668
965.481 37.970
965.780 20.743
966.080 35.819
966.380 19.669
966.680 24.932
966.981 6.743
967.281 25.918
967.581 -3.933
967.881 -19.925
968.181 -14.595
968.481 -25.148
968.781 16.253
969.082 42.566
969.382 43.621
969.682 60.262
969.982 -73.282
970.282 -58.746
970.582 29.925
970.882 61.056
971.183 90.565
971.483 59.023
971.783 18.067
972.083 23.237
972.383 25.241
972.683 -33.739
972.983 1.353
973.284 -24.426
973.584 -30.580
973.884 48.770
974.184 -6.872
974.484 -25.458
974.784 -15.102
975.084 6.454
975.385 15.602
975.685 37.989
975.985 0.311
976.285 -22.115
976.585 32.830
976.885 -26.087
977.185 -5.782
977.486 23.611
977.786 17.568
978.086 29.570
978.386 10.397
978.686 -1.714
978.986 -9.697
979.286 -51.697
979.587 -18.697
979.887 12.303
980.187 17.302
980.487 41.302
980.787 78.302
981.087 58.302
981.387 -67.698
981.688 -36.699
981.988 12.301
982.288 -23.699
982.588 -28.699
982.888 6.301
983.188 -22.699
983.488 -24.700
983.789 -28.700
984.089 -28.700
984.389 20.300
984.689 17.300
984.989 -45.701
985.289 14.299
985.589 7.299
985.890 50.299
986.190 47.299
986.490 -2.702
986.790 -58.702
987.090 -99.702
987.390 -35.702
987.690 -19.702
987.991 -17.703
988.291 5.297
988.591 62.297
988.891 32.297
989.191 10.297
989.491 27.297
989.791 14.296
990.092 -11.704
990.392 41.296
990.692 46.296
990.992 -21.704
991.292 -82.705
991.592 -44.705
991.892 22.295
992.193 54.295
992.493 73.295
992.793 0.294
993.093 29.294
993.393 4.294
993.693 3.294
993.993 55.294
994.294 70.294
994.594 61.293
994.894 5.293
995.194 3.293
995.494 12.293
995.794 -37.707
996.094 -10.708
996.395 -23.708
996.695 -45.708
996.995 -32.708
997.295 -40.708
997.595 27.292
997.895 -12.709
998.195 -30.709
998.496 -102.709
998.796 -92.709
999.096 -62.709
999.396 -9.710
999.696 2.290
999.996 -17.710
1000.296 -14.710
1000.597 -58.710
1000.897 -62.710
1001.197 -23.711
1001.497 -16.711
1001.797 -10.711
1002.097 -5.711
1002.397 -22.711
1002.698 -29.712
1002.998 -7.712
1003.298 -8.712
1003.598 -33.712
1003.898 -61.712
1004.198 -60.712
1004.498 -23.713
1004.799 -27.713
1005.099 -48.713
1005.399 -0.713
1005.699 93.287
1005.999 24.286
1006.299 -16.714
1006.599 -3.714
1006.900 -16.714
1007.200 4.286
1007.500 -22.714
1007.800 -20.715
1008.100 26.285
1008.400 113.285
1008.700 82.285
1009.001 77.285
1009.301 79.285
1009.601 9.284
1009.901 32.284
1010.201 35.284
1010.501 -25.716
1010.801 16.284
1011.102 81.283
1011.402 63.283
1011.702 7.283
1012.002 -68.717
1012.302 -38.717
1012.602 -41.717
1012.902 -23.718
1013.203 -19.718
1013.503 30.282
1013.803 82.282
1014.103 65.282
1014.403 -3.718
1014.703 -2.719
1015.003 69.281
1015.304 54.281
1015.604 18.281
1015.904 46.281
1016.204 51.280
1016.504 26.280
1016.804 54.280
1017.104 -6.720
1017.405 -22.720
1017.705 -8.720
1018.005 12.279
1018.305 25.279
1018.605 34.279
1018.905 43.279
1019.205 47.279
1019.506 63.279
1019.806 31.278
1020.106 40.278
1020.406 13.278
1020.706 8.278
1021.006 -18.722
1021.306 -51.722
1021.607 10.277
1021.907 29.277
1022.207 0.277
1022.507 46.277
1022.807 53.277
1023.107 62.277
1023.407 46.276
1023.708 -10.724
1024.008 -78.724
1024.308 -4.724
1024.608 -30.724
1024.908 -43.724
1025.208 2.275
1025.508 -6.725
1025.809 -31.725
1026.109 33.275
1026.409 82.275
1026.709 -40.725
1027.009 -42.726
1027.309 28.274
1027.609 3.274
1027.910 -21.726
1028.210 48.274
1028.510 53.274
1028.810 -0.727
1029.110 3.273
1029.410 20.273
1029.710 -57.727
1030.011 -21.727
1030.311 2.273
1030.611 -7.728
1030.911 -31.728
1031.211 -37.728
1031.511 -3.728
1031.811 -15.728
1032.112 -13.728
1032.412 -19.729
1032.712 52.271
1033.012 58.271
1033.312 2.271
1033.612 43.271
1033.912 50.271
1034.212 47.270
1034.513 5.270
1034.813 -5.730
1035.113 23.270
1035.413 43.270
1035.713 7.270
1036.013 -30.731
1036.313 7.269
1036.614 17.269
1036.914 34.269
1037.214 14.269
1037.514 2.269
1037.814 53.268
1038.114 4.268
1038.414 -19.732
1038.715 21.268
1039.015 29.268
1039.315 -15.732
1039.615 23.267
1039.915 46.267
1040.215 74.267
1040.515 77.267
1040.816 48.267
1041.116 10.267
1041.416 1.267
1041.716 44.266
1042.016 47.266
1042.316 10.266
1042.616 35.266
1042.917 -23.734
1043.217 -6.734
1043.517 14.265
1043.817 -59.735
1044.117 -37.735
1044.417 -11.735
1044.717 -16.735
1045.018 11.265
1045.318 23.264
1045.618 40.264
1045.918 58.264
1046.218 34.264
1046.518 70.264
1046.818 16.264
1047.119 -36.737
1047.419 -92.737
1047.719 1.263
1048.019 77.263
1048.319 12.263
1048.619 36.263
1048.919 54.263
1049.220 53.262
1049.520 11.262
1049.820 38.262
1050.120 11.262
1050.420 -7.738
1050.720 -32.738
1051.020 -8.739
1051.321 12.261
1051.621 -2.739
1051.921 14.261
1052.221 3.261
1052.521 23.261
1052.821 52.261
1053.121 51.260
1053.422 78.260
1053.722 51.260
1054.022 22.260
1054.322 49.260
1054.622 71.260
1054.922 39.259
1055.222 1.259
1055.523 2.259
1055.823 -30.741
1056.123 45.259
1056.423 52.259
1056.723 36.259
1057.023 83.258
1057.323 37.258
1057.624 11.258
1057.924 39.258
1058.224 -4.742
1058.524 -22.742
1058.824 2.257
1059.124 38.257
1059.424 39.257
1059.725 29.257
1060.025 112.257
1060.325 128.257
1060.625 69.257
1060.925 22.256
1061.225 4.256
1061.525 -2.744
1061.826 5.256
1062.126 45.256
1062.426 24.256
1062.726 30.255
1063.026 29.255
1063.326 -4.745
1063.626 -23.745
1063.927 -4.745
1064.227 -16.745
1064.527 -12.745
1064.827 3.254
1065.127 22.254
1065.427 40.254
1065.727 89.254
1066.028 39.254
1066.328 13.254
1066.628 17.254
1066.928 -10.747
1067.228 -10.747
1067.528 16.253
1067.828 65.253
1068.129 20.253
1068.429 40.253
1068.729 34.252
1069.029 62.252
1069.329 30.252
1069.629 22.252
1069.929 20.252
1070.230 6.252
1070.530 6.252
1070.830 42.251
1071.130 68.251
1071.430 104.251
1071.730 78.251
1072.030 61.251
1072.331 17.251
1072.631 -35.749
1072.931 7.250
1073.231 27.250
1073.531 -2.750
1073.831 32.250
1074.131 22.250
1074.432 36.250
1074.732 16.250
1075.032 -34.751
1075.332 -3.751
1075.632 19.249
1075.932 -29.751
1076.232 -13.751
1076.533 41.249
1076.833 28.249
1077.133 47.248
1077.433 66.248
1077.733 15.248
1078.033 -0.752
1078.333 31.248
1078.634 26.248
1078.934 39.248
1079.234 61.247
1079.534 70.247
1079.834 48.247
1080.134 -0.753
1080.434 21.247
1080.735 38.247
1081.035 49.247
1081.335 37.246
1081.635 -13.754
1081.935 -15.754
1082.235 22.246
1082.535 -6.754
1082.836 41.246
1083.136 97.246
1083.436 83.245
1083.736 14.245
1084.036 -21.755
1084.336 38.245
1084.636 57.245
1084.937 -18.755
1085.237 3.245
1085.537 34.244
1085.837 77.244
1086.137 94.244
1086.437 11.244
1086.737 -24.756
1087.038 -21.756
1087.338 23.244
1087.638 44.243
1087.938 21.243
1088.238 58.243
1088.538 20.243
1088.838 -3.757
1089.139 74.243
1089.439 13.243
1089.739 21.242
1090.039 21.242
1090.339 0.242
1090.639 -58.758
1090.939 -53.758
1091.240 14.242
1091.540 50.242
1091.840 65.241
1092.140 18.241
1092.453 55.241
1092.766 18.241
1093.079 30.241
1093.392 52.241
1093.705 2.241
1094.018 -8.759
1094.330 62.240
1094.643 92.240
1094.956 45.240
1095.269 -7.760
1095.582 23.240
1095.895 24.240
1096.208 14.240
1096.521 41.239
1096.834 82.239
1097.147 39.239
1097.460 -16.761
1097.773 -16.761
1098.085 -6.761
1098.398 -27.761
1098.711 -15.762
1099.024 29.238
1099.337 28.238
1099.650 16.238
1099.963 4.238
1100.276 14.238
1100.589 12.238
1100.902 18.238
1101.215 -11.763
1101.528 -56.763
1101.841 -44.763
1102.153 9.237
1102.466 2.237
1102.779 -47.763
1103.092 -23.763
1103.405 5.236
1103.718 10.236
1104.031 -15.764
1104.344 -13.764
1104.657 14.236
1104.970 -24.764
1105.283 -14.764
1105.596 43.236
1105.909 63.235
1106.221 60.235
1106.534 -45.765
1106.847 -40.765
1107.160 63.235
1107.473 38.235
1107.786 -8.765
1108.099 27.234
1108.412 16.234
1108.725 -25.766
1109.038 -7.766
1109.351 59.234
1109.664 -35.766
1109.977 -18.766
1110.289 51.234
1110.602 -5.767
1110.915 -43.767
1111.228 -24.767
1111.541 -2.767
1111.854 49.233
1112.167 52.233
1112.480 3.233
1112.793 -39.768
1113.106 -35.768
1113.419 -36.768
1113.732 16.232
1114.044 57.232
1114.357 19.232
1114.670 41.232
1114.983 102.232
1115.296 53.231
1115.609 -32.769
1115.922 -54.769
1116.235 -3.769
1116.548 14.231
1116.861 65.231
1117.174 55.231
1117.487 41.231
1117.800 8.230
1118.112 -15.770
1118.425 14.230
1118.738 44.230
1119.051 -5.770
1119.364 -10.770
1119.677 -1.770
1119.990 10.229
1120.303 28.229
1120.616 37.229
1120.929 63.229
1121.242 38.229
1121.555 21.229
1121.868 -19.771
1122.180 31.229
1122.493 -26.772
1122.806 -36.772
1123.119 22.228
1123.432 -17.772
1123.745 18.228
1124.058 66.228
1124.371 33.228
1124.684 11.228
1124.997 54.227
1125.310 -1.773
1125.623 -58.773
1125.935 49.227
1126.248 55.227
1126.561 2.227
1126.874 -25.773
1127.187 6.227
1127.500 13.226
1127.813 -30.774
1128.126 -29.774
1128.439 -9.774
1128.752 19.226
1129.065 41.226
1129.378 -51.774
1129.691 -24.774
1130.003 -5.775
1130.316 -46.775
1130.629 -38.775
1130.942 -11.775
1131.255 11.225
1131.568 -0.775
1131.881 36.225
1132.194 -10.775
1132.507 5.224
1132.820 26.224
1133.133 30.224
1133.446 12.224
1133.759 30.224
1134.071 4.224
1134.384 -75.776
1134.697 0.224
1135.010 9.223
1135.323 -19.777
1135.636 -6.777
1135.949 1.223
1136.262 -53.777
1136.575 -68.777
1136.888 -48.777
1137.201 -39.777
1137.514 -73.778
1137.826 -10.778
1138.139 11.222
1138.452 34.222
1138.765 55.222
1139.078 21.222
1139.391 -14.778
1139.704 -10.778
1140.017 -14.778
1140.330 -18.779
1140.643 -33.779
1140.956 8.221
1141.269 -11.779
1141.582 -24.779
1141.894 38.221
1142.207 37.221
1142.520 -2.779
1142.833 -12.780
1143.146 -4.780
1143.459 -8.780
1143.772 4.220
1144.085 -10.780
1144.398 7.220
1144.711 -7.780
1145.024 -26.780
1145.337 -40.781
1145.650 -38.781
1145.962 -34.781
1146.275 11.219
1146.588 3.219
1146.901 7.219
1147.214 -21.781
1147.527 -7.781
1147.840 -47.782
1148.153 -25.782
1148.466 -11.782
1148.779 12.218
1149.092 16.218
1149.405 20.218
1149.718 47.218
1150.030 -5.782
1150.343 -30.782
1150.656 -13.783
1150.969 -19.783
1151.282 -1.783
1151.595 -23.783
1151.908 17.217
1152.221 -0.783
1152.534 -25.783
1152.847 7.217
1153.160 11.216
1153.473 30.216
1153.785 87.216
1154.098 -0.784
1154.411 -48.784
1154.724 -17.784
1155.037 -28.784
1155.350 27.216
1155.663 9.216
1155.976 -52.785
1156.289 -37.785
1156.602 22.215
1156.915 16.215
1157.228 0.215
1157.541 -33.785
1157.853 -35.785
1158.166 -8.785
1158.479 71.214
1158.792 69.214
1159.105 47.214
1159.418 29.214
1159.731 51.214
1160.044 -11.786
1160.357 -40.786
1160.670 -42.786
1160.983 16.214
1161.296 -26.787
1161.609 18.213
1161.921 10.213
1162.234 -25.787
1162.547 27.213
1162.860 19.213
1163.173 7.213
1163.486 4.213
1163.799 -50.787
1164.112 -83.788
1164.425 -30.788
1164.738 -0.788
1165.051 -0.788
1165.364 18.212
1165.676 17.212
1165.989 8.212
1166.302 16.212
1166.615 4.212
1166.928 -9.789
1167.241 -27.789
1167.554 -46.789
1167.867 -59.789
1168.180 5.211
1168.493 46.211
1168.806 19.211
1169.119 -29.789
1169.432 -28.790
1169.744 -5.790
1170.057 3.210
1170.370 5.210
1170.683 -16.790
1170.996 -3.790
1171.309 28.210
1171.622 -21.790
1171.935 42.210
1172.248 78.209
1172.561 -24.791
1172.874 -41.791
1173.187 -14.791
1173.500 -28.791
1173.812 58.209
1174.125 63.209
1174.438 -20.791
1174.751 16.209
1175.064 30.208
1175.377 -3.792
1175.690 -21.792
1176.003 5.208
1176.316 29.208
1176.629 -8.792
1176.942 20.208
1177.255 -22.792
1177.567 -25.792
1177.880 -43.793
1178.193 -79.793
1178.506 -92.793
1178.819 -25.793
1179.132 41.207
1179.445 1.207
1179.758 33.207
1180.071 -3.793
1180.384 -54.793
1180.697 -26.794
1181.010 8.206
1181.323 -10.794
1181.635 -34.794
1181.948 2.206
1182.261 53.206
1182.574 56.206
1182.887 40.206
1183.200 2.206
1183.513 -40.794
1183.826 -20.795
1184.139 -7.795
1184.452 -21.795
1184.765 -33.795
1185.078 -20.795
1185.391 -26.795
1185.703 -1.795
1186.016 25.205
1186.329 30.205
1186.642 10.204
1186.955 -11.796
1187.268 -12.796
1187.581 10.204
1187.894 24.204
1188.207 45.204
1188.520 61.204
1188.833 64.204
1189.146 45.204
1189.459 58.203
1189.771 15.203
1190.084 -3.797
1190.397 4.203
1190.710 4.203
1191.023 23.203
1191.336 -13.797
1191.649 -4.797
1191.962 33.203
1192.275 27.203
1192.588 10.202
1192.901 -75.798
1193.214 -75.798
1193.526 -29.798
1193.839 -32.798
1194.152 14.202
1194.465 -1.798
1194.778 -6.798
1195.091 80.202
1195.404 77.201
1195.717 31.201
1196.030 18.201
1196.343 12.201
1196.656 -21.799
1196.969 -70.799
1197.282 -30.799
1197.594 -51.799
1197.907 26.201
1198.220 42.200
1198.533 43.200
1198.846 -10.800
1199.159 -34.800
1199.472 -51.800
1199.785 -48.800
