"Time (ps)"	"Counts per bin"
0	4893
100000000	4735
200000000	4874
300000000	4746
400000000	4792
500000000	4729
600000000	4705
700000000	4690
800000000	4752
900000000	4692
1000000000	4685
1100000000	4759
1200000000	4668
1300000000	4737
1400000000	4714
1500000000	4736
1600000000	4664
1700000000	4692
1800000000	4714
1900000000	4761
2000000000	4697
2100000000	4751
2200000000	4761
2300000000	4716
2400000000	4580
2500000000	4804
2600000000	4687
2700000000	4658
2800000000	4671
2900000000	4612
3000000000	4710
3100000000	4744
3200000000	4748
3300000000	4613
3400000000	4715
3500000000	4718
3600000000	4610
3700000000	4729
3800000000	4703
3900000000	4696
4000000000	4606
4100000000	4652
4200000000	4718
4300000000	4661
4400000000	4664
4500000000	4814
4600000000	4621
4700000000	4794
4800000000	4694
4900000000	4709
5000000000	4596
5100000000	4663
5200000000	4602
5300000000	4546
5400000000	4646
5500000000	4614
5600000000	4783
5700000000	4685
5800000000	4702
5900000000	4767
6000000000	4663
6100000000	4727
6200000000	4611
6300000000	4807
6400000000	4648
6500000000	4730
6600000000	4730
6700000000	4656
6800000000	4656
6900000000	4645
7000000000	4748
7100000000	4765
7200000000	4658
7300000000	4612
7400000000	4719
7500000000	4639
7600000000	4835
7700000000	4639
7800000000	4668
7900000000	4672
8000000000	4748
8100000000	4730
8200000000	4692
8300000000	4683
8400000000	4702
8500000000	4577
8600000000	4724
8700000000	4581
8800000000	4582
8900000000	4597
9000000000	4756
9100000000	4702
9200000000	4803
9300000000	4615
9400000000	4603
9500000000	4761
9600000000	4851
9700000000	4673
9800000000	4741
9900000000	4631
10000000000	4593
10100000000	4667
10200000000	4721
10300000000	4642
10400000000	4814
10500000000	4797
10600000000	4616
10700000000	4615
10800000000	4782
10900000000	4664
11000000000	4727
11100000000	4692
11200000000	4637
11300000000	4653
11400000000	4594
11500000000	4852
11600000000	4728
11700000000	4831
11800000000	4701
11900000000	4621
12000000000	4797
12100000000	4628
12200000000	4845
12300000000	4686
12400000000	4749
12500000000	4731
12600000000	4687
12700000000	4598
12800000000	4591
12900000000	4575
13000000000	4554
13100000000	4644
13200000000	4770
13300000000	4662
13400000000	4854
13500000000	4609
13600000000	4623
13700000000	4687
13800000000	4663
13900000000	4781
14000000000	4751
14100000000	4661
14200000000	4692
14300000000	4636
14400000000	4806
14500000000	4648
14600000000	4819
14700000000	4694
14800000000	4817
14900000000	4675
15000000000	4697
15100000000	4697
15200000000	4799
15300000000	4665
15400000000	4696
15500000000	4726
15600000000	4753
15700000000	4550
15800000000	4745
15900000000	4648
16000000000	4700
16100000000	4651
16200000000	4678
16300000000	4476
16400000000	4700
16500000000	4623
16600000000	4890
16700000000	4694
16800000000	4684
16900000000	4759
17000000000	4746
17100000000	4692
17200000000	4724
17300000000	4695
17400000000	4847
17500000000	4765
17600000000	4652
17700000000	4737
17800000000	4772
17900000000	4720
18000000000	4582
18100000000	4815
18200000000	4652
18300000000	4752
18400000000	4724
18500000000	4747
18600000000	4559
18700000000	4779
18800000000	4540
18900000000	4704
19000000000	4756
19100000000	4751
19200000000	4660
19300000000	4801
19400000000	4743
19500000000	4690
19600000000	4603
19700000000	4727
19800000000	4702
19900000000	4606
20000000000	4620
20100000000	4749
20200000000	4576
20300000000	4521
20400000000	4691
20500000000	4710
20600000000	4601
20700000000	4664
20800000000	4815
20900000000	4775
21000000000	4691
21100000000	4648
21200000000	4620
21300000000	4619
21400000000	4610
21500000000	4689
21600000000	4584
21700000000	4687
21800000000	4569
21900000000	4740
22000000000	4751
22100000000	4627
22200000000	4635
22300000000	4699
22400000000	4759
22500000000	4633
22600000000	4721
22700000000	4603
22800000000	4714
22900000000	4732
23000000000	4777
23100000000	4651
23200000000	4635
23300000000	4836
23400000000	4757
23500000000	4617
23600000000	4733
23700000000	4706
23800000000	4652
23900000000	4604
24000000000	4682
24100000000	4734
24200000000	4661
24300000000	4679
24400000000	4780
24500000000	4717
24600000000	4673
24700000000	4817
24800000000	4583
24900000000	4689
25000000000	4718
25100000000	4890
25200000000	4781
25300000000	4980
25400000000	4865
25500000000	4826
25600000000	4888
25700000000	4967
25800000000	5029
25900000000	4906
26000000000	4942
26100000000	5041
26200000000	4958
26300000000	4936
26400000000	5043
26500000000	4976
26600000000	4956
26700000000	5027
26800000000	5157
26900000000	4927
27000000000	5017
27100000000	4958
27200000000	4966
27300000000	5024
27400000000	4838
27500000000	4857
27600000000	5019
27700000000	4925
27800000000	5016
27900000000	4946
28000000000	5146
28100000000	4910
28200000000	4911
28300000000	4885
28400000000	5020
28500000000	4978
28600000000	4924
28700000000	5029
28800000000	5026
28900000000	5011
29000000000	4954
29100000000	4942
29200000000	5084
29300000000	4995
29400000000	4921
29500000000	4987
29600000000	4968
29700000000	4995
29800000000	5088
29900000000	4953
30000000000	4994
30100000000	5064
30200000000	4948
30300000000	5013
30400000000	5013
30500000000	5083
30600000000	4880
30700000000	4932
30800000000	5053
30900000000	5078
31000000000	4898
31100000000	5101
31200000000	4996
31300000000	4937
31400000000	4916
31500000000	5086
31600000000	5075
31700000000	5116
31800000000	4910
31900000000	5081
32000000000	4968
32100000000	4881
32200000000	4979
32300000000	4987
32400000000	4822
32500000000	4892
32600000000	5034
32700000000	4942
32800000000	5015
32900000000	4907
33000000000	4905
33100000000	5020
33200000000	4959
33300000000	4991
33400000000	5038
33500000000	5118
33600000000	5119
33700000000	4935
33800000000	5070
33900000000	5063
34000000000	4995
34100000000	4996
34200000000	5075
34300000000	4971
34400000000	4936
34500000000	4986
34600000000	4961
34700000000	5017
34800000000	5006
34900000000	4981
35000000000	5069
35100000000	5026
35200000000	5021
35300000000	5033
35400000000	4897
35500000000	4921
35600000000	4901
35700000000	4932
35800000000	4992
35900000000	4993
36000000000	4980
36100000000	5020
36200000000	4963
36300000000	5029
36400000000	5056
36500000000	4965
36600000000	4935
36700000000	4940
36800000000	5004
36900000000	4857
37000000000	5000
37100000000	4915
37200000000	4996
37300000000	5087
37400000000	4816
37500000000	4880
37600000000	4867
37700000000	4945
37800000000	4975
37900000000	4943
38000000000	5068
38100000000	4981
38200000000	5090
38300000000	5061
38400000000	4887
38500000000	5031
38600000000	5001
38700000000	4948
38800000000	5073
38900000000	4945
39000000000	5135
39100000000	4919
39200000000	5057
39300000000	5067
39400000000	5021
39500000000	4934
39600000000	4871
39700000000	5084
39800000000	4988
39900000000	4956
40000000000	4960
40100000000	5135
40200000000	4966
40300000000	5103
40400000000	5025
40500000000	5043
40600000000	5068
40700000000	4988
40800000000	5007
40900000000	5027
41000000000	5002
41100000000	5029
41200000000	5042
41300000000	5002
41400000000	4859
41500000000	5070
41600000000	5073
41700000000	4891
41800000000	5109
41900000000	4817
42000000000	5000
42100000000	4977
42200000000	5019
42300000000	5075
42400000000	4889
42500000000	4909
42600000000	5008
42700000000	5055
42800000000	4943
42900000000	5010
43000000000	5065
43100000000	4937
43200000000	4954
43300000000	4989
43400000000	4952
43500000000	4960
43600000000	4895
43700000000	4978
43800000000	4986
43900000000	4916
44000000000	4943
44100000000	4940
44200000000	5049
44300000000	5047
44400000000	5027
44500000000	4849
44600000000	5161
44700000000	5098
44800000000	4884
44900000000	4981
45000000000	4966
45100000000	4949
45200000000	4941
45300000000	5045
45400000000	5059
45500000000	4941
45600000000	4963
45700000000	4991
45800000000	4969
45900000000	5020
46000000000	4885
46100000000	4956
46200000000	4978
46300000000	5033
46400000000	4931
46500000000	4895
46600000000	4912
46700000000	4996
46800000000	4929
46900000000	4962
47000000000	5026
47100000000	5072
47200000000	4964
47300000000	4969
47400000000	5008
47500000000	4997
47600000000	5038
47700000000	5000
47800000000	4993
47900000000	5049
48000000000	4979
48100000000	4861
48200000000	4978
48300000000	4916
48400000000	4916
48500000000	5008
48600000000	4984
48700000000	4834
48800000000	5094
48900000000	4882
49000000000	4963
49100000000	5004
49200000000	5039
49300000000	4944
49400000000	4850
49500000000	5087
49600000000	4884
49700000000	4890
49800000000	4970
49900000000	4981
50000000000	4906
50100000000	4745
50200000000	4845
50300000000	4752
50400000000	4784
50500000000	4731
50600000000	4707
50700000000	4697
50800000000	4740
50900000000	4699
51000000000	4682
51100000000	4761
51200000000	4679
51300000000	4716
51400000000	4722
51500000000	4736
51600000000	4653
51700000000	4705
51800000000	4696
51900000000	4765
52000000000	4699
52100000000	4742
52200000000	4771
52300000000	4690
52400000000	4597
52500000000	4774
52600000000	4701
52700000000	4678
52800000000	4654
52900000000	4624
53000000000	4708
53100000000	4735
53200000000	4730
53300000000	4623
53400000000	4727
53500000000	4716
53600000000	4607
53700000000	4739
53800000000	4673
53900000000	4702
54000000000	4622
54100000000	4639
54200000000	4715
54300000000	4687
54400000000	4660
54500000000	4788
54600000000	4601
54700000000	4820
54800000000	4693
54900000000	4698
55000000000	4598
55100000000	4672
55200000000	4600
55300000000	4555
55400000000	4637
55500000000	4610
55600000000	4773
55700000000	4701
55800000000	4707
55900000000	4758
56000000000	4645
56100000000	4726
56200000000	4623
56300000000	4832
56400000000	4625
56500000000	4728
56600000000	4725
56700000000	4673
56800000000	4647
56900000000	4634
57000000000	4744
57100000000	4750
57200000000	4670
57300000000	4607
57400000000	4727
57500000000	4642
57600000000	4824
57700000000	4644
57800000000	4678
57900000000	4648
58000000000	4761
58100000000	4721
58200000000	4688
58300000000	4685
58400000000	4708
58500000000	4578
58600000000	4706
58700000000	4593
58800000000	4573
58900000000	4621
59000000000	4749
59100000000	4708
59200000000	4795
59300000000	4603
59400000000	4620
59500000000	4731
59600000000	4858
59700000000	4675
59800000000	4739
59900000000	4619
60000000000	4593
60100000000	4655
60200000000	4754
60300000000	4623
60400000000	4811
60500000000	4807
60600000000	4615
60700000000	4638
60800000000	4746
60900000000	4660
61000000000	4716
61100000000	4716
61200000000	4612
61300000000	4663
61400000000	4601
61500000000	4847
61600000000	4747
61700000000	4791
61800000000	4713
61900000000	4640
62000000000	4769
62100000000	4620
62200000000	4862
62300000000	4660
62400000000	4785
62500000000	4719
62600000000	4691
62700000000	4600
62800000000	4594
62900000000	4575
63000000000	4537
63100000000	4643
63200000000	4774
63300000000	4655
63400000000	4861
63500000000	4612
63600000000	4617
63700000000	4680
63800000000	4653
63900000000	4797
64000000000	4741
64100000000	4660
64200000000	4700
64300000000	4645
64400000000	4795
64500000000	4667
64600000000	4797
64700000000	4684
64800000000	4818
64900000000	4667
65000000000	4708
65100000000	4694
65200000000	4811
65300000000	4649
65400000000	4703
65500000000	4715
65600000000	4769
65700000000	4535
65800000000	4755
65900000000	4634
66000000000	4705
66100000000	4659
66200000000	4665
66300000000	4465
66400000000	4705
66500000000	4625
66600000000	4881
66700000000	4697
66800000000	4674
66900000000	4748
67000000000	4766
67100000000	4685
67200000000	4719
67300000000	4681
67400000000	4836
67500000000	4768
67600000000	4665
67700000000	4750
67800000000	4757
67900000000	4720
68000000000	4586
68100000000	4795
68200000000	4665
68300000000	4747
68400000000	4723
68500000000	4737
68600000000	4570
68700000000	4781
68800000000	4551
68900000000	4675
69000000000	4755
69100000000	4770
69200000000	4650
69300000000	4796
69400000000	4750
69500000000	4689
69600000000	4593
69700000000	4730
69800000000	4688
69900000000	4609
70000000000	4634
70100000000	4745
70200000000	4565
70300000000	4526
70400000000	4699
70500000000	4702
70600000000	4589
70700000000	4675
70800000000	4819
70900000000	4776
71000000000	4668
71100000000	4664
71200000000	4603
71300000000	4634
71400000000	4623
71500000000	4687
71600000000	4581
71700000000	4687
71800000000	4569
71900000000	4739
72000000000	4738
72100000000	4628
72200000000	4644
72300000000	4677
72400000000	4762
72500000000	4642
72600000000	4716
72700000000	4608
72800000000	4707
72900000000	4720
73000000000	4796
73100000000	4634
73200000000	4648
73300000000	4828
73400000000	4756
73500000000	4612
73600000000	4734
73700000000	4718
73800000000	4636
73900000000	4614
74000000000	4695
74100000000	4712
74200000000	4670
74300000000	4669
74400000000	4771
74500000000	4722
74600000000	4664
74700000000	4832
74800000000	4571
74900000000	4683
75000000000	4722
75100000000	4906
75200000000	4772
75300000000	4984
75400000000	4838
75500000000	4850
75600000000	4864
75700000000	4969
75800000000	5028
75900000000	4915
76000000000	4951
76100000000	5050
76200000000	4954
76300000000	4921
76400000000	5036
76500000000	4973
76600000000	4980
76700000000	5018
76800000000	5152
76900000000	4934
77000000000	5016
77100000000	4940
77200000000	4961
77300000000	5036
77400000000	4825
77500000000	4875
77600000000	5012
77700000000	4911
77800000000	5004
77900000000	4961
78000000000	5143
78100000000	4914
78200000000	4912
78300000000	4879
78400000000	5010
78500000000	4992
78600000000	4892
78700000000	5040
78800000000	5018
78900000000	5024
79000000000	4952
79100000000	4964
79200000000	5054
79300000000	4997
79400000000	4931
79500000000	4980
79600000000	4956
79700000000	5012
79800000000	5070
79900000000	4956
80000000000	4999
80100000000	5064
80200000000	4942
80300000000	5014
80400000000	5005
80500000000	5087
80600000000	4877
80700000000	4945
80800000000	5026
80900000000	5097
81000000000	4895
81100000000	5098
81200000000	4987
81300000000	4952
81400000000	4894
81500000000	5106
81600000000	5065
81700000000	5113
81800000000	4919
81900000000	5071
82000000000	4968
82100000000	4907
82200000000	4925
82300000000	5024
82400000000	4809
82500000000	4885
82600000000	5028
82700000000	4947
82800000000	5004
82900000000	4914
83000000000	4923
83100000000	5017
83200000000	4961
83300000000	4987
83400000000	5010
83500000000	5105
83600000000	5121
83700000000	4963
83800000000	5043
83900000000	5075
84000000000	4974
84100000000	5020
84200000000	5081
84300000000	4976
84400000000	4925
84500000000	4986
84600000000	4949
84700000000	5035
84800000000	4984
84900000000	4995
85000000000	5060
85100000000	5013
85200000000	5039
85300000000	5030
85400000000	4897
85500000000	4918
85600000000	4889
85700000000	4942
85800000000	5015
85900000000	4974
86000000000	4969
86100000000	5005
86200000000	4972
86300000000	5045
86400000000	5044
86500000000	4957
86600000000	4950
86700000000	4949
86800000000	4982
86900000000	4847
87000000000	5000
87100000000	4903
87200000000	5008
87300000000	5084
87400000000	4820
87500000000	4875
87600000000	4858
87700000000	4944
87800000000	4989
87900000000	4945
88000000000	5057
88100000000	4983
88200000000	5074
88300000000	5047
88400000000	4926
88500000000	5021
88600000000	4997
88700000000	4981
88800000000	5029
88900000000	4960
89000000000	5135
89100000000	4927
89200000000	5042
89300000000	5064
89400000000	5039
89500000000	4934
89600000000	4855
89700000000	5074
89800000000	4985
89900000000	4946
90000000000	4965
90100000000	5145
90200000000	4972
90300000000	5085
90400000000	5044
90500000000	5045
90600000000	5033
90700000000	4997
90800000000	4995
90900000000	5056
91000000000	4980
91100000000	5048
91200000000	5031
91300000000	4994
91400000000	4859
91500000000	5076
91600000000	5086
91700000000	4888
91800000000	5091
91900000000	4812
92000000000	5012
92100000000	4957
92200000000	5028
92300000000	5080
92400000000	4885
92500000000	4915
92600000000	4998
92700000000	5059
92800000000	4918
92900000000	5047
93000000000	5048
93100000000	4943
93200000000	4931
93300000000	5014
93400000000	4939
93500000000	4962
93600000000	4877
93700000000	4991
93800000000	4971
93900000000	4915
94000000000	4955
94100000000	4940
94200000000	5048
94300000000	5027
94400000000	5050
94500000000	4856
94600000000	5152
94700000000	5090
94800000000	4899
94900000000	4955
95000000000	4983
95100000000	4923
95200000000	4945
95300000000	5068
95400000000	5055
95500000000	4934
95600000000	4957
95700000000	4981
95800000000	4990
95900000000	4993
96000000000	4910
96100000000	4956
96200000000	4979
96300000000	5021
96400000000	4928
96500000000	4890
96600000000	4891
96700000000	5007
96800000000	4942
96900000000	4954
97000000000	5024
97100000000	5050
97200000000	4989
97300000000	4939
97400000000	5028
97500000000	5011
97600000000	5029
97700000000	5003
97800000000	4988
97900000000	5048
98000000000	5013
98100000000	4820
98200000000	4981
98300000000	4917
98400000000	4924
98500000000	4997
98600000000	4964
98700000000	4842
98800000000	5097
98900000000	4887
99000000000	4949
99100000000	4999
99200000000	5020
99300000000	4995
99400000000	4816
99500000000	5111
99600000000	4870
99700000000	4872
99800000000	4992
99900000000	4973
