"Time (ps)"	"Counts per bin"
0	441408
100000000	443941
200000000	442888
300000000	443357
400000000	443761
500000000	444427
600000000	443062
700000000	444223
800000000	443783
900000000	444394
1000000000	442717
1100000000	442096
1200000000	442661
1300000000	443725
1400000000	441477
1500000000	442617
1600000000	442492
1700000000	442198
1800000000	443039
1900000000	441410
2000000000	441661
2100000000	443293
2200000000	443756
2300000000	442433
2400000000	442927
2500000000	443052
2600000000	442610
2700000000	443315
2800000000	441689
2900000000	442249
3000000000	442734
3100000000	442155
3200000000	443043
3300000000	441392
3400000000	441375
3500000000	442609
3600000000	442536
3700000000	440549
3800000000	441431
3900000000	442248
4000000000	441961
4100000000	442085
4200000000	441795
4300000000	442587
4400000000	441889
4500000000	443343
4600000000	442624
4700000000	441926
4800000000	442936
4900000000	442137
5000000000	442098
5100000000	443137
5200000000	440777
5300000000	443128
5400000000	442852
5500000000	443446
5600000000	443034
5700000000	443731
5800000000	444515
5900000000	444238
6000000000	442819
6100000000	443667
6200000000	444229
6300000000	444118
6400000000	443523
6500000000	444983
6600000000	444295
6700000000	444423
6800000000	444074
6900000000	445417
7000000000	444218
7100000000	444893
7200000000	443946
7300000000	443492
7400000000	444715
7500000000	443531
7600000000	443774
7700000000	444427
7800000000	443376
7900000000	442760
8000000000	443734
8100000000	442832
8200000000	443431
8300000000	442877
8400000000	442241
8500000000	443085
8600000000	442341
8700000000	442447
8800000000	441303
8900000000	441707
9000000000	441787
9100000000	442899
9200000000	443455
9300000000	441305
9400000000	442786
9500000000	443280
9600000000	441202
9700000000	441399
9800000000	441515
9900000000	441353
10000000000	440337
10100000000	441793
10200000000	441968
10300000000	441478
10400000000	440773
10500000000	441492
10600000000	441205
10700000000	439570
10800000000	440138
10900000000	441128
11000000000	442374
11100000000	440716
11200000000	441313
11300000000	440890
11400000000	441346
11500000000	441730
11600000000	441637
11700000000	442030
11800000000	442664
11900000000	441675
12000000000	442041
12100000000	441779
12200000000	441745
12300000000	441843
12400000000	442412
12500000000	442768
12600000000	443764
12700000000	441219
12800000000	443811
12900000000	441622
13000000000	442375
13100000000	442477
13200000000	443111
13300000000	443665
13400000000	443351
13500000000	444233
13600000000	444442
13700000000	443945
13800000000	444004
13900000000	444092
14000000000	444698
14100000000	444201
14200000000	444493
14300000000	445114
14400000000	444170
14500000000	442709
14600000000	444877
14700000000	442140
14800000000	442485
14900000000	443671
15000000000	442669
15100000000	442737
15200000000	442696
15300000000	442597
15400000000	442359
15500000000	442520
15600000000	444045
15700000000	442650
15800000000	442549
15900000000	443048
16000000000	442985
16100000000	442543
16200000000	442899
16300000000	441980
16400000000	443168
16500000000	442929
16600000000	442546
16700000000	440679
16800000000	441325
16900000000	442307
17000000000	441651
17100000000	442885
17200000000	441871
17300000000	441007
17400000000	442156
17500000000	441302
17600000000	441865
17700000000	441660
17800000000	441038
17900000000	441351
18000000000	442061
18100000000	442098
18200000000	441700
18300000000	441332
18400000000	441645
18500000000	441922
18600000000	441759
18700000000	442987
18800000000	441414
18900000000	441469
19000000000	441544
19100000000	443594
19200000000	442679
19300000000	442971
19400000000	442070
19500000000	440627
19600000000	442660
19700000000	441685
19800000000	442739
19900000000	443259
20000000000	443418
20100000000	443361
20200000000	443940
20300000000	443099
20400000000	444573
20500000000	443485
20600000000	442533
20700000000	444332
20800000000	443744
20900000000	444265
21000000000	444691
21100000000	444162
21200000000	443469
21300000000	444359
21400000000	443606
21500000000	445112
21600000000	445298
21700000000	443668
21800000000	444313
21900000000	443865
22000000000	443380
22100000000	443896
22200000000	443521
22300000000	442795
22400000000	442289
22500000000	443150
22600000000	442323
22700000000	442713
22800000000	442712
22900000000	442098
23000000000	442188
23100000000	443501
23200000000	442265
23300000000	442515
23400000000	441349
23500000000	442212
23600000000	443184
23700000000	442856
23800000000	443023
23900000000	442736
24000000000	442963
24100000000	442499
24200000000	443082
24300000000	442293
24400000000	443118
24500000000	441863
24600000000	441261
24700000000	441814
24800000000	439303
24900000000	442341
25000000000	440928
25100000000	439738
25200000000	439578
25300000000	437537
25400000000	438144
25500000000	438076
25600000000	440328
25700000000	438298
25800000000	438595
25900000000	438902
26000000000	437483
26100000000	438880
26200000000	439401
26300000000	438419
26400000000	438802
26500000000	438853
26600000000	440399
26700000000	438652
26800000000	437708
26900000000	438586
27000000000	439990
27100000000	439344
27200000000	438725
27300000000	439689
27400000000	439058
27500000000	439852
27600000000	438352
27700000000	439734
27800000000	439148
27900000000	438372
28000000000	439978
28100000000	440126
28200000000	438817
28300000000	439970
28400000000	439793
28500000000	440586
28600000000	439109
28700000000	438461
28800000000	439903
28900000000	441463
29000000000	440030
29100000000	440335
29200000000	439618
29300000000	440221
29400000000	440221
29500000000	440073
29600000000	439246
29700000000	440123
29800000000	438940
29900000000	439590
30000000000	438552
30100000000	438208
30200000000	438777
30300000000	437851
30400000000	439735
30500000000	438466
30600000000	436343
30700000000	438420
30800000000	438533
30900000000	439105
31000000000	437381
31100000000	437707
31200000000	437430
31300000000	439142
31400000000	438062
31500000000	437404
31600000000	436559
31700000000	437459
31800000000	437981
31900000000	438723
32000000000	438279
32100000000	437006
32200000000	439020
32300000000	438004
32400000000	437516
32500000000	439016
32600000000	439693
32700000000	436568
32800000000	437181
32900000000	437758
33000000000	437662
33100000000	436487
33200000000	438468
33300000000	438107
33400000000	437422
33500000000	437919
33600000000	437081
33700000000	437856
33800000000	437227
33900000000	437938
34000000000	438672
34100000000	439470
34200000000	437388
34300000000	438569
34400000000	437466
34500000000	438124
34600000000	436552
34700000000	438899
34800000000	438922
34900000000	437896
35000000000	438038
35100000000	438547
35200000000	438657
35300000000	438951
35400000000	436910
35500000000	438657
35600000000	438837
35700000000	438992
35800000000	438528
35900000000	439316
36000000000	440018
36100000000	438669
36200000000	438287
36300000000	437625
36400000000	439049
36500000000	438147
36600000000	437979
36700000000	438282
36800000000	436902
36900000000	437496
37000000000	437194
37100000000	437783
37200000000	437706
37300000000	437787
37400000000	436962
37500000000	437199
37600000000	438573
37700000000	438268
37800000000	437214
37900000000	436976
38000000000	436878
38100000000	437095
38200000000	436431
38300000000	436856
38400000000	436580
38500000000	436063
38600000000	437284
38700000000	435794
38800000000	436682
38900000000	436578
39000000000	437014
39100000000	437083
39200000000	435872
39300000000	436472
39400000000	436916
39500000000	435799
39600000000	436806
39700000000	436019
39800000000	436107
39900000000	436507
40000000000	435081
40100000000	436655
40200000000	435113
40300000000	436740
40400000000	437294
40500000000	436153
40600000000	436625
40700000000	437378
40800000000	436048
40900000000	436853
41000000000	437030
41100000000	438160
41200000000	437383
41300000000	437783
41400000000	439243
41500000000	438963
41600000000	437612
41700000000	438706
41800000000	438187
41900000000	438827
42000000000	437386
42100000000	438790
42200000000	436966
42300000000	436937
42400000000	437528
42500000000	438370
42600000000	436408
42700000000	439918
42800000000	438818
42900000000	438082
43000000000	438169
43100000000	438404
43200000000	437744
43300000000	438772
43400000000	438383
43500000000	437991
43600000000	438445
43700000000	437253
43800000000	437816
43900000000	437698
44000000000	437486
44100000000	438242
44200000000	435965
44300000000	435245
44400000000	435732
44500000000	436453
44600000000	436579
44700000000	436572
44800000000	437317
44900000000	436839
45000000000	436424
45100000000	435318
45200000000	436571
45300000000	438032
45400000000	437230
45500000000	436581
45600000000	437240
45700000000	437578
45800000000	436831
45900000000	435786
46000000000	435687
46100000000	435977
46200000000	435502
46300000000	434993
46400000000	436642
46500000000	436881
46600000000	436148
46700000000	435947
46800000000	436092
46900000000	434648
47000000000	435795
47100000000	435155
47200000000	435641
47300000000	436813
47400000000	435517
47500000000	435769
47600000000	436080
47700000000	436190
47800000000	436774
47900000000	436388
48000000000	436836
48100000000	436614
48200000000	437634
48300000000	437179
48400000000	437942
48500000000	437664
48600000000	437493
48700000000	437658
48800000000	438225
48900000000	438258
49000000000	437505
49100000000	438448
49200000000	438807
49300000000	438553
49400000000	437241
49500000000	437047
49600000000	439188
49700000000	439419
49800000000	438596
49900000000	439086
50000000000	441239
50100000000	443867
50200000000	442771
50300000000	443343
50400000000	443669
50500000000	444486
50600000000	443066
50700000000	444100
50800000000	443809
50900000000	444299
51000000000	442918
51100000000	442032
51200000000	442588
51300000000	443573
51400000000	441740
51500000000	442485
51600000000	442256
51700000000	442325
51800000000	442947
51900000000	441365
52000000000	441435
52100000000	443637
52200000000	443457
52300000000	442595
52400000000	442908
52500000000	442984
52600000000	442636
52700000000	443099
52800000000	442028
52900000000	441888
53000000000	442819
53100000000	442017
53200000000	443011
53300000000	441339
53400000000	441434
53500000000	442312
53600000000	442518
53700000000	440797
53800000000	441336
53900000000	442230
54000000000	441838
54100000000	442171
54200000000	441805
54300000000	442464
54400000000	441842
54500000000	443170
54600000000	442621
54700000000	441880
54800000000	443088
54900000000	442096
55000000000	441997
55100000000	443200
55200000000	440638
55300000000	443023
55400000000	443023
55500000000	443506
55600000000	442833
55700000000	443529
55800000000	444731
55900000000	444065
56000000000	442727
56100000000	443664
56200000000	444104
56300000000	444056
56400000000	443515
56500000000	445025
56600000000	444233
56700000000	444611
56800000000	443830
56900000000	445436
57000000000	444372
57100000000	444794
57200000000	443809
57300000000	443605
57400000000	444666
57500000000	443723
57600000000	443573
57700000000	444483
57800000000	443236
57900000000	442833
58000000000	443555
58100000000	442960
58200000000	443297
58300000000	442761
58400000000	442285
58500000000	442790
58600000000	442656
58700000000	442383
58800000000	441122
58900000000	441736
59000000000	441758
59100000000	442983
59200000000	443278
59300000000	441546
59400000000	442512
59500000000	443237
59600000000	441265
59700000000	441350
59800000000	441360
59900000000	441473
60000000000	440478
60100000000	441608
60200000000	441913
60300000000	441552
60400000000	440588
60500000000	441592
60600000000	441063
60700000000	439630
60800000000	440013
60900000000	441027
61000000000	442611
61100000000	440424
61200000000	441186
61300000000	440848
61400000000	441367
61500000000	441672
61600000000	441675
61700000000	442067
61800000000	442672
61900000000	441591
62000000000	441863
62100000000	441761
62200000000	441830
62300000000	441786
62400000000	442269
62500000000	442884
62600000000	443681
62700000000	441265
62800000000	443767
62900000000	441712
63000000000	442284
63100000000	442246
63200000000	443032
63300000000	443681
63400000000	443277
63500000000	444238
63600000000	444393
63700000000	443824
63800000000	443926
63900000000	444180
64000000000	444822
64100000000	443924
64200000000	444627
64300000000	445159
64400000000	444122
64500000000	442526
64600000000	444876
64700000000	442229
64800000000	442721
64900000000	443445
65000000000	442521
65100000000	442848
65200000000	442626
65300000000	442657
65400000000	442239
65500000000	442467
65600000000	443945
65700000000	442560
65800000000	442570
65900000000	442967
66000000000	442852
66100000000	442513
66200000000	443091
66300000000	442028
66400000000	442850
66500000000	443111
66600000000	442386
66700000000	440497
66800000000	441473
66900000000	442332
67000000000	441810
67100000000	442599
67200000000	441858
67300000000	440952
67400000000	442119
67500000000	441588
67600000000	441657
67700000000	441620
67800000000	440906
67900000000	441351
68000000000	442112
68100000000	441788
68200000000	441849
68300000000	441454
68400000000	441416
68500000000	441892
68600000000	441877
68700000000	442933
68800000000	441416
68900000000	441398
69000000000	441145
69100000000	443717
69200000000	442690
69300000000	442818
69400000000	442229
69500000000	440468
69600000000	442595
69700000000	441798
69800000000	442760
69900000000	443035
70000000000	443523
70100000000	443082
70200000000	444045
70300000000	443089
70400000000	444508
70500000000	443559
70600000000	442519
70700000000	444023
70800000000	444009
70900000000	443988
71000000000	444862
71100000000	444023
71200000000	443418
71300000000	444401
71400000000	443693
71500000000	444909
71600000000	445193
71700000000	443852
71800000000	444258
71900000000	443841
72000000000	443300
72100000000	443817
72200000000	443487
72300000000	442728
72400000000	442290
72500000000	443206
72600000000	442191
72700000000	442791
72800000000	442513
72900000000	442083
73000000000	442354
73100000000	443391
73200000000	442418
73300000000	442338
73400000000	441176
73500000000	442396
73600000000	443113
73700000000	442858
73800000000	442752
73900000000	442672
74000000000	443048
74100000000	442348
74200000000	442970
74300000000	442583
74400000000	442957
74500000000	441954
74600000000	441065
74700000000	441835
74800000000	439315
74900000000	442103
75000000000	440961
75100000000	439927
75200000000	439414
75300000000	437594
75400000000	438301
75500000000	437897
75600000000	440236
75700000000	438499
75800000000	438238
75900000000	438939
76000000000	437587
76100000000	438760
76200000000	439206
76300000000	438552
76400000000	438726
76500000000	438678
76600000000	440540
76700000000	438742
76800000000	437616
76900000000	438519
77000000000	439920
77100000000	439180
77200000000	438970
77300000000	439674
77400000000	438917
77500000000	439942
77600000000	438220
77700000000	439676
77800000000	439246
77900000000	438417
78000000000	439783
78100000000	440055
78200000000	438704
78300000000	440231
78400000000	439550
78500000000	440533
78600000000	439126
78700000000	438344
78800000000	439987
78900000000	441445
79000000000	439982
79100000000	440297
79200000000	439610
79300000000	440112
79400000000	440369
79500000000	439860
79600000000	439122
79700000000	440345
79800000000	438611
79900000000	439721
80000000000	438611
80100000000	438107
80200000000	438767
80300000000	437869
80400000000	439627
80500000000	438230
80600000000	436514
80700000000	438254
80800000000	438797
80900000000	438787
81000000000	437619
81100000000	437405
81200000000	437692
81300000000	438939
81400000000	437956
81500000000	437286
81600000000	436809
81700000000	437404
81800000000	437658
81900000000	438783
82000000000	438074
82100000000	437123
82200000000	438815
82300000000	438070
82400000000	437761
82500000000	438913
82600000000	439450
82700000000	436662
82800000000	437157
82900000000	437650
83000000000	437605
83100000000	436443
83200000000	438377
83300000000	438015
83400000000	437477
83500000000	438156
83600000000	436986
83700000000	437859
83800000000	437326
83900000000	437352
84000000000	439157
84100000000	439140
84200000000	437374
84300000000	438630
84400000000	437423
84500000000	438189
84600000000	436439
84700000000	438857
84800000000	438713
84900000000	438250
85000000000	437805
85100000000	438409
85200000000	438779
85300000000	438861
85400000000	436975
85500000000	438710
85600000000	438750
85700000000	439032
85800000000	438483
85900000000	439175
86000000000	439862
86100000000	438871
86200000000	438101
86300000000	437774
86400000000	438988
86500000000	438133
86600000000	438012
86700000000	438274
86800000000	436656
86900000000	437519
87000000000	437066
87100000000	437897
87200000000	437527
87300000000	437779
87400000000	437031
87500000000	437183
87600000000	438537
87700000000	438197
87800000000	437222
87900000000	437047
88000000000	436565
88100000000	437253
88200000000	436280
88300000000	436764
88400000000	436741
88500000000	436134
88600000000	437005
88700000000	435836
88800000000	436679
88900000000	436442
89000000000	437032
89100000000	437161
89200000000	435802
89300000000	436369
89400000000	436821
89500000000	435839
89600000000	436855
89700000000	435933
89800000000	436006
89900000000	436479
90000000000	435331
90100000000	436222
90200000000	435329
90300000000	436715
90400000000	437059
90500000000	436361
90600000000	436479
90700000000	437461
90800000000	435837
90900000000	436912
91000000000	437019
91100000000	438087
91200000000	437326
91300000000	437517
91400000000	439375
91500000000	438922
91600000000	437761
91700000000	438700
91800000000	437909
91900000000	438762
92000000000	437402
92100000000	438646
92200000000	437067
92300000000	437104
92400000000	437235
92500000000	438391
92600000000	436420
92700000000	439872
92800000000	438779
92900000000	438052
93000000000	437953
93100000000	438602
93200000000	437647
93300000000	438733
93400000000	438281
93500000000	438078
93600000000	438436
93700000000	437299
93800000000	437766
93900000000	437725
94000000000	437165
94100000000	438506
94200000000	435814
94300000000	435246
94400000000	435754
94500000000	436229
94600000000	436571
94700000000	436651
94800000000	437291
94900000000	436659
95000000000	436481
95100000000	435355
95200000000	436455
95300000000	438061
95400000000	437105
95500000000	436553
95600000000	437190
95700000000	437529
95800000000	436816
95900000000	435698
96000000000	435857
96100000000	435912
96200000000	435463
96300000000	434940
96400000000	436583
96500000000	436901
96600000000	436217
96700000000	435913
96800000000	435894
96900000000	434633
97000000000	435559
97100000000	435365
97200000000	435523
97300000000	436958
97400000000	435385
97500000000	435441
97600000000	436394
97700000000	435979
97800000000	436946
97900000000	436068
98000000000	437024
98100000000	436692
98200000000	437457
98300000000	437482
98400000000	437590
98500000000	437773
98600000000	437315
98700000000	437690
98800000000	438203
98900000000	438352
99000000000	437373
99100000000	438457
99200000000	438461
99300000000	438594
99400000000	437474
99500000000	436789
99600000000	439272
99700000000	439363
99800000000	438805
99900000000	438805
