"Time (ps)"	"Counts per bin"
0	993
100000	997
200000	1018
300000	1006
400000	1010
500000	1035
600000	1034
700000	974
800000	1014
900000	969
1000000	1038
1100000	1033
1200000	1101
1300000	1034
1400000	975
1500000	1009
1600000	1076
1700000	1054
1800000	1004
1900000	1031
2000000	1007
2100000	989
2200000	1015
2300000	980
2400000	976
2500000	980
2600000	992
2700000	1009
2800000	976
2900000	983
3000000	1014
3100000	987
3200000	979
3300000	978
3400000	982
3500000	997
3600000	974
3700000	990
3800000	1015
3900000	1010
4000000	945
4100000	1047
4200000	959
4300000	964
4400000	991
4500000	1018
4600000	962
4700000	1064
4800000	898
4900000	959
5000000	984
5100000	959
5200000	968
5300000	957
5400000	962
5500000	956
5600000	901
5700000	971
5800000	896
5900000	942
6000000	943
6100000	987
6200000	945
6300000	916
6400000	947
6500000	925
6600000	944
6700000	922
6800000	920
6900000	931
7000000	872
7100000	925
7200000	955
7300000	954
7400000	925
7500000	941
7600000	902
7700000	962
7800000	877
7900000	876
8000000	974
8100000	880
8200000	905
8300000	882
8400000	936
8500000	900
8600000	899
8700000	857
8800000	938
8900000	911
9000000	898
9100000	929
9200000	895
9300000	876
9400000	881
9500000	853
9600000	811
9700000	946
9800000	882
9900000	932
10000000	859
10100000	883
10200000	875
10300000	905
10400000	889
10500000	815
10600000	925
10700000	841
10800000	826
10900000	925
11000000	862
11100000	868
11200000	902
11300000	889
11400000	858
11500000	889
11600000	820
11700000	909
11800000	864
11900000	842
12000000	889
12100000	888
12200000	856
12300000	829
12400000	844
12500000	787
12600000	871
12700000	826
12800000	813
12900000	856
13000000	849
13100000	834
13200000	817
13300000	857
13400000	861
13500000	772
13600000	830
13700000	838
13800000	823
13900000	806
14000000	842
14100000	779
14200000	860
14300000	825
14400000	832
14500000	791
14600000	820
14700000	840
14800000	797
14900000	796
15000000	860
15100000	797
15200000	856
15300000	828
15400000	795
15500000	828
15600000	812
15700000	790
15800000	808
15900000	786
16000000	815
16100000	812
16200000	754
16300000	792
16400000	763
16500000	801
16600000	824
16700000	791
16800000	818
16900000	771
17000000	803
17100000	770
17200000	791
17300000	790
17400000	770
17500000	777
17600000	804
17700000	821
17800000	745
17900000	788
18000000	802
18100000	845
18200000	804
18300000	732
18400000	773
18500000	802
18600000	786
18700000	795
18800000	752
18900000	771
19000000	764
19100000	812
19200000	788
19300000	782
19400000	758
19500000	741
19600000	738
19700000	772
19800000	736
19900000	818
20000000	779
20100000	772
20200000	747
20300000	775
20400000	754
20500000	746
20600000	760
20700000	764
20800000	762
20900000	784
21000000	736
21100000	735
21200000	719
21300000	710
21400000	741
21500000	801
21600000	734
21700000	754
21800000	724
21900000	748
22000000	740
22100000	666
22200000	744
22300000	781
22400000	710
22500000	710
22600000	745
22700000	770
22800000	742
22900000	740
23000000	723
23100000	742
23200000	744
23300000	717
23400000	740
23500000	720
23600000	706
23700000	692
23800000	673
23900000	719
24000000	772
24100000	723
24200000	717
24300000	758
24400000	697
24500000	738
24600000	729
24700000	710
24800000	771
24900000	689
25000000	757
25100000	690
25200000	695
25300000	680
25400000	688
25500000	677
25600000	695
25700000	696
25800000	694
25900000	670
26000000	687
26100000	734
26200000	674
26300000	654
26400000	672
26500000	678
26600000	665
26700000	694
26800000	677
26900000	682
27000000	645
27100000	693
27200000	706
27300000	703
27400000	697
27500000	678
27600000	716
27700000	702
27800000	683
27900000	656
28000000	654
28100000	691
28200000	709
28300000	665
28400000	665
28500000	696
28600000	678
28700000	686
28800000	679
28900000	695
29000000	681
29100000	669
29200000	622
29300000	678
29400000	663
29500000	627
29600000	708
29700000	690
29800000	673
29900000	599
30000000	639
30100000	662
30200000	701
30300000	679
30400000	682
30500000	691
30600000	666
30700000	638
30800000	684
30900000	681
31000000	641
31100000	615
31200000	673
31300000	617
31400000	650
31500000	681
31600000	621
31700000	604
31800000	637
31900000	718
32000000	639
32100000	657
32200000	619
32300000	614
32400000	655
32500000	658
32600000	621
32700000	627
32800000	714
32900000	655
33000000	656
33100000	655
33200000	628
33300000	652
33400000	673
33500000	650
33600000	637
33700000	644
33800000	658
33900000	610
34000000	602
34100000	641
34200000	636
34300000	639
34400000	638
34500000	625
34600000	602
34700000	611
34800000	613
34900000	642
35000000	632
35100000	654
35200000	627
35300000	617
35400000	577
35500000	608
35600000	602
35700000	632
35800000	668
35900000	588
36000000	621
36100000	660
36200000	582
36300000	608
36400000	631
36500000	605
36600000	613
36700000	606
36800000	637
36900000	613
37000000	585
37100000	608
37200000	607
37300000	627
37400000	595
37500000	579
37600000	629
37700000	605
37800000	646
37900000	630
38000000	609
38100000	679
38200000	586
38300000	606
38400000	610
38500000	583
38600000	595
38700000	582
38800000	591
38900000	656
39000000	604
39100000	610
39200000	558
39300000	564
39400000	629
39500000	545
39600000	597
39700000	579
39800000	605
39900000	592
40000000	561
40100000	604
40200000	574
40300000	544
40400000	612
40500000	584
40600000	586
40700000	609
40800000	582
40900000	652
41000000	608
41100000	599
41200000	572
41300000	586
41400000	588
41500000	638
41600000	576
41700000	552
41800000	576
41900000	565
42000000	551
42100000	591
42200000	552
42300000	575
42400000	582
42500000	595
42600000	524
42700000	575
42800000	576
42900000	575
43000000	576
43100000	561
43200000	560
43300000	588
43400000	580
43500000	576
43600000	553
43700000	594
43800000	557
43900000	549
44000000	583
44100000	562
44200000	515
44300000	551
44400000	569
44500000	573
44600000	559
44700000	525
44800000	570
44900000	524
45000000	589
45100000	579
45200000	621
45300000	548
45400000	553
45500000	529
45600000	544
45700000	582
45800000	580
45900000	506
46000000	574
46100000	557
46200000	521
46300000	555
46400000	538
46500000	586
46600000	542
46700000	573
46800000	563
46900000	563
47000000	563
47100000	533
47200000	570
47300000	533
47400000	536
47500000	514
47600000	533
47700000	580
47800000	510
47900000	612
48000000	537
48100000	498
48200000	585
48300000	519
48400000	594
48500000	530
48600000	521
48700000	566
48800000	547
48900000	553
49000000	535
49100000	571
49200000	536
49300000	536
49400000	547
49500000	544
49600000	542
49700000	508
49800000	536
49900000	527
50000000	559
50100000	530
50200000	559
50300000	527
50400000	547
50500000	524
50600000	519
50700000	491
50800000	502
50900000	535
51000000	552
51100000	520
51200000	546
51300000	464
51400000	514
51500000	517
51600000	509
51700000	522
51800000	520
51900000	497
52000000	480
52100000	478
52200000	537
52300000	492
52400000	489
52500000	538
52600000	513
52700000	493
52800000	538
52900000	470
53000000	501
53100000	586
53200000	498
53300000	490
53400000	520
53500000	509
53600000	474
53700000	476
53800000	493
53900000	508
54000000	480
54100000	562
54200000	479
54300000	434
54400000	496
54500000	468
54600000	540
54700000	443
54800000	492
54900000	503
55000000	545
55100000	485
55200000	503
55300000	521
55400000	488
55500000	506
55600000	528
55700000	485
55800000	506
55900000	445
56000000	492
56100000	513
56200000	528
56300000	515
56400000	464
56500000	478
56600000	466
56700000	476
56800000	477
56900000	510
57000000	510
57100000	458
57200000	468
57300000	500
57400000	545
57500000	483
57600000	460
57700000	529
57800000	445
57900000	479
58000000	469
58100000	473
58200000	509
58300000	483
58400000	490
58500000	499
58600000	490
58700000	485
58800000	488
58900000	490
59000000	422
59100000	457
59200000	432
59300000	461
59400000	490
59500000	484
59600000	496
59700000	476
59800000	474
59900000	452
60000000	487
60100000	482
60200000	437
60300000	459
60400000	494
60500000	428
60600000	517
60700000	458
60800000	446
60900000	410
61000000	467
61100000	473
61200000	476
61300000	430
61400000	489
61500000	466
61600000	456
61700000	495
61800000	490
61900000	491
62000000	443
62100000	459
62200000	458
62300000	435
62400000	447
62500000	443
62600000	466
62700000	499
62800000	489
62900000	428
63000000	467
63100000	489
63200000	469
63300000	451
63400000	469
63500000	419
63600000	464
63700000	446
63800000	472
63900000	451
64000000	439
64100000	495
64200000	416
64300000	431
64400000	442
64500000	464
64600000	454
64700000	454
64800000	432
64900000	421
65000000	463
65100000	462
65200000	462
65300000	492
65400000	411
65500000	454
65600000	443
65700000	453
65800000	434
65900000	430
66000000	440
66100000	477
66200000	455
66300000	455
66400000	473
66500000	432
66600000	409
66700000	469
66800000	443
66900000	434
67000000	451
67100000	426
67200000	445
67300000	426
67400000	446
67500000	474
67600000	445
67700000	430
67800000	437
67900000	405
68000000	431
68100000	458
68200000	465
68300000	438
68400000	420
68500000	444
68600000	451
68700000	410
68800000	429
68900000	443
69000000	479
69100000	426
69200000	430
69300000	440
69400000	425
69500000	417
69600000	444
69700000	428
69800000	441
69900000	427
70000000	436
70100000	381
70200000	430
70300000	436
70400000	440
70500000	405
70600000	403
70700000	414
70800000	429
70900000	435
71000000	418
71100000	414
71200000	426
71300000	412
71400000	370
71500000	453
71600000	447
71700000	418
71800000	459
71900000	445
72000000	437
72100000	392
72200000	405
72300000	438
72400000	433
72500000	427
72600000	422
72700000	427
72800000	437
72900000	407
73000000	402
73100000	421
73200000	384
73300000	379
73400000	397
73500000	415
73600000	427
73700000	437
73800000	411
73900000	399
74000000	401
74100000	420
74200000	419
74300000	399
74400000	376
74500000	443
74600000	410
74700000	403
74800000	409
74900000	440
75000000	391
75100000	409
75200000	388
75300000	418
75400000	401
75500000	414
75600000	442
75700000	427
75800000	392
75900000	381
76000000	393
76100000	397
76200000	416
76300000	429
76400000	415
76500000	418
76600000	401
76700000	417
76800000	381
76900000	418
77000000	397
77100000	400
77200000	373
77300000	401
77400000	410
77500000	397
77600000	422
77700000	420
77800000	428
77900000	364
78000000	434
78100000	414
78200000	403
78300000	414
78400000	426
78500000	403
78600000	397
78700000	370
78800000	401
78900000	405
79000000	423
79100000	373
79200000	388
79300000	382
79400000	371
79500000	355
79600000	383
79700000	406
79800000	384
79900000	407
80000000	408
80100000	387
80200000	418
80300000	405
80400000	346
80500000	369
80600000	375
80700000	394
80800000	369
80900000	382
81000000	384
81100000	372
81200000	417
81300000	399
81400000	379
81500000	381
81600000	384
81700000	397
81800000	381
81900000	386
82000000	389
82100000	398
82200000	386
82300000	417
82400000	365
82500000	361
82600000	392
82700000	353
82800000	386
82900000	406
83000000	384
83100000	385
83200000	397
83300000	389
83400000	387
83500000	396
83600000	370
83700000	342
83800000	370
83900000	361
84000000	378
84100000	388
84200000	380
84300000	355
84400000	382
84500000	387
84600000	408
84700000	344
84800000	371
84900000	389
85000000	386
85100000	354
85200000	358
85300000	400
85400000	341
85500000	359
85600000	377
85700000	333
85800000	368
85900000	341
86000000	342
86100000	354
86200000	339
86300000	376
86400000	355
86500000	392
86600000	361
86700000	356
86800000	383
86900000	380
87000000	355
87100000	348
87200000	359
87300000	372
87400000	375
87500000	339
87600000	367
87700000	421
87800000	403
87900000	328
88000000	353
88100000	346
88200000	336
88300000	380
88400000	354
88500000	369
88600000	367
88700000	368
88800000	350
88900000	373
89000000	342
89100000	385
89200000	357
89300000	382
89400000	372
89500000	324
89600000	402
89700000	373
89800000	356
89900000	352
90000000	316
90100000	353
90200000	332
90300000	381
90400000	365
90500000	373
90600000	351
90700000	320
90800000	330
90900000	333
91000000	351
91100000	390
91200000	308
91300000	330
91400000	373
91500000	344
91600000	339
91700000	343
91800000	329
91900000	350
92000000	374
92100000	333
92200000	359
92300000	377
92400000	349
92500000	336
92600000	336
92700000	351
92800000	374
92900000	351
93000000	331
93100000	338
93200000	349
93300000	358
93400000	379
93500000	344
93600000	357
93700000	329
93800000	350
93900000	332
94000000	360
94100000	308
94200000	328
94300000	374
94400000	332
94500000	374
94600000	353
94700000	345
94800000	342
94900000	352
95000000	312
95100000	360
95200000	365
95300000	328
95400000	317
95500000	348
95600000	377
95700000	284
95800000	352
95900000	319
96000000	357
96100000	316
96200000	363
96300000	355
96400000	354
96500000	338
96600000	345
96700000	347
96800000	368
96900000	320
97000000	313
97100000	360
97200000	370
97300000	353
97400000	320
97500000	325
97600000	350
97700000	356
97800000	311
97900000	313
98000000	317
98100000	330
98200000	335
98300000	323
98400000	314
98500000	361
98600000	308
98700000	325
98800000	295
98900000	311
99000000	338
99100000	330
99200000	319
99300000	302
99400000	343
99500000	327
99600000	340
99700000	323
99800000	318
99900000	327
