"Time (ps)"	"Counts per bin"
0	4
30000	4
60000	3
90000	5
120000	5
150000	6
180000	5
210000	8
240000	10
270000	6
300000	7
330000	5
360000	8
390000	4
420000	10
450000	8
480000	3
510000	4
540000	4
570000	5
600000	16
630000	2
660000	2
690000	3
720000	3
750000	3
780000	4
810000	6
840000	2
870000	6
900000	4
930000	6
960000	5
990000	6
1020000	3
1050000	4
1080000	5
1110000	4
1140000	5
1170000	5
1200000	2
1230000	3
1260000	6
1290000	9
1320000	8
1350000	5
1380000	4
1410000	5
1440000	10
1470000	8
1500000	7
1530000	7
1560000	4
1590000	2
1620000	2
1650000	2
1680000	7
1710000	5
1740000	8
1770000	6
1800000	8
1830000	8
1860000	6
1890000	6
1920000	9
1950000	5
1980000	7
2010000	5
2040000	6
2070000	6
2100000	3
2130000	6
2160000	8
2190000	6
2220000	2
2250000	5
2280000	4
2310000	3
2340000	5
2370000	3
2400000	5
2430000	7
2460000	1
2490000	6
2520000	5
2550000	3
2580000	7
2610000	3
2640000	3
2670000	3
2700000	3
2730000	5
2760000	5
2790000	3
2820000	9
2850000	3
2880000	7
2910000	6
2940000	2
2970000	1
3000000	8
3030000	4
3060000	5
3090000	7
3120000	6
3150000	8
3180000	6
3210000	5
3240000	5
3270000	5
3300000	10
3330000	5
3360000	3
3390000	6
3420000	8
3450000	10
3480000	3
3510000	2
3540000	6
3570000	8
3600000	4
3630000	6
3660000	3
3690000	4
3720000	3
3750000	4
3780000	3
3810000	6
3840000	1
3870000	6
3900000	4
3930000	6
3960000	6
3990000	2
4020000	3
4050000	7
4080000	7
4110000	5
4140000	3
4170000	6
4200000	8
4230000	3
4260000	7
4290000	3
4320000	6
4350000	4
4380000	5
4410000	6
4440000	9
4470000	5
4500000	2
4530000	4
4560000	7
4590000	4
4620000	6
4650000	6
4680000	4
4710000	5
4740000	4
4770000	7
4800000	5
4830000	5
4860000	10
4890000	11
4920000	6
4950000	4
4980000	6
5010000	10
5040000	6
5070000	6
5100000	1
5130000	6
5160000	4
5190000	9
5220000	3
5250000	6
5280000	6
5310000	5
5340000	6
5370000	5
5400000	5
5430000	9
5460000	4
5490000	5
5520000	7
5550000	7
5580000	11
5610000	5
5640000	5
5670000	8
5700000	4
5730000	4
5760000	5
5790000	5
5820000	6
5850000	4
5880000	3
5910000	5
5940000	2
5970000	5
6000000	3
6030000	6
6060000	8
6090000	4
6120000	2
6150000	4
6180000	1
6210000	5
6240000	6
6270000	5
6300000	5
6330000	1
6360000	7
6390000	7
6420000	1
6450000	7
6480000	7
6510000	5
6540000	4
6570000	1
6600000	6
6630000	5
6660000	4
6690000	4
6720000	4
6750000	6
6780000	1
6810000	4
6840000	7
6870000	4
6900000	2
6930000	8
6960000	5
6990000	3
7020000	3
7050000	10
7080000	6
7110000	10
7140000	3
7170000	10
7200000	7
7230000	10
7260000	3
7290000	7
7320000	7
7350000	5
7380000	5
7410000	10
7440000	7
7470000	4
7500000	5
7530000	1
7560000	1
7590000	1
7620000	6
7650000	2
7680000	4
7710000	6
7740000	8
7770000	4
7800000	1
7830000	8
7860000	5
7890000	6
7920000	2
7950000	4
7980000	3
8010000	5
8040000	3
8070000	5
8100000	3
8130000	5
8160000	9
8190000	9
8220000	6
8250000	4
8280000	7
8310000	8
8340000	2
8370000	6
8400000	2
8430000	6
8460000	5
8490000	4
8520000	6
8550000	6
8580000	11
8610000	9
8640000	6
8670000	6
8700000	4
8730000	4
8760000	6
8790000	13
8820000	7
8850000	3
8880000	5
8910000	4
8940000	4
8970000	6
9000000	4
9030000	6
9060000	9
9090000	7
9120000	4
9150000	4
9180000	4
9210000	2
9240000	5
9270000	7
9300000	2
9330000	10
9360000	6
9390000	4
9420000	5
9450000	6
9480000	5
9510000	4
9540000	2
9570000	5
9600000	2
9630000	6
9660000	5
9690000	6
9720000	6
9750000	5
9780000	3
9810000	5
9840000	7
9870000	7
9900000	8
9930000	6
9960000	8
9990000	6
10020000	3
10050000	7
10080000	8
10110000	4
10140000	5
10170000	8
10200000	2
10230000	3
10260000	3
10290000	2
10320000	6
10350000	7
10380000	5
10410000	9
10440000	3
10470000	3
10500000	3
10530000	5
10560000	3
10590000	7
10620000	7
10650000	2
10680000	3
10710000	3
10740000	6
10770000	5
10800000	6
10830000	4
10860000	5
10890000	5
10920000	7
10950000	4
10980000	2
11010000	2
11040000	8
11070000	1
11100000	4
11130000	5
11160000	3
11190000	5
11220000	14
11250000	2
11280000	8
11310000	4
11340000	3
11370000	5
11400000	4
11430000	2
11460000	3
11490000	2
11520000	2
11550000	4
11580000	6
11610000	4
11640000	3
11670000	5
11700000	1
11730000	3
11760000	3
11790000	5
11820000	5
11850000	4
11880000	5
11910000	2
11940000	2
11970000	5
12000000	2
12030000	6
12060000	5
12090000	5
12120000	6
12150000	5
12180000	6
12210000	11
12240000	3
12270000	12
12300000	5
12330000	5
12360000	5
12390000	8
12420000	6
12450000	5
12480000	4
12510000	5
12540000	3
12570000	7
12600000	5
12630000	5
12660000	4
12690000	8
12720000	4
12750000	3
12780000	3
12810000	8
12840000	3
12870000	2
12900000	1
12930000	4
12960000	4
12990000	2
13020000	4
13050000	4
13080000	8
13110000	3
13140000	6
13170000	6
13200000	2
13230000	8
13260000	1
13290000	5
13320000	6
13350000	7
13380000	1
13410000	7
13440000	10
13470000	8
13500000	6
13530000	7
13560000	7
13590000	3
13620000	4
13650000	4
13680000	4
13710000	7
13740000	3
13770000	2
13800000	5
13830000	6
13860000	5
13890000	8
13920000	4
13950000	4
13980000	4
14010000	6
14040000	4
14070000	5
14100000	5
14130000	7
14160000	8
14190000	4
14220000	6
14250000	6
14280000	7
14310000	7
14340000	4
14370000	4
14400000	4
14430000	3
14460000	6
14490000	8
14520000	7
14550000	6
14580000	7
14610000	11
14640000	4
14670000	5
14700000	4
14730000	6
14760000	7
14790000	6
14820000	1
14850000	1
14880000	6
14910000	4
14940000	6
14970000	4
15000000	8
15030000	3
15060000	8
15090000	4
15120000	2
15150000	8
15180000	3
15210000	4
15240000	3
15270000	6
15300000	4
15330000	3
15360000	6
15390000	7
15420000	2
15450000	4
15480000	7
15510000	7
15540000	8
15570000	7
15600000	6
15630000	4
15660000	1
15690000	4
15720000	3
15750000	6
15780000	6
15810000	5
15840000	7
15870000	6
15900000	2
15930000	6
15960000	4
15990000	4
16020000	6
16050000	5
16080000	2
16110000	2
16140000	1
16170000	4
16200000	4
16230000	12
16260000	3
16290000	3
16320000	3
16350000	3
16380000	6
16410000	4
16440000	8
16470000	8
16500000	6
16530000	6
16560000	2
16590000	2
16620000	7
16650000	4
16680000	5
16710000	2
16740000	6
16770000	3
16800000	8
16830000	5
16860000	8
16890000	8
16920000	8
16950000	5
16980000	6
17010000	8
17040000	5
17070000	8
17100000	3
17130000	6
17160000	6
17190000	2
17220000	2
17250000	5
17280000	7
17310000	2
17340000	4
17370000	7
17400000	10
17430000	14
17460000	22
17490000	53
17520000	114
17550000	182
17580000	313
17610000	445
17640000	562
17670000	672
17700000	702
17730000	559
17760000	444
17790000	330
17820000	193
17850000	125
17880000	86
17910000	41
17940000	26
17970000	13
18000000	12
18030000	12
18060000	4
18090000	7
18120000	7
18150000	2
18180000	7
18210000	8
18240000	6
18270000	5
18300000	8
18330000	4
18360000	4
18390000	4
18420000	5
18450000	7
18480000	5
18510000	9
18540000	7
18570000	2
18600000	7
18630000	1
18660000	7
18690000	8
18720000	5
18750000	12
18780000	9
18810000	17
18840000	23
18870000	22
18900000	33
18930000	59
18960000	77
18990000	99
19020000	158
19050000	239
19080000	271
19110000	344
19140000	358
19170000	412
19200000	359
19230000	355
19260000	265
19290000	209
19320000	196
19350000	102
19380000	84
19410000	77
19440000	43
19470000	47
19500000	33
19530000	16
19560000	21
19590000	14
19620000	17
19650000	11
19680000	10
19710000	6
19740000	10
19770000	8
19800000	6
19830000	8
19860000	5
19890000	9
19920000	6
19950000	6
19980000	8
20010000	9
20040000	4
20070000	3
20100000	4
20130000	3
20160000	9
20190000	5
20220000	9
20250000	5
20280000	13
20310000	8
20340000	9
20370000	12
20400000	7
20430000	11
20460000	9
20490000	13
20520000	12
20550000	14
20580000	24
20610000	33
20640000	37
20670000	58
20700000	88
20730000	95
20760000	122
20790000	174
20820000	236
20850000	256
20880000	259
20910000	299
20940000	288
20970000	345
21000000	297
21030000	251
21060000	195
21090000	150
21120000	105
21150000	76
21180000	48
21210000	37
21240000	25
21270000	21
21300000	22
21330000	11
21360000	10
21390000	10
21420000	14
21450000	11
21480000	13
21510000	8
21540000	6
21570000	11
21600000	7
21630000	4
21660000	8
21690000	7
21720000	5
21750000	6
21780000	9
21810000	5
21840000	7
21870000	14
21900000	7
21930000	10
21960000	15
21990000	12
22020000	11
22050000	16
22080000	21
22110000	33
22140000	36
22170000	56
22200000	66
22230000	87
22260000	117
22290000	146
22320000	212
22350000	220
22380000	258
22410000	267
22440000	300
22470000	277
22500000	269
22530000	268
22560000	274
22590000	207
22620000	193
22650000	155
22680000	128
22710000	84
22740000	79
22770000	55
22800000	42
22830000	32
22860000	27
22890000	28
22920000	18
22950000	20
22980000	14
23010000	10
23040000	22
23070000	10
23100000	7
23130000	14
23160000	4
23190000	7
23220000	10
23250000	9
23280000	7
23310000	11
23340000	12
23370000	10
23400000	10
23430000	11
23460000	14
23490000	13
23520000	9
23550000	16
23580000	10
23610000	12
23640000	23
23670000	18
23700000	22
23730000	47
23760000	42
23790000	66
23820000	87
23850000	116
23880000	125
23910000	132
23940000	160
23970000	185
24000000	180
24030000	204
24060000	206
24090000	194
24120000	202
24150000	191
24180000	193
24210000	184
24240000	177
24270000	163
24300000	141
24330000	146
24360000	119
24390000	88
24420000	95
24450000	85
24480000	61
24510000	44
24540000	37
24570000	27
24600000	29
24630000	32
24660000	30
24690000	21
24720000	19
24750000	23
24780000	18
24810000	23
24840000	24
24870000	26
24900000	21
24930000	22
24960000	37
24990000	40
25020000	41
25050000	52
25080000	48
25110000	52
25140000	59
25170000	57
25200000	76
25230000	74
25260000	82
25290000	85
25320000	135
25350000	109
25380000	122
25410000	124
25440000	134
25470000	142
25500000	122
25530000	157
25560000	135
25590000	153
25620000	124
25650000	122
25680000	110
25710000	104
25740000	106
25770000	91
25800000	84
25830000	76
25860000	63
25890000	63
25920000	82
25950000	78
25980000	67
26010000	53
26040000	51
26070000	52
26100000	65
26130000	49
26160000	43
26190000	61
26220000	64
26250000	75
26280000	84
26310000	102
26340000	76
26370000	77
26400000	106
26430000	124
26460000	110
26490000	132
26520000	140
26550000	124
26580000	135
26610000	115
26640000	135
26670000	89
26700000	87
26730000	89
26760000	75
26790000	77
26820000	69
26850000	71
26880000	52
26910000	53
26940000	74
26970000	56
27000000	57
27030000	66
27060000	48
27090000	50
27120000	68
27150000	51
27180000	56
27210000	50
27240000	56
27270000	49
27300000	54
27330000	55
27360000	50
27390000	66
27420000	51
27450000	59
27480000	57
27510000	48
27540000	52
27570000	52
27600000	41
27630000	54
27660000	56
27690000	49
27720000	60
27750000	65
27780000	71
27810000	73
27840000	99
27870000	90
27900000	83
27930000	107
27960000	114
27990000	120
28020000	117
28050000	135
28080000	126
28110000	123
28140000	145
28170000	129
28200000	113
28230000	150
28260000	142
28290000	121
28320000	135
28350000	130
28380000	112
28410000	96
28440000	107
28470000	89
28500000	89
28530000	96
28560000	94
28590000	94
28620000	74
28650000	74
28680000	73
28710000	71
28740000	66
28770000	69
28800000	64
28830000	56
28860000	62
28890000	59
28920000	62
28950000	56
28980000	72
29010000	74
29040000	77
29070000	60
29100000	77
29130000	74
29160000	79
29190000	78
29220000	84
29250000	89
29280000	99
29310000	109
29340000	98
29370000	94
29400000	116
29430000	102
29460000	114
29490000	103
29520000	103
29550000	92
29580000	105
29610000	104
29640000	98
29670000	93
29700000	99
29730000	94
29760000	88
29790000	102
29820000	113
29850000	85
29880000	96
29910000	76
29940000	73
29970000	84
30000000	66
30030000	65
30060000	72
30090000	74
30120000	68
30150000	67
30180000	77
30210000	70
30240000	63
30270000	63
30300000	70
30330000	86
30360000	76
30390000	60
30420000	56
30450000	61
30480000	72
30510000	57
30540000	82
30570000	97
30600000	88
30630000	80
30660000	62
30690000	76
30720000	71
30750000	75
30780000	84
30810000	70
30840000	84
30870000	75
30900000	84
30930000	95
30960000	102
30990000	80
31020000	94
31050000	90
31080000	105
31110000	81
31140000	88
31170000	95
31200000	101
31230000	100
31260000	68
31290000	87
31320000	70
31350000	75
31380000	79
31410000	93
31440000	94
31470000	68
31500000	83
31530000	68
31560000	69
31590000	83
31620000	88
31650000	69
31680000	107
31710000	73
31740000	71
31770000	99
31800000	87
31830000	100
31860000	90
31890000	85
31920000	96
31950000	78
31980000	79
32010000	90
32040000	79
32070000	100
32100000	103
32130000	107
32160000	93
32190000	92
32220000	91
32250000	63
32280000	93
32310000	83
32340000	84
32370000	83
32400000	83
32430000	86
32460000	72
32490000	91
32520000	94
32550000	97
32580000	96
32610000	87
32640000	84
32670000	110
32700000	87
32730000	92
32760000	75
32790000	86
32820000	87
32850000	93
32880000	96
32910000	86
32940000	81
32970000	85
33000000	86
33030000	70
33060000	79
33090000	90
33120000	78
33150000	88
33180000	91
33210000	84
33240000	84
33270000	91
33300000	89
33330000	79
33360000	70
33390000	91
33420000	80
33450000	76
33480000	109
33510000	100
33540000	60
33570000	80
33600000	101
33630000	91
33660000	85
33690000	80
33720000	80
33750000	85
33780000	93
33810000	92
33840000	85
33870000	96
33900000	96
33930000	80
33960000	83
33990000	82
34020000	86
34050000	99
34080000	107
34110000	89
34140000	97
34170000	100
34200000	95
34230000	88
34260000	103
34290000	79
34320000	105
34350000	128
34380000	87
34410000	93
34440000	114
34470000	99
34500000	94
34530000	97
34560000	94
34590000	95
34620000	97
34650000	95
34680000	88
34710000	93
34740000	100
34770000	91
34800000	98
34830000	96
34860000	92
34890000	74
34920000	86
34950000	91
34980000	72
35010000	83
35040000	72
35070000	59
35100000	74
35130000	71
35160000	83
35190000	67
35220000	64
35250000	64
35280000	63
35310000	66
35340000	70
35370000	79
35400000	72
35430000	66
35460000	74
35490000	66
35520000	64
35550000	56
35580000	77
35610000	71
35640000	76
35670000	56
35700000	51
35730000	62
35760000	66
35790000	56
35820000	51
35850000	66
35880000	85
35910000	80
35940000	91
35970000	72
36000000	80
36030000	87
36060000	83
36090000	83
36120000	80
36150000	85
36180000	91
36210000	88
36240000	93
36270000	89
36300000	79
36330000	111
36360000	93
36390000	100
36420000	86
36450000	76
36480000	98
36510000	80
36540000	98
36570000	89
36600000	89
36630000	101
36660000	108
36690000	82
36720000	69
36750000	93
36780000	77
36810000	97
36840000	84
36870000	77
36900000	81
36930000	91
36960000	77
36990000	102
37020000	100
37050000	79
37080000	87
37110000	78
37140000	100
37170000	85
37200000	84
37230000	93
37260000	94
37290000	87
37320000	93
37350000	81
37380000	90
37410000	67
37440000	69
37470000	74
37500000	89
37530000	95
37560000	79
37590000	94
37620000	65
37650000	72
37680000	62
37710000	71
37740000	66
37770000	60
37800000	66
37830000	66
37860000	68
37890000	87
37920000	64
37950000	74
37980000	53
38010000	64
38040000	68
38070000	63
38100000	71
38130000	67
38160000	62
38190000	68
38220000	56
38250000	55
38280000	60
38310000	52
38340000	68
38370000	59
38400000	62
38430000	69
38460000	68
38490000	62
38520000	59
38550000	75
38580000	70
38610000	68
38640000	73
38670000	63
38700000	63
38730000	69
38760000	75
38790000	88
38820000	66
38850000	77
38880000	74
38910000	70
38940000	75
38970000	101
39000000	66
39030000	81
39060000	94
39090000	92
39120000	91
39150000	65
39180000	91
39210000	79
39240000	87
39270000	102
39300000	81
39330000	71
39360000	80
39390000	74
39420000	85
39450000	91
39480000	85
39510000	82
39540000	82
39570000	82
39600000	95
39630000	102
39660000	91
39690000	71
39720000	83
39750000	111
39780000	97
39810000	97
39840000	92
39870000	93
39900000	77
39930000	105
39960000	83
39990000	94
40020000	98
40050000	85
40080000	91
40110000	97
40140000	96
40170000	91
40200000	91
40230000	101
40260000	89
40290000	91
40320000	106
40350000	90
40380000	75
40410000	77
40440000	81
40470000	95
40500000	87
40530000	88
40560000	84
40590000	74
40620000	94
40650000	95
40680000	91
40710000	97
40740000	86
40770000	79
40800000	102
40830000	78
40860000	72
40890000	99
40920000	97
40950000	94
40980000	103
41010000	73
41040000	82
41070000	87
41100000	72
41130000	111
41160000	95
41190000	79
41220000	87
41250000	94
41280000	90
41310000	96
41340000	91
41370000	90
41400000	83
41430000	109
41460000	92
41490000	94
41520000	98
41550000	87
41580000	97
41610000	113
41640000	92
41670000	93
41700000	93
41730000	101
41760000	81
41790000	102
41820000	85
41850000	65
41880000	87
41910000	74
41940000	92
41970000	108
42000000	86
42030000	102
42060000	84
42090000	91
42120000	100
42150000	98
42180000	80
42210000	98
42240000	85
42270000	87
42300000	97
42330000	80
42360000	99
42390000	71
42420000	91
42450000	105
42480000	91
42510000	93
42540000	71
42570000	97
42600000	83
42630000	101
42660000	89
42690000	99
42720000	79
42750000	87
42780000	103
42810000	93
42840000	86
42870000	79
42900000	96
42930000	97
42960000	73
42990000	102
43020000	94
43050000	79
43080000	93
43110000	88
43140000	93
43170000	82
43200000	91
43230000	93
43260000	95
43290000	112
43320000	89
43350000	88
43380000	100
43410000	93
43440000	79
43470000	83
43500000	75
43530000	71
43560000	90
43590000	86
43620000	76
43650000	71
43680000	93
43710000	68
43740000	84
43770000	82
43800000	84
43830000	80
43860000	73
43890000	93
43920000	81
43950000	89
43980000	82
44010000	83
44040000	81
44070000	73
44100000	71
44130000	102
44160000	69
44190000	70
44220000	62
44250000	101
44280000	81
44310000	89
44340000	97
44370000	75
44400000	76
44430000	85
44460000	94
44490000	73
44520000	85
44550000	82
44580000	97
44610000	83
44640000	84
44670000	86
44700000	85
44730000	82
44760000	82
44790000	84
44820000	80
44850000	94
44880000	71
44910000	70
44940000	81
44970000	96
45000000	87
45030000	83
45060000	67
45090000	88
45120000	68
45150000	76
45180000	79
45210000	98
45240000	78
45270000	78
45300000	83
45330000	81
45360000	60
45390000	80
45420000	87
45450000	92
45480000	88
45510000	85
45540000	72
45570000	75
45600000	84
45630000	90
45660000	91
45690000	94
45720000	92
45750000	82
45780000	70
45810000	89
45840000	78
45870000	83
45900000	85
45930000	87
45960000	72
45990000	97
46020000	74
46050000	80
46080000	91
46110000	93
46140000	81
46170000	85
46200000	96
46230000	74
46260000	79
46290000	76
46320000	83
46350000	70
46380000	75
46410000	71
46440000	95
46470000	89
46500000	85
46530000	84
46560000	74
46590000	84
46620000	65
46650000	68
46680000	78
46710000	96
46740000	96
46770000	91
46800000	88
46830000	103
46860000	104
46890000	61
46920000	86
46950000	76
46980000	81
47010000	96
47040000	78
47070000	96
47100000	110
47130000	82
47160000	83
47190000	91
47220000	84
47250000	85
47280000	75
47310000	82
47340000	87
47370000	86
47400000	90
47430000	99
47460000	74
47490000	90
47520000	74
47550000	82
47580000	91
47610000	77
47640000	85
47670000	72
47700000	77
47730000	90
47760000	81
47790000	75
47820000	87
47850000	89
47880000	89
47910000	81
47940000	94
47970000	67
48000000	87
48030000	77
48060000	86
48090000	89
48120000	70
48150000	78
48180000	89
48210000	104
48240000	98
48270000	90
48300000	96
48330000	99
48360000	100
48390000	96
48420000	88
48450000	80
48480000	88
48510000	88
48540000	99
48570000	98
48600000	94
48630000	91
48660000	92
48690000	97
48720000	92
48750000	95
48780000	94
48810000	92
48840000	83
48870000	84
48900000	62
48930000	100
48960000	105
48990000	94
49020000	86
49050000	88
49080000	76
49110000	90
49140000	85
49170000	90
49200000	84
49230000	107
49260000	75
49290000	100
49320000	105
49350000	85
49380000	82
49410000	82
49440000	102
49470000	91
49500000	105
49530000	106
49560000	103
49590000	96
49620000	106
49650000	83
49680000	113
49710000	104
49740000	73
49770000	94
49800000	88
49830000	93
49860000	81
49890000	85
49920000	90
49950000	88
49980000	96
50010000	91
50040000	88
50070000	85
50100000	76
50130000	78
50160000	83
50190000	95
50220000	104
50250000	110
50280000	98
50310000	101
50340000	90
50370000	101
50400000	89
50430000	89
50460000	100
50490000	77
50520000	93
50550000	90
50580000	101
50610000	93
50640000	74
50670000	96
50700000	101
50730000	113
50760000	75
50790000	108
50820000	91
50850000	91
50880000	91
50910000	96
50940000	88
50970000	102
51000000	83
51030000	71
51060000	98
51090000	107
51120000	91
51150000	82
51180000	84
51210000	92
51240000	91
51270000	90
51300000	90
51330000	91
51360000	98
51390000	88
51420000	84
51450000	86
51480000	87
51510000	73
51540000	75
51570000	83
51600000	105
51630000	97
51660000	75
51690000	77
51720000	87
51750000	85
51780000	98
51810000	90
51840000	82
51870000	86
51900000	102
51930000	88
51960000	66
51990000	64
52020000	98
52050000	104
52080000	95
52110000	103
52140000	80
52170000	77
52200000	78
52230000	75
52260000	83
52290000	78
52320000	88
52350000	79
52380000	97
52410000	81
52440000	76
52470000	82
52500000	89
52530000	91
52560000	79
52590000	82
52620000	72
52650000	77
52680000	76
52710000	77
52740000	74
52770000	84
52800000	82
52830000	89
52860000	87
52890000	85
52920000	71
52950000	82
52980000	92
53010000	88
53040000	88
53070000	85
53100000	91
53130000	96
53160000	98
53190000	89
53220000	94
53250000	80
53280000	116
53310000	77
53340000	82
53370000	88
53400000	97
53430000	82
53460000	93
53490000	81
53520000	89
53550000	81
53580000	93
53610000	86
53640000	88
53670000	78
53700000	91
53730000	82
53760000	88
53790000	79
53820000	91
53850000	105
53880000	85
53910000	86
53940000	109
53970000	95
54000000	88
54030000	97
54060000	110
54090000	92
54120000	86
54150000	76
54180000	99
54210000	86
54240000	100
54270000	114
54300000	82
54330000	90
54360000	87
54390000	94
54420000	89
54450000	83
54480000	90
54510000	100
54540000	89
54570000	87
54600000	102
54630000	95
54660000	102
54690000	84
54720000	83
54750000	77
54780000	101
54810000	103
54840000	75
54870000	93
54900000	92
54930000	93
54960000	91
54990000	89
55020000	101
55050000	100
55080000	87
55110000	73
55140000	87
55170000	81
55200000	94
55230000	110
55260000	84
55290000	97
55320000	100
55350000	81
55380000	83
55410000	95
55440000	71
55470000	93
55500000	93
55530000	107
55560000	80
55590000	100
55620000	96
55650000	93
55680000	73
55710000	70
55740000	104
55770000	109
55800000	89
55830000	92
55860000	114
55890000	85
55920000	77
55950000	87
55980000	90
56010000	107
56040000	85
56070000	82
56100000	78
56130000	91
56160000	91
56190000	84
56220000	81
56250000	82
56280000	87
56310000	102
56340000	87
56370000	91
56400000	73
56430000	101
56460000	91
56490000	88
56520000	78
56550000	79
56580000	106
56610000	93
56640000	89
56670000	108
56700000	92
56730000	82
56760000	95
56790000	102
56820000	64
56850000	78
56880000	99
56910000	63
56940000	95
56970000	86
57000000	93
57030000	65
57060000	94
57090000	85
57120000	85
57150000	94
57180000	84
57210000	84
57240000	87
57270000	78
57300000	94
57330000	87
57360000	87
57390000	107
57420000	105
57450000	86
57480000	75
57510000	82
57540000	111
57570000	78
57600000	98
57630000	66
57660000	92
57690000	95
57720000	87
57750000	73
57780000	94
57810000	89
57840000	84
57870000	84
57900000	75
57930000	82
57960000	75
57990000	74
58020000	69
58050000	68
58080000	83
58110000	80
58140000	80
58170000	84
58200000	85
58230000	77
58260000	90
58290000	77
58320000	85
58350000	85
58380000	83
58410000	67
58440000	95
58470000	75
58500000	89
58530000	68
58560000	71
58590000	84
58620000	82
58650000	86
58680000	83
58710000	85
58740000	74
58770000	89
58800000	94
58830000	97
58860000	94
58890000	90
58920000	103
58950000	85
58980000	72
59010000	78
59040000	98
59070000	74
59100000	83
59130000	73
59160000	87
59190000	85
59220000	96
59250000	102
59280000	99
59310000	97
59340000	72
59370000	86
59400000	91
59430000	87
59460000	89
59490000	106
59520000	88
59550000	87
59580000	68
59610000	88
59640000	72
59670000	71
59700000	82
59730000	98
59760000	99
59790000	70
59820000	86
59850000	89
59880000	101
59910000	90
59940000	98
59970000	93
