"Time (ps)"	"Counts per bin"
0	29
50000	24
100000	28
150000	22
200000	28
250000	34
300000	19
350000	17
400000	25
450000	22
500000	22
550000	32
600000	27
650000	16
700000	25
750000	23
800000	31
850000	26
900000	35
950000	28
1000000	23
1050000	24
1100000	29
1150000	26
1200000	29
1250000	25
1300000	29
1350000	32
1400000	32
1450000	21
1500000	33
1550000	15
1600000	28
1650000	21
1700000	28
1750000	23
1800000	25
1850000	34
1900000	35
1950000	25
2000000	28
2050000	17
2100000	36
2150000	35
2200000	19
2250000	17
2300000	20
2350000	22
2400000	27
2450000	29
2500000	23
2550000	29
2600000	17
2650000	19
2700000	30
2750000	22
2800000	32
2850000	20
2900000	26
2950000	24
3000000	23
3050000	21
3100000	29
3150000	24
3200000	24
3250000	28
3300000	25
3350000	13
3400000	19
3450000	16
3500000	29
3550000	24
3600000	28
3650000	28
3700000	15
3750000	21
3800000	30
3850000	26
3900000	32
3950000	22
4000000	30
4050000	28
4100000	28
4150000	24
4200000	29
4250000	21
4300000	37
4350000	23
4400000	20
4450000	24
4500000	28
4550000	27
4600000	30
4650000	29
4700000	25
4750000	23
4800000	23
4850000	18
4900000	28
4950000	33
5000000	24
5050000	22
5100000	22
5150000	22
5200000	20
5250000	24
5300000	24
5350000	25
5400000	19
5450000	24
5500000	17
5550000	33
5600000	18
5650000	19
5700000	29
5750000	25
5800000	27
5850000	23
5900000	17
5950000	31
6000000	30
6050000	34
6100000	30
6150000	29
6200000	28
6250000	22
6300000	19
6350000	22
6400000	16
6450000	23
6500000	19
6550000	22
6600000	22
6650000	27
6700000	26
6750000	21
6800000	21
6850000	27
6900000	27
6950000	20
7000000	29
7050000	23
7100000	37
7150000	26
7200000	23
7250000	20
7300000	34
7350000	22
7400000	28
7450000	33
7500000	30
7550000	33
7600000	30
7650000	23
7700000	38
7750000	20
7800000	25
7850000	26
7900000	29
7950000	22
8000000	18
8050000	28
8100000	26
8150000	26
8200000	27
8250000	31
8300000	25
8350000	26
8400000	26
8450000	34
8500000	27
8550000	33
8600000	19
8650000	22
8700000	24
8750000	27
8800000	37
8850000	35
8900000	17
8950000	31
9000000	21
9050000	25
9100000	33
9150000	20
9200000	23
9250000	27
9300000	28
9350000	20
9400000	30
9450000	21
9500000	18
9550000	26
9600000	27
9650000	30
9700000	23
9750000	32
9800000	25
9850000	21
9900000	25
9950000	25
10000000	27
10050000	28
10100000	39
10150000	22
10200000	21
10250000	32
10300000	26
10350000	25
10400000	30
10450000	17
10500000	26
10550000	22
10600000	23
10650000	17
10700000	32
10750000	40
10800000	25
10850000	29
10900000	32
10950000	24
11000000	33
11050000	24
11100000	24
11150000	24
11200000	27
11250000	21
11300000	28
11350000	32
11400000	30
11450000	26
11500000	23
11550000	19
11600000	29
11650000	27
11700000	23
11750000	28
11800000	38
11850000	24
11900000	26
11950000	28
12000000	23
12050000	28
12100000	32
12150000	29
12200000	20
12250000	31
12300000	22
12350000	33
12400000	31
12450000	26
12500000	27
12550000	25
12600000	24
12650000	18
12700000	26
12750000	26
12800000	30
12850000	24
12900000	30
12950000	31
13000000	29
13050000	23
13100000	17
13150000	23
13200000	22
13250000	37
13300000	22
13350000	25
13400000	31
13450000	28
13500000	32
13550000	26
13600000	23
13650000	33
13700000	19
13750000	29
13800000	24
13850000	39
13900000	23
13950000	23
14000000	22
14050000	23
14100000	20
14150000	29
14200000	20
14250000	26
14300000	30
14350000	30
14400000	25
14450000	26
14500000	26
14550000	27
14600000	21
14650000	32
14700000	28
14750000	27
14800000	20
14850000	26
14900000	26
14950000	17
15000000	31
15050000	26
15100000	25
15150000	25
15200000	28
15250000	25
15300000	21
15350000	22
15400000	28
15450000	20
15500000	29
15550000	34
15600000	29
15650000	28
15700000	20
15750000	38
15800000	26
15850000	25
15900000	17
15950000	21
16000000	24
16050000	38
16100000	26
16150000	28
16200000	26
16250000	26
16300000	25
16350000	26
16400000	19
16450000	28
16500000	18
16550000	22
16600000	25
16650000	27
16700000	37
16750000	91
16800000	274
16850000	734
16900000	2026
16950000	3418
17000000	4133
17050000	3375
17100000	2039
17150000	1008
17200000	403
17250000	162
17300000	64
17350000	42
17400000	34
17450000	29
17500000	32
17550000	45
17600000	27
17650000	36
17700000	26
17750000	21
17800000	30
17850000	43
17900000	53
17950000	48
18000000	50
18050000	91
18100000	114
18150000	200
18200000	351
18250000	675
18300000	1112
18350000	1692
18400000	2110
18450000	2108
18500000	1778
18550000	1290
18600000	835
18650000	510
18700000	310
18750000	158
18800000	136
18850000	76
18900000	53
18950000	47
19000000	42
19050000	48
19100000	36
19150000	41
19200000	46
19250000	27
19300000	32
19350000	35
19400000	38
19450000	37
19500000	41
19550000	49
19600000	38
19650000	56
19700000	74
19750000	92
19800000	150
19850000	282
19900000	475
19950000	763
20000000	1131
20050000	1389
20100000	1479
20150000	1195
20200000	853
20250000	518
20300000	306
20350000	170
20400000	106
20450000	56
20500000	39
20550000	36
20600000	30
20650000	36
20700000	38
20750000	43
20800000	30
20850000	30
20900000	30
20950000	30
21000000	27
21050000	29
21100000	34
21150000	30
21200000	33
21250000	38
21300000	60
21350000	88
21400000	163
21450000	287
21500000	592
21550000	961
21600000	1589
21650000	2059
21700000	2301
21750000	2247
21800000	1906
21850000	1380
21900000	952
21950000	598
22000000	335
22050000	212
22100000	114
22150000	83
22200000	82
22250000	75
22300000	60
22350000	50
22400000	52
22450000	42
22500000	43
22550000	39
22600000	42
22650000	62
22700000	62
22750000	106
22800000	146
22850000	228
22900000	320
22950000	424
23000000	654
23050000	751
23100000	854
23150000	940
23200000	1021
23250000	982
23300000	965
23350000	824
23400000	766
23450000	689
23500000	609
23550000	502
23600000	431
23650000	391
23700000	355
23750000	305
23800000	275
23850000	228
23900000	164
23950000	120
24000000	120
24050000	98
24100000	110
24150000	110
24200000	132
24250000	199
24300000	209
24350000	305
24400000	444
24450000	598
24500000	838
24550000	923
24600000	1063
24650000	1081
24700000	1026
24750000	843
24800000	700
24850000	609
24900000	510
24950000	408
25000000	368
25050000	333
25100000	314
25150000	265
25200000	269
25250000	269
25300000	241
25350000	271
25400000	309
25450000	346
25500000	395
25550000	456
25600000	521
25650000	594
25700000	629
25750000	689
25800000	669
25850000	609
25900000	642
25950000	587
26000000	502
26050000	512
26100000	463
26150000	415
26200000	390
26250000	363
26300000	330
26350000	333
26400000	319
26450000	268
26500000	266
26550000	249
26600000	240
26650000	232
26700000	247
26750000	267
26800000	295
26850000	313
26900000	377
26950000	434
27000000	466
27050000	549
27100000	614
27150000	683
27200000	718
27250000	756
27300000	731
27350000	793
27400000	754
27450000	728
27500000	718
27550000	675
27600000	625
27650000	551
27700000	488
27750000	441
27800000	451
27850000	424
27900000	387
27950000	369
28000000	358
28050000	364
28100000	353
28150000	339
28200000	337
28250000	349
28300000	368
28350000	438
28400000	438
28450000	480
28500000	507
28550000	511
28600000	581
28650000	614
28700000	580
28750000	597
28800000	628
28850000	614
28900000	625
28950000	572
29000000	534
29050000	482
29100000	498
29150000	439
29200000	427
29250000	385
29300000	375
29350000	355
29400000	342
29450000	349
29500000	346
29550000	392
29600000	358
29650000	354
29700000	422
29750000	421
29800000	464
29850000	443
29900000	449
29950000	430
30000000	472
30050000	469
30100000	518
30150000	470
30200000	551
30250000	555
30300000	574
30350000	531
30400000	584
30450000	552
30500000	548
30550000	504
30600000	566
30650000	543
30700000	524
30750000	528
30800000	486
30850000	464
30900000	473
30950000	481
31000000	484
31050000	482
31100000	526
31150000	523
31200000	531
31250000	535
31300000	562
31350000	583
31400000	531
31450000	558
31500000	522
31550000	482
31600000	485
31650000	538
31700000	517
31750000	503
31800000	508
31850000	479
31900000	533
31950000	511
32000000	509
32050000	481
32100000	519
32150000	556
32200000	481
32250000	493
32300000	506
32350000	504
32400000	523
32450000	484
32500000	468
32550000	533
32600000	480
32650000	511
32700000	495
32750000	502
32800000	487
32850000	472
32900000	492
32950000	485
33000000	512
33050000	490
33100000	469
33150000	518
33200000	497
33250000	498
33300000	495
33350000	514
33400000	526
33450000	543
33500000	457
33550000	585
33600000	539
33650000	503
33700000	553
33750000	557
33800000	517
33850000	544
33900000	543
33950000	490
34000000	527
34050000	522
34100000	517
34150000	523
34200000	526
34250000	494
34300000	480
34350000	439
34400000	461
34450000	405
34500000	434
34550000	421
34600000	419
34650000	414
34700000	376
34750000	372
34800000	353
34850000	341
34900000	328
34950000	322
35000000	321
35050000	289
35100000	303
35150000	274
35200000	298
35250000	286
35300000	284
35350000	329
35400000	293
35450000	353
35500000	311
35550000	321
35600000	350
35650000	356
35700000	352
35750000	385
35800000	376
35850000	376
35900000	440
35950000	413
36000000	394
36050000	393
36100000	438
36150000	449
36200000	433
36250000	430
36300000	447
36350000	449
36400000	456
36450000	454
36500000	481
36550000	497
36600000	483
36650000	495
36700000	535
36750000	501
36800000	496
36850000	522
36900000	567
36950000	570
37000000	557
37050000	541
37100000	566
37150000	530
37200000	540
37250000	521
37300000	510
37350000	517
37400000	548
37450000	517
37500000	554
37550000	508
37600000	535
37650000	486
37700000	526
37750000	523
37800000	516
37850000	541
37900000	547
37950000	560
38000000	573
38050000	561
38100000	546
38150000	613
38200000	513
38250000	525
38300000	512
38350000	534
38400000	502
38450000	454
38500000	484
38550000	467
38600000	434
38650000	481
38700000	447
38750000	456
38800000	503
38850000	474
38900000	460
38950000	459
39000000	518
39050000	549
39100000	531
39150000	543
39200000	598
39250000	566
39300000	594
39350000	601
39400000	572
39450000	625
39500000	586
39550000	562
39600000	550
39650000	573
39700000	547
39750000	561
39800000	538
39850000	537
39900000	489
39950000	538
40000000	500
40050000	460
40100000	494
40150000	530
40200000	568
40250000	532
40300000	544
40350000	503
40400000	534
40450000	560
40500000	544
40550000	535
40600000	543
40650000	489
40700000	517
40750000	539
40800000	503
40850000	445
40900000	500
40950000	447
41000000	497
41050000	471
41100000	441
41150000	496
41200000	443
41250000	474
41300000	483
41350000	478
41400000	459
41450000	481
41500000	502
41550000	529
41600000	494
41650000	498
41700000	495
41750000	512
41800000	519
41850000	462
41900000	511
41950000	515
42000000	454
42050000	492
42100000	486
42150000	479
42200000	447
42250000	484
42300000	427
42350000	460
42400000	442
42450000	474
42500000	476
42550000	449
42600000	473
42650000	437
42700000	472
42750000	457
42800000	469
42850000	502
42900000	478
42950000	505
43000000	495
43050000	516
43100000	521
43150000	455
43200000	446
43250000	451
43300000	406
43350000	471
43400000	443
43450000	463
43500000	456
43550000	454
43600000	486
43650000	445
43700000	442
43750000	492
43800000	509
43850000	466
43900000	488
43950000	490
44000000	485
44050000	505
44100000	501
44150000	487
44200000	506
44250000	496
44300000	515
44350000	476
44400000	458
44450000	472
44500000	478
44550000	504
44600000	496
44650000	462
44700000	442
44750000	489
44800000	442
44850000	476
44900000	489
44950000	523
45000000	480
45050000	511
45100000	505
45150000	487
45200000	505
45250000	521
45300000	576
45350000	540
45400000	564
45450000	531
45500000	530
45550000	566
45600000	602
45650000	504
45700000	546
45750000	523
45800000	538
45850000	562
45900000	488
45950000	523
46000000	522
46050000	524
46100000	529
46150000	517
46200000	537
46250000	522
46300000	539
46350000	525
46400000	572
46450000	562
46500000	564
46550000	521
46600000	572
46650000	576
46700000	583
46750000	490
46800000	528
46850000	573
46900000	560
46950000	518
47000000	524
47050000	545
47100000	548
47150000	517
47200000	484
47250000	541
47300000	517
47350000	559
47400000	511
47450000	526
47500000	544
47550000	524
47600000	550
47650000	553
47700000	503
47750000	536
47800000	558
47850000	508
47900000	497
47950000	501
48000000	512
48050000	527
48100000	509
48150000	502
48200000	533
48250000	517
48300000	552
48350000	496
48400000	530
48450000	510
48500000	472
48550000	545
48600000	565
48650000	519
48700000	507
48750000	465
48800000	511
48850000	513
48900000	502
48950000	521
49000000	478
49050000	496
49100000	511
49150000	488
49200000	558
49250000	516
49300000	503
49350000	520
49400000	559
49450000	510
49500000	525
49550000	521
49600000	509
49650000	513
49700000	538
49750000	515
49800000	511
49850000	495
49900000	517
49950000	519
50000000	493
50050000	518
50100000	504
50150000	516
50200000	472
50250000	512
50300000	516
50350000	475
50400000	498
50450000	551
50500000	532
50550000	487
50600000	484
50650000	541
50700000	502
50750000	482
50800000	485
50850000	488
50900000	503
50950000	518
51000000	510
51050000	510
51100000	514
51150000	511
51200000	492
51250000	521
51300000	525
51350000	510
51400000	483
51450000	548
51500000	484
51550000	523
51600000	524
51650000	520
51700000	544
51750000	479
51800000	507
51850000	503
51900000	508
51950000	482
52000000	470
52050000	543
52100000	477
52150000	509
52200000	510
52250000	457
52300000	534
52350000	439
52400000	520
52450000	514
52500000	554
52550000	519
52600000	496
52650000	492
52700000	518
52750000	522
52800000	480
52850000	477
52900000	501
52950000	512
53000000	495
53050000	520
53100000	528
53150000	507
53200000	486
53250000	514
53300000	496
53350000	478
53400000	522
53450000	475
53500000	519
53550000	509
53600000	517
53650000	495
53700000	525
53750000	520
53800000	542
53850000	509
53900000	543
53950000	511
54000000	502
54050000	537
54100000	523
54150000	511
54200000	505
54250000	547
54300000	527
54350000	521
54400000	486
54450000	492
54500000	515
54550000	525
54600000	555
54650000	527
54700000	535
54750000	508
54800000	544
54850000	487
54900000	545
54950000	529
55000000	531
55050000	525
55100000	515
55150000	477
55200000	527
55250000	536
55300000	547
55350000	559
55400000	543
55450000	563
55500000	545
55550000	550
55600000	551
55650000	561
55700000	527
55750000	504
55800000	526
55850000	544
55900000	522
55950000	553
56000000	519
56050000	548
56100000	524
56150000	570
56200000	567
56250000	520
56300000	538
56350000	523
56400000	511
56450000	546
56500000	508
56550000	537
56600000	542
56650000	535
56700000	490
56750000	541
56800000	565
56850000	550
56900000	510
56950000	514
57000000	567
57050000	522
57100000	487
57150000	465
57200000	569
57250000	527
57300000	502
57350000	546
57400000	516
57450000	575
57500000	541
57550000	518
57600000	569
57650000	527
57700000	516
57750000	541
57800000	479
57850000	498
57900000	579
57950000	540
58000000	536
58050000	516
58100000	538
58150000	529
58200000	529
58250000	558
58300000	480
58350000	530
58400000	541
58450000	543
58500000	479
58550000	525
58600000	543
58650000	514
58700000	501
58750000	490
58800000	519
58850000	541
58900000	533
58950000	515
59000000	498
59050000	538
59100000	530
59150000	527
59200000	503
59250000	521
59300000	527
59350000	506
59400000	581
59450000	521
59500000	524
59550000	541
59600000	542
59650000	521
59700000	486
59750000	510
59800000	533
59850000	534
59900000	543
59950000	525
60000000	538
60050000	560
60100000	503
60150000	511
60200000	483
60250000	556
60300000	551
60350000	537
60400000	527
60450000	557
60500000	534
60550000	518
60600000	530
60650000	491
60700000	558
60750000	578
60800000	540
60850000	526
60900000	591
60950000	515
61000000	518
61050000	512
61100000	531
61150000	554
61200000	565
61250000	539
61300000	535
61350000	538
61400000	555
61450000	532
61500000	518
61550000	538
61600000	539
61650000	538
61700000	510
61750000	537
61800000	505
61850000	545
61900000	522
61950000	557
62000000	542
62050000	549
62100000	527
62150000	532
62200000	496
62250000	535
62300000	552
62350000	521
62400000	560
62450000	544
62500000	555
62550000	485
62600000	539
62650000	527
62700000	532
62750000	510
62800000	477
62850000	543
62900000	559
62950000	571
63000000	543
63050000	553
63100000	534
63150000	570
63200000	497
63250000	533
63300000	554
63350000	525
63400000	524
63450000	530
63500000	579
63550000	510
63600000	547
63650000	514
63700000	533
63750000	518
63800000	532
63850000	504
63900000	545
63950000	501
64000000	530
64050000	517
64100000	517
64150000	531
64200000	519
64250000	536
64300000	520
64350000	540
64400000	569
64450000	551
64500000	558
64550000	518
64600000	583
64650000	537
64700000	539
64750000	542
64800000	548
64850000	566
64900000	553
64950000	548
65000000	549
65050000	512
65100000	528
65150000	560
65200000	532
65250000	567
65300000	552
65350000	569
65400000	535
65450000	520
65500000	570
65550000	551
65600000	537
65650000	531
65700000	514
65750000	536
65800000	606
65850000	522
65900000	496
65950000	564
66000000	537
66050000	526
66100000	538
66150000	515
66200000	527
66250000	554
66300000	522
66350000	557
66400000	546
66450000	542
66500000	542
66550000	515
66600000	568
66650000	533
66700000	533
66750000	541
66800000	536
66850000	574
66900000	533
66950000	553
67000000	537
67050000	542
67100000	624
67150000	564
67200000	504
67250000	542
67300000	584
67350000	550
67400000	582
67450000	544
67500000	559
67550000	556
67600000	553
67650000	592
67700000	524
67750000	554
67800000	540
67850000	553
67900000	537
67950000	557
68000000	574
68050000	556
68100000	585
68150000	582
68200000	537
68250000	558
68300000	582
68350000	560
68400000	526
68450000	543
68500000	540
68550000	561
68600000	514
68650000	600
68700000	537
68750000	530
68800000	526
68850000	509
68900000	549
68950000	499
69000000	591
69050000	568
69100000	568
69150000	554
69200000	557
69250000	546
69300000	523
69350000	573
69400000	550
69450000	551
69500000	543
69550000	561
69600000	549
69650000	538
69700000	517
69750000	588
69800000	576
69850000	570
69900000	523
69950000	525
70000000	552
70050000	537
70100000	561
70150000	523
70200000	552
70250000	557
70300000	495
70350000	524
70400000	540
70450000	510
70500000	584
70550000	559
70600000	507
70650000	526
70700000	530
70750000	535
70800000	507
70850000	536
70900000	533
70950000	526
71000000	534
71050000	544
71100000	520
71150000	542
71200000	514
71250000	530
71300000	544
71350000	526
71400000	549
71450000	493
71500000	520
71550000	497
71600000	525
71650000	548
71700000	564
71750000	563
71800000	547
71850000	538
71900000	525
71950000	574
72000000	542
72050000	528
72100000	561
72150000	563
72200000	545
72250000	511
72300000	572
72350000	556
72400000	585
72450000	548
72500000	511
72550000	531
72600000	556
72650000	536
72700000	523
72750000	534
72800000	555
72850000	498
72900000	548
72950000	522
73000000	501
73050000	542
73100000	530
73150000	518
73200000	498
73250000	525
73300000	508
73350000	573
73400000	560
73450000	546
73500000	537
73550000	588
73600000	573
73650000	559
73700000	542
73750000	562
73800000	567
73850000	553
73900000	529
73950000	551
74000000	545
74050000	522
74100000	514
74150000	536
74200000	545
74250000	524
74300000	573
74350000	528
74400000	535
74450000	516
74500000	563
74550000	564
74600000	536
74650000	587
74700000	554
74750000	575
74800000	560
74850000	542
74900000	560
74950000	514
75000000	559
75050000	529
75100000	546
75150000	475
75200000	550
75250000	527
75300000	546
75350000	589
75400000	491
75450000	535
75500000	537
75550000	547
75600000	602
75650000	529
75700000	545
75750000	583
75800000	552
75850000	547
75900000	584
75950000	556
76000000	567
76050000	540
76100000	525
76150000	520
76200000	579
76250000	533
76300000	577
76350000	530
76400000	539
76450000	547
76500000	561
76550000	563
76600000	549
76650000	524
76700000	529
76750000	550
76800000	582
76850000	541
76900000	520
76950000	558
77000000	527
77050000	546
77100000	523
77150000	567
77200000	586
77250000	599
77300000	547
77350000	579
77400000	600
77450000	552
77500000	579
77550000	564
77600000	526
77650000	529
77700000	612
77750000	563
77800000	555
77850000	569
77900000	591
77950000	569
78000000	624
78050000	568
78100000	590
78150000	573
78200000	584
78250000	529
78300000	563
78350000	622
78400000	595
78450000	528
78500000	560
78550000	547
78600000	609
78650000	569
78700000	608
78750000	585
78800000	571
78850000	585
78900000	559
78950000	582
79000000	583
79050000	563
79100000	576
79150000	584
79200000	574
79250000	523
79300000	576
79350000	557
79400000	578
79450000	566
79500000	601
79550000	605
79600000	562
79650000	581
79700000	556
79750000	545
79800000	608
79850000	563
79900000	551
79950000	585
80000000	584
80050000	557
80100000	556
80150000	597
80200000	552
80250000	607
80300000	600
80350000	553
80400000	602
80450000	574
80500000	568
80550000	593
80600000	541
80650000	598
80700000	577
80750000	590
80800000	539
80850000	521
80900000	579
80950000	592
81000000	547
81050000	573
81100000	566
81150000	564
81200000	575
81250000	548
81300000	529
81350000	532
81400000	563
81450000	539
81500000	600
81550000	609
81600000	567
81650000	570
81700000	558
81750000	579
81800000	516
81850000	579
81900000	566
81950000	573
82000000	552
82050000	549
82100000	560
82150000	586
82200000	530
82250000	570
82300000	556
82350000	542
82400000	563
82450000	555
82500000	573
82550000	579
82600000	599
82650000	561
82700000	545
82750000	564
82800000	587
82850000	581
82900000	544
82950000	595
83000000	617
83050000	572
83100000	520
83150000	563
83200000	585
83250000	577
83300000	548
83350000	565
83400000	550
83450000	539
83500000	614
83550000	553
83600000	646
83650000	566
83700000	567
83750000	540
83800000	550
83850000	568
83900000	608
83950000	565
84000000	555
84050000	548
84100000	610
84150000	565
84200000	597
84250000	551
84300000	572
84350000	576
84400000	576
84450000	571
84500000	578
84550000	521
84600000	590
84650000	566
84700000	654
84750000	557
84800000	570
84850000	536
84900000	562
84950000	548
85000000	557
85050000	566
85100000	605
85150000	541
85200000	577
85250000	559
85300000	600
85350000	546
85400000	551
85450000	599
85500000	530
85550000	517
85600000	520
85650000	590
85700000	600
85750000	584
85800000	576
85850000	507
85900000	578
85950000	580
86000000	566
86050000	560
86100000	608
86150000	587
86200000	553
86250000	548
86300000	575
86350000	554
86400000	609
86450000	564
86500000	545
86550000	597
86600000	594
86650000	617
86700000	599
86750000	567
86800000	554
86850000	543
86900000	568
86950000	563
87000000	573
87050000	556
87100000	548
87150000	519
87200000	562
87250000	539
87300000	597
87350000	580
87400000	585
87450000	582
87500000	551
87550000	592
87600000	602
87650000	598
87700000	589
87750000	532
87800000	592
87850000	514
87900000	569
87950000	559
88000000	596
88050000	589
88100000	613
88150000	542
88200000	586
88250000	547
88300000	630
88350000	581
88400000	617
88450000	572
88500000	614
88550000	576
88600000	523
88650000	578
88700000	544
88750000	563
88800000	580
88850000	573
88900000	616
88950000	575
89000000	546
89050000	565
89100000	622
89150000	562
89200000	586
89250000	575
89300000	558
89350000	588
89400000	588
89450000	606
89500000	586
89550000	590
89600000	587
89650000	573
89700000	560
89750000	562
89800000	574
89850000	594
89900000	529
89950000	562
90000000	591
90050000	565
90100000	615
90150000	611
90200000	538
90250000	593
90300000	575
90350000	547
90400000	606
90450000	576
90500000	557
90550000	559
90600000	561
90650000	559
90700000	543
90750000	565
90800000	553
90850000	582
90900000	568
90950000	537
91000000	595
91050000	547
91100000	616
91150000	565
91200000	573
91250000	590
91300000	568
91350000	584
91400000	575
91450000	566
91500000	609
91550000	584
91600000	568
91650000	543
91700000	540
91750000	597
91800000	575
91850000	644
91900000	557
91950000	587
92000000	559
92050000	566
92100000	560
92150000	555
92200000	594
92250000	614
92300000	570
92350000	559
92400000	562
92450000	581
92500000	593
92550000	558
92600000	579
92650000	612
92700000	539
92750000	573
92800000	604
92850000	564
92900000	581
92950000	585
93000000	567
93050000	537
93100000	580
93150000	573
93200000	565
93250000	562
93300000	577
93350000	501
93400000	576
93450000	564
93500000	556
93550000	587
93600000	582
93650000	562
93700000	542
93750000	563
93800000	579
93850000	584
93900000	555
93950000	558
94000000	619
94050000	517
94100000	576
94150000	520
94200000	598
94250000	541
94300000	542
94350000	584
94400000	561
94450000	541
94500000	619
94550000	547
94600000	573
94650000	556
94700000	540
94750000	551
94800000	582
94850000	594
94900000	574
94950000	616
95000000	570
95050000	591
95100000	540
95150000	591
95200000	563
95250000	539
95300000	569
95350000	586
95400000	604
95450000	566
95500000	543
95550000	517
95600000	581
95650000	557
95700000	618
95750000	571
95800000	597
95850000	567
95900000	529
95950000	576
96000000	578
96050000	566
96100000	551
96150000	553
96200000	583
96250000	553
96300000	611
96350000	578
96400000	573
96450000	513
96500000	565
96550000	587
96600000	594
96650000	535
96700000	612
96750000	513
96800000	558
96850000	536
96900000	600
96950000	562
97000000	591
97050000	541
97100000	593
97150000	566
97200000	583
97250000	654
97300000	612
97350000	557
97400000	627
97450000	539
97500000	541
97550000	568
97600000	613
97650000	557
97700000	609
97750000	544
97800000	526
97850000	576
97900000	566
97950000	555
98000000	578
98050000	574
98100000	567
98150000	559
98200000	567
98250000	585
98300000	581
98350000	539
98400000	571
98450000	573
98500000	601
98550000	606
98600000	606
98650000	591
98700000	594
98750000	559
98800000	567
98850000	567
98900000	641
98950000	636
99000000	621
99050000	578
99100000	623
99150000	644
99200000	582
99250000	654
99300000	621
99350000	670
99400000	659
99450000	602
99500000	665
99550000	653
99600000	673
99650000	634
99700000	635
99750000	645
99800000	674
99850000	689
99900000	683
99950000	662
