"Time (ps)"	"Counts per bin"
0	33608
5000000	1380
10000000	1449
15000000	1373
20000000	1370
25000000	1336
30000000	1390
35000000	1361
40000000	1287
45000000	1413
50000000	1384
55000000	1352
60000000	1296
65000000	1336
70000000	1299
75000000	1374
80000000	1400
85000000	1364
90000000	1372
95000000	1266
100000000	1399
105000000	1363
110000000	1342
115000000	1372
120000000	1348
125000000	1371
130000000	1363
135000000	1276
140000000	1323
145000000	1381
150000000	1368
155000000	1318
160000000	1379
165000000	1347
170000000	1346
175000000	1319
180000000	1348
185000000	1317
190000000	1429
195000000	1334
200000000	1255
205000000	1366
210000000	1356
215000000	1360
220000000	1361
225000000	1317
230000000	1414
235000000	1324
240000000	1360
245000000	1328
250000000	1335
255000000	1299
260000000	1320
265000000	1339
270000000	1334
275000000	1300
280000000	1369
285000000	1350
290000000	1347
295000000	1380
300000000	1372
305000000	1352
310000000	1337
315000000	1332
320000000	1367
325000000	1328
330000000	1312
335000000	1299
340000000	1339
345000000	1358
350000000	1314
355000000	1376
360000000	1345
365000000	1295
370000000	1390
375000000	1350
380000000	1339
385000000	1422
390000000	1357
395000000	1298
400000000	1328
405000000	1321
410000000	1419
415000000	1325
420000000	1329
425000000	1321
430000000	1380
435000000	1417
440000000	1341
445000000	1341
450000000	1344
455000000	1309
460000000	1380
465000000	1368
470000000	1348
475000000	1413
480000000	1422
485000000	1315
490000000	1357
495000000	1383
500000000	1395
505000000	1380
510000000	1318
515000000	1400
520000000	1389
525000000	1334
530000000	1342
535000000	1328
540000000	1336
545000000	1302
550000000	1372
555000000	1340
560000000	1312
565000000	1313
570000000	1372
575000000	1344
580000000	1393
585000000	1302
590000000	1353
595000000	1366
600000000	1324
605000000	1404
610000000	1285
615000000	1381
620000000	1329
625000000	1299
630000000	1352
635000000	1298
640000000	1344
645000000	1333
650000000	1340
655000000	1430
660000000	1345
665000000	1310
670000000	1368
675000000	1345
680000000	1407
685000000	1340
690000000	1357
695000000	1309
700000000	1383
705000000	1340
710000000	1347
715000000	1336
720000000	1375
725000000	1365
730000000	1367
735000000	1360
740000000	1401
745000000	1355
750000000	1281
755000000	1310
760000000	1304
765000000	1345
770000000	1378
775000000	1363
780000000	1367
785000000	1341
790000000	1346
795000000	1304
800000000	1347
805000000	1415
810000000	1352
815000000	1300
820000000	1345
825000000	1351
830000000	1385
835000000	1363
840000000	1333
845000000	1387
850000000	1376
855000000	1317
860000000	1372
865000000	1374
870000000	1354
875000000	1449
880000000	1354
885000000	1392
890000000	1355
895000000	1268
900000000	1337
905000000	1318
910000000	1368
915000000	1389
920000000	1343
925000000	1267
930000000	1392
935000000	1350
940000000	1344
945000000	1387
950000000	1399
955000000	1394
960000000	1358
965000000	1341
970000000	1329
975000000	1396
980000000	1377
985000000	1323
990000000	1431
995000000	1375
1000000000	1353
1005000000	1327
1010000000	1363
1015000000	1384
1020000000	1387
1025000000	1384
1030000000	1438
1035000000	1338
1040000000	1371
1045000000	1366
1050000000	1339
1055000000	1331
1060000000	1350
1065000000	1304
1070000000	1319
1075000000	1377
1080000000	1342
1085000000	1350
1090000000	1352
1095000000	1323
1100000000	1384
1105000000	1338
1110000000	1361
1115000000	1371
1120000000	1374
1125000000	1409
1130000000	1371
1135000000	1359
1140000000	1377
1145000000	1360
1150000000	1474
1155000000	1347
1160000000	1421
1165000000	1262
1170000000	1390
1175000000	1293
1180000000	1342
1185000000	1350
1190000000	1368
1195000000	1442
1200000000	1334
1205000000	1337
1210000000	1342
1215000000	1353
1220000000	1363
1225000000	1334
1230000000	1381
1235000000	1407
1240000000	1312
1245000000	1426
1250000000	1334
1255000000	1309
1260000000	1383
1265000000	1299
1270000000	1312
1275000000	1377
1280000000	1377
1285000000	1393
1290000000	1344
1295000000	1390
1300000000	1366
1305000000	1406
1310000000	1329
1315000000	1361
1320000000	1325
1325000000	1335
1330000000	1402
1335000000	1362
1340000000	1299
1345000000	1345
1350000000	1270
1355000000	1334
1360000000	1347
1365000000	1370
1370000000	1336
1375000000	1440
1380000000	1276
1385000000	1324
1390000000	1314
1395000000	1314
1400000000	1370
1405000000	1361
1410000000	1314
1415000000	1334
1420000000	1447
1425000000	1305
1430000000	1361
1435000000	1333
1440000000	1390
1445000000	1349
1450000000	1340
1455000000	1406
1460000000	1363
1465000000	1380
1470000000	1328
1475000000	1274
1480000000	1335
1485000000	1379
1490000000	1361
1495000000	1347
1500000000	1401
1505000000	1363
1510000000	1325
1515000000	1331
1520000000	1340
1525000000	1385
1530000000	1383
1535000000	1340
1540000000	1323
1545000000	1340
1550000000	1375
1555000000	1395
1560000000	1416
1565000000	1358
1570000000	1361
1575000000	1441
1580000000	1378
1585000000	1346
1590000000	1362
1595000000	1343
1600000000	1327
1605000000	1312
1610000000	1314
1615000000	1324
1620000000	1343
1625000000	1385
1630000000	1335
1635000000	1334
1640000000	1386
1645000000	1334
1650000000	1291
1655000000	1344
1660000000	1406
1665000000	1337
1670000000	1441
1675000000	1352
1680000000	1363
1685000000	1373
1690000000	1374
1695000000	1379
1700000000	1378
1705000000	1364
1710000000	1457
1715000000	1384
1720000000	1318
1725000000	1362
1730000000	1406
1735000000	1354
1740000000	1389
1745000000	1412
1750000000	1322
1755000000	1334
1760000000	1364
1765000000	1321
1770000000	1394
1775000000	1341
1780000000	1376
1785000000	1355
1790000000	1375
1795000000	1345
1800000000	1386
1805000000	1381
1810000000	1311
1815000000	1373
1820000000	1431
1825000000	1329
1830000000	1366
1835000000	1420
1840000000	1383
1845000000	1353
1850000000	1396
1855000000	1385
1860000000	1363
1865000000	1354
1870000000	1344
1875000000	1332
1880000000	1399
1885000000	1373
1890000000	1358
1895000000	1435
1900000000	1403
1905000000	1367
1910000000	1392
1915000000	1421
1920000000	1386
1925000000	1399
1930000000	1383
1935000000	1374
1940000000	1338
1945000000	1310
1950000000	1428
1955000000	1343
1960000000	1356
1965000000	1420
1970000000	1316
1975000000	1341
1980000000	1355
1985000000	1346
1990000000	1360
1995000000	1358
2000000000	1357
2005000000	1350
2010000000	1359
2015000000	1305
2020000000	1366
2025000000	1328
2030000000	1295
2035000000	1328
2040000000	1341
2045000000	1365
2050000000	1321
2055000000	1398
2060000000	1335
2065000000	1373
2070000000	1331
2075000000	1384
2080000000	1339
2085000000	1382
2090000000	1378
2095000000	1386
2100000000	1382
2105000000	1380
2110000000	1396
2115000000	1325
2120000000	1339
2125000000	1399
2130000000	1335
2135000000	1378
2140000000	1368
2145000000	1303
2150000000	1363
2155000000	1347
2160000000	1308
2165000000	1403
2170000000	1318
2175000000	1381
2180000000	1350
2185000000	1287
2190000000	1337
2195000000	1390
2200000000	1377
2205000000	1411
2210000000	1309
2215000000	1308
2220000000	1382
2225000000	1326
2230000000	1356
2235000000	1322
2240000000	1392
2245000000	1383
2250000000	1315
2255000000	1368
2260000000	1304
2265000000	1355
2270000000	1389
2275000000	1404
2280000000	1355
2285000000	1368
2290000000	1261
2295000000	1311
2300000000	1360
2305000000	1362
2310000000	1388
2315000000	1373
2320000000	1348
2325000000	1398
2330000000	1362
2335000000	1374
2340000000	1437
2345000000	1348
2350000000	1365
2355000000	1416
2360000000	1397
2365000000	1410
2370000000	1385
2375000000	1382
2380000000	1379
2385000000	1342
2390000000	1342
2395000000	1397
2400000000	1343
2405000000	1352
2410000000	1437
2415000000	1380
2420000000	1388
2425000000	1367
2430000000	1382
2435000000	1388
2440000000	1324
2445000000	1313
2450000000	1431
2455000000	1278
2460000000	1328
2465000000	1396
2470000000	1347
2475000000	1315
2480000000	1378
2485000000	1381
2490000000	1241
2495000000	1379
2500000000	1285
2505000000	1422
2510000000	22317
2515000000	41161
2520000000	37428
2525000000	40448
2530000000	40435
2535000000	41430
2540000000	42218
2545000000	44137
2550000000	44935
2555000000	50180
2560000000	48934
2565000000	51392
2570000000	52465
2575000000	52576
2580000000	53704
2585000000	53676
2590000000	54082
2595000000	53431
2600000000	54416
2605000000	54295
2610000000	55440
2615000000	56161
2620000000	56235
2625000000	55985
2630000000	56066
2635000000	56890
2640000000	57941
2645000000	58068
2650000000	58400
2655000000	58852
2660000000	58056
2665000000	58166
2670000000	58231
2675000000	57763
2680000000	57761
2685000000	57462
2690000000	57660
2695000000	57403
2700000000	57796
2705000000	57426
2710000000	58626
2715000000	58584
2720000000	58270
2725000000	58513
2730000000	59106
2735000000	59498
2740000000	59950
2745000000	61053
2750000000	61349
2755000000	61608
2760000000	61763
2765000000	61296
2770000000	62308
2775000000	61593
2780000000	62332
2785000000	61618
2790000000	60402
2795000000	60399
2800000000	60972
2805000000	62529
2810000000	63904
2815000000	63494
2820000000	63525
2825000000	63344
2830000000	63331
2835000000	63574
2840000000	63333
2845000000	63487
2850000000	62977
2855000000	63155
2860000000	63347
2865000000	63514
2870000000	64039
2875000000	64347
2880000000	64556
2885000000	63799
2890000000	64050
2895000000	64297
2900000000	64359
2905000000	65545
2910000000	64922
2915000000	65222
2920000000	64757
2925000000	65536
2930000000	64924
2935000000	65072
2940000000	65521
2945000000	66005
2950000000	65737
2955000000	66243
2960000000	66851
2965000000	65983
2970000000	65795
2975000000	66227
2980000000	65413
2985000000	65475
2990000000	65936
2995000000	66009
3000000000	66415
3005000000	67705
3010000000	67535
3015000000	67300
3020000000	67582
3025000000	67199
3030000000	67712
3035000000	67605
3040000000	67594
3045000000	67531
3050000000	67634
3055000000	67246
3060000000	68165
3065000000	68192
3070000000	68225
3075000000	67861
3080000000	67073
3085000000	66525
3090000000	66596
3095000000	66640
3100000000	67637
3105000000	68305
3110000000	68245
3115000000	68458
3120000000	68531
3125000000	68683
3130000000	68676
3135000000	67611
3140000000	67643
3145000000	67944
3150000000	67835
3155000000	68541
3160000000	68871
3165000000	69396
3170000000	69422
3175000000	70349
3180000000	69960
3185000000	70404
3190000000	70727
3195000000	71593
3200000000	71889
3205000000	72295
3210000000	71496
3215000000	71959
3220000000	72845
3225000000	73058
3230000000	73071
3235000000	73387
3240000000	72962
3245000000	73056
3250000000	72899
3255000000	71893
3260000000	71277
3265000000	70894
3270000000	70600
3275000000	70238
3280000000	70617
3285000000	70461
3290000000	70346
3295000000	70753
3300000000	71430
3305000000	71303
3310000000	71207
3315000000	71404
3320000000	71852
3325000000	72003
3330000000	72151
3335000000	72526
3340000000	72980
3345000000	73603
3350000000	73422
3355000000	73409
3360000000	72948
3365000000	72927
3370000000	73594
3375000000	73202
3380000000	73305
3385000000	73465
3390000000	73320
3395000000	74081
3400000000	73981
3405000000	73594
3410000000	73594
3415000000	74435
3420000000	74594
3425000000	73967
3430000000	74415
3435000000	74147
3440000000	74705
3445000000	74557
3450000000	74617
3455000000	74505
3460000000	75204
3465000000	75508
3470000000	75743
3475000000	75371
3480000000	75702
3485000000	75535
3490000000	75270
3495000000	74902
3500000000	74347
3505000000	74619
3510000000	74038
3515000000	74085
3520000000	74325
3525000000	73605
3530000000	74579
3535000000	74575
3540000000	73643
3545000000	74193
3550000000	74244
3555000000	74744
3560000000	75766
3565000000	76266
3570000000	77601
3575000000	77632
3580000000	77607
3585000000	78319
3590000000	78659
3595000000	79276
3600000000	78968
3605000000	79138
3610000000	77710
3615000000	77704
3620000000	77444
3625000000	77134
3630000000	76937
3635000000	77300
3640000000	77375
3645000000	77631
3650000000	77618
3655000000	77841
3660000000	77265
3665000000	77372
3670000000	77351
3675000000	76818
3680000000	76199
3685000000	75710
3690000000	75590
3695000000	75191
3700000000	75079
3705000000	75285
3710000000	75646
3715000000	75569
3720000000	75692
3725000000	76246
3730000000	76124
3735000000	76523
3740000000	77009
3745000000	76313
3750000000	76701
3755000000	76606
3760000000	76475
3765000000	76173
3770000000	76487
3775000000	77140
3780000000	76504
3785000000	77497
3790000000	77117
3795000000	76694
3800000000	76979
3805000000	77208
3810000000	77727
3815000000	76717
3820000000	76633
3825000000	76132
3830000000	76139
3835000000	77218
3840000000	77445
3845000000	77384
3850000000	77635
3855000000	77785
3860000000	77428
3865000000	76981
3870000000	77689
3875000000	77894
3880000000	77679
3885000000	78160
3890000000	78809
3895000000	79308
3900000000	79603
3905000000	80450
3910000000	80143
3915000000	80228
3920000000	80119
3925000000	80191
3930000000	79694
3935000000	79982
3940000000	79037
3945000000	79291
3950000000	79353
3955000000	80156
3960000000	81141
3965000000	81247
3970000000	82339
3975000000	82921
3980000000	83032
3985000000	84203
3990000000	83569
3995000000	83926
4000000000	82770
4005000000	82370
4010000000	81411
4015000000	81684
4020000000	81018
4025000000	80486
4030000000	80224
4035000000	80341
4040000000	79776
4045000000	79854
4050000000	79242
4055000000	78709
4060000000	78461
4065000000	78790
4070000000	78564
4075000000	77995
4080000000	78332
4085000000	78494
4090000000	78955
4095000000	78691
4100000000	78974
4105000000	79641
4110000000	80303
4115000000	80444
4120000000	80768
4125000000	81760
4130000000	82192
4135000000	83044
4140000000	83250
4145000000	84640
4150000000	83756
4155000000	84654
4160000000	84759
4165000000	85500
4170000000	85271
4175000000	84904
4180000000	84518
4185000000	84117
4190000000	84204
4195000000	83648
4200000000	83559
4205000000	83465
4210000000	83882
4215000000	83521
4220000000	83626
4225000000	83667
4230000000	83469
4235000000	83545
4240000000	84147
4245000000	83955
4250000000	84409
4255000000	84630
4260000000	84771
4265000000	84972
4270000000	84811
4275000000	85017
4280000000	85008
4285000000	84996
4290000000	84272
4295000000	84805
4300000000	84495
4305000000	84443
4310000000	84370
4315000000	83988
4320000000	84250
4325000000	83992
4330000000	83730
4335000000	83038
4340000000	83508
4345000000	82455
4350000000	81685
4355000000	81753
4360000000	81510
4365000000	81548
4370000000	80710
4375000000	81488
4380000000	81741
4385000000	81188
4390000000	81991
4395000000	81534
4400000000	81506
4405000000	81699
4410000000	82118
4415000000	82412
4420000000	81379
4425000000	82226
4430000000	81424
4435000000	81552
4440000000	81616
4445000000	80657
4450000000	80719
4455000000	81488
4460000000	81103
4465000000	81907
4470000000	81499
4475000000	82367
4480000000	82262
4485000000	82748
4490000000	83602
4495000000	83814
4500000000	83729
4505000000	83404
4510000000	83703
4515000000	83872
4520000000	83659
4525000000	83624
4530000000	83449
4535000000	83703
4540000000	83214
4545000000	83476
4550000000	83364
4555000000	83076
4560000000	83321
4565000000	83263
4570000000	83638
4575000000	83391
4580000000	83676
4585000000	83489
4590000000	83320
4595000000	83856
4600000000	84032
4605000000	83315
4610000000	83765
4615000000	84509
4620000000	84061
4625000000	84254
4630000000	85127
4635000000	84668
4640000000	84673
4645000000	85161
4650000000	85495
4655000000	85922
4660000000	85891
4665000000	85840
4670000000	86170
4675000000	86287
4680000000	86314
4685000000	86742
4690000000	86763
4695000000	86531
4700000000	87292
4705000000	86420
4710000000	86969
4715000000	86793
4720000000	87562
4725000000	87803
4730000000	87663
4735000000	88563
4740000000	88010
4745000000	87804
4750000000	88066
4755000000	88536
4760000000	88942
4765000000	89123
4770000000	89342
4775000000	89348
4780000000	90197
4785000000	90129
4790000000	90645
4795000000	91024
4800000000	90886
4805000000	91065
4810000000	90267
4815000000	91086
4820000000	90997
4825000000	90782
4830000000	90919
4835000000	90607
4840000000	90876
4845000000	90611
4850000000	90041
4855000000	90492
4860000000	90456
4865000000	90189
4870000000	90188
4875000000	90014
4880000000	90379
4885000000	90506
4890000000	90491
4895000000	90581
4900000000	90507
4905000000	90839
4910000000	90237
4915000000	90234
4920000000	90710
4925000000	91002
4930000000	90126
4935000000	89895
4940000000	90367
4945000000	90633
4950000000	90615
4955000000	90062
4960000000	90012
4965000000	90225
4970000000	90410
4975000000	89550
4980000000	90279
4985000000	90351
4990000000	90817
4995000000	90927
5000000000	37775
5005000000	1388
5010000000	1450
5015000000	1374
5020000000	1364
5025000000	1343
5030000000	1378
5035000000	1370
5040000000	1296
5045000000	1401
5050000000	1371
5055000000	1374
5060000000	1285
5065000000	1337
5070000000	1293
5075000000	1385
5080000000	1388
5085000000	1373
5090000000	1373
5095000000	1271
5100000000	1382
5105000000	1384
5110000000	1337
5115000000	1370
5120000000	1329
5125000000	1379
5130000000	1381
5135000000	1270
5140000000	1331
5145000000	1365
5150000000	1365
5155000000	1326
5160000000	1365
5165000000	1357
5170000000	1336
5175000000	1329
5180000000	1352
5185000000	1324
5190000000	1412
5195000000	1339
5200000000	1253
5205000000	1373
5210000000	1335
5215000000	1375
5220000000	1362
5225000000	1329
5230000000	1390
5235000000	1337
5240000000	1362
5245000000	1325
5250000000	1339
5255000000	1287
5260000000	1326
5265000000	1347
5270000000	1329
5275000000	1310
5280000000	1353
5285000000	1362
5290000000	1344
5295000000	1380
5300000000	1358
5305000000	1352
5310000000	1330
5315000000	1350
5320000000	1358
5325000000	1356
5330000000	1285
5335000000	1302
5340000000	1350
5345000000	1343
5350000000	1317
5355000000	1386
5360000000	1323
5365000000	1312
5370000000	1380
5375000000	1363
5380000000	1332
5385000000	1415
5390000000	1373
5395000000	1284
5400000000	1347
5405000000	1306
5410000000	1419
5415000000	1333
5420000000	1330
5425000000	1309
5430000000	1375
5435000000	1435
5440000000	1342
5445000000	1324
5450000000	1351
5455000000	1320
5460000000	1373
5465000000	1364
5470000000	1344
5475000000	1422
5480000000	1409
5485000000	1335
5490000000	1338
5495000000	1382
5500000000	1395
5505000000	1384
5510000000	1316
5515000000	1403
5520000000	1398
5525000000	1341
5530000000	1329
5535000000	1323
5540000000	1347
5545000000	1299
5550000000	1372
5555000000	1331
5560000000	1328
5565000000	1304
5570000000	1363
5575000000	1355
5580000000	1378
5585000000	1305
5590000000	1360
5595000000	1367
5600000000	1314
5605000000	1413
5610000000	1281
5615000000	1359
5620000000	1354
5625000000	1286
5630000000	1359
5635000000	1305
5640000000	1347
5645000000	1330
5650000000	1352
5655000000	1419
5660000000	1332
5665000000	1324
5670000000	1368
5675000000	1358
5680000000	1394
5685000000	1346
5690000000	1354
5695000000	1310
5700000000	1366
5705000000	1352
5710000000	1338
5715000000	1340
5720000000	1377
5725000000	1372
5730000000	1355
5735000000	1360
5740000000	1409
5745000000	1345
5750000000	1284
5755000000	1321
5760000000	1294
5765000000	1349
5770000000	1380
5775000000	1360
5780000000	1348
5785000000	1353
5790000000	1349
5795000000	1309
5800000000	1352
5805000000	1393
5810000000	1359
5815000000	1312
5820000000	1341
5825000000	1336
5830000000	1397
5835000000	1360
5840000000	1336
5845000000	1361
5850000000	1415
5855000000	1298
5860000000	1378
5865000000	1378
5870000000	1352
5875000000	1439
5880000000	1352
5885000000	1396
5890000000	1353
5895000000	1302
5900000000	1309
5905000000	1323
5910000000	1373
5915000000	1386
5920000000	1334
5925000000	1286
5930000000	1371
5935000000	1355
5940000000	1340
5945000000	1403
5950000000	1389
5955000000	1395
5960000000	1345
5965000000	1355
5970000000	1320
5975000000	1414
5980000000	1354
5985000000	1333
5990000000	1427
5995000000	1378
6000000000	1361
6005000000	1320
6010000000	1361
6015000000	1401
6020000000	1366
6025000000	1392
6030000000	1425
6035000000	1350
6040000000	1366
6045000000	1376
6050000000	1329
6055000000	1342
6060000000	1358
6065000000	1287
6070000000	1334
6075000000	1372
6080000000	1343
6085000000	1342
6090000000	1351
6095000000	1321
6100000000	1369
6105000000	1349
6110000000	1373
6115000000	1369
6120000000	1353
6125000000	1406
6130000000	1389
6135000000	1356
6140000000	1379
6145000000	1353
6150000000	1477
6155000000	1358
6160000000	1406
6165000000	1283
6170000000	1382
6175000000	1297
6180000000	1341
6185000000	1349
6190000000	1377
6195000000	1446
6200000000	1316
6205000000	1344
6210000000	1338
6215000000	1343
6220000000	1359
6225000000	1351
6230000000	1390
6235000000	1392
6240000000	1314
6245000000	1425
6250000000	1334
6255000000	1309
6260000000	1378
6265000000	1300
6270000000	1322
6275000000	1372
6280000000	1364
6285000000	1393
6290000000	1360
6295000000	1383
6300000000	1368
6305000000	1417
6310000000	1318
6315000000	1366
6320000000	1324
6325000000	1325
6330000000	1420
6335000000	1348
6340000000	1303
6345000000	1337
6350000000	1281
6355000000	1334
6360000000	1347
6365000000	1378
6370000000	1321
6375000000	1443
6380000000	1258
6385000000	1342
6390000000	1308
6395000000	1307
6400000000	1387
6405000000	1348
6410000000	1330
6415000000	1332
6420000000	1427
6425000000	1315
6430000000	1375
6435000000	1324
6440000000	1380
6445000000	1363
6450000000	1327
6455000000	1406
6460000000	1360
6465000000	1387
6470000000	1328
6475000000	1286
6480000000	1323
6485000000	1393
6490000000	1355
6495000000	1335
6500000000	1409
6505000000	1362
6510000000	1335
6515000000	1311
6520000000	1351
6525000000	1386
6530000000	1382
6535000000	1340
6540000000	1319
6545000000	1335
6550000000	1372
6555000000	1403
6560000000	1415
6565000000	1366
6570000000	1347
6575000000	1442
6580000000	1377
6585000000	1364
6590000000	1331
6595000000	1372
6600000000	1321
6605000000	1319
6610000000	1315
6615000000	1310
6620000000	1329
6625000000	1396
6630000000	1332
6635000000	1351
6640000000	1375
6645000000	1349
6650000000	1290
6655000000	1320
6660000000	1425
6665000000	1316
6670000000	1448
6675000000	1358
6680000000	1358
6685000000	1373
6690000000	1373
6695000000	1383
6700000000	1365
6705000000	1381
6710000000	1459
6715000000	1377
6720000000	1316
6725000000	1370
6730000000	1392
6735000000	1369
6740000000	1379
6745000000	1434
6750000000	1305
6755000000	1332
6760000000	1375
6765000000	1311
6770000000	1387
6775000000	1363
6780000000	1345
6785000000	1372
6790000000	1355
6795000000	1366
6800000000	1395
6805000000	1359
6810000000	1329
6815000000	1341
6820000000	1444
6825000000	1337
6830000000	1368
6835000000	1419
6840000000	1380
6845000000	1367
6850000000	1380
6855000000	1380
6860000000	1368
6865000000	1358
6870000000	1337
6875000000	1336
6880000000	1388
6885000000	1395
6890000000	1339
6895000000	1427
6900000000	1418
6905000000	1369
6910000000	1397
6915000000	1411
6920000000	1390
6925000000	1412
6930000000	1360
6935000000	1397
6940000000	1336
6945000000	1305
6950000000	1422
6955000000	1341
6960000000	1371
6965000000	1392
6970000000	1330
6975000000	1348
6980000000	1352
6985000000	1342
6990000000	1375
6995000000	1342
7000000000	1352
7005000000	1358
7010000000	1353
7015000000	1307
7020000000	1378
7025000000	1331
7030000000	1282
7035000000	1329
7040000000	1341
7045000000	1363
7050000000	1320
7055000000	1402
7060000000	1345
7065000000	1354
7070000000	1341
7075000000	1377
7080000000	1361
7085000000	1367
7090000000	1388
7095000000	1372
7100000000	1384
7105000000	1367
7110000000	1401
7115000000	1334
7120000000	1339
7125000000	1399
7130000000	1348
7135000000	1369
7140000000	1354
7145000000	1308
7150000000	1367
7155000000	1358
7160000000	1304
7165000000	1400
7170000000	1312
7175000000	1385
7180000000	1359
7185000000	1290
7190000000	1310
7195000000	1396
7200000000	1385
7205000000	1394
7210000000	1337
7215000000	1309
7220000000	1350
7225000000	1358
7230000000	1348
7235000000	1311
7240000000	1388
7245000000	1390
7250000000	1324
7255000000	1356
7260000000	1329
7265000000	1339
7270000000	1389
7275000000	1402
7280000000	1352
7285000000	1365
7290000000	1282
7295000000	1296
7300000000	1366
7305000000	1358
7310000000	1389
7315000000	1364
7320000000	1358
7325000000	1394
7330000000	1354
7335000000	1388
7340000000	1417
7345000000	1363
7350000000	1362
7355000000	1410
7360000000	1412
7365000000	1389
7370000000	1386
7375000000	1384
7380000000	1370
7385000000	1355
7390000000	1356
7395000000	1379
7400000000	1344
7405000000	1366
7410000000	1416
7415000000	1388
7420000000	1385
7425000000	1354
7430000000	1381
7435000000	1407
7440000000	1325
7445000000	1320
7450000000	1421
7455000000	1293
7460000000	1322
7465000000	1377
7470000000	1350
7475000000	1328
7480000000	1374
7485000000	1371
7490000000	1251
7495000000	1375
7500000000	1299
7505000000	1415
7510000000	20775
7515000000	40601
7520000000	37584
7525000000	40495
7530000000	40464
7535000000	41327
7540000000	42209
7545000000	44085
7550000000	44271
7555000000	50642
7560000000	48625
7565000000	51339
7570000000	52484
7575000000	52669
7580000000	53746
7585000000	53607
7590000000	54114
7595000000	53293
7600000000	54423
7605000000	54241
7610000000	55447
7615000000	56138
7620000000	56192
7625000000	56121
7630000000	55910
7635000000	56899
7640000000	57946
7645000000	58004
7650000000	58385
7655000000	58890
7660000000	58032
7665000000	58225
7670000000	58175
7675000000	57809
7680000000	57725
7685000000	57426
7690000000	57737
7695000000	57346
7700000000	57771
7705000000	57431
7710000000	58625
7715000000	58653
7720000000	58246
7725000000	58397
7730000000	59054
7735000000	59554
7740000000	59840
7745000000	61015
7750000000	61341
7755000000	61598
7760000000	61880
7765000000	61210
7770000000	62300
7775000000	61539
7780000000	62358
7785000000	61703
7790000000	60463
7795000000	60341
7800000000	60906
7805000000	62432
7810000000	63877
7815000000	63458
7820000000	63556
7825000000	63392
7830000000	63344
7835000000	63588
7840000000	63175
7845000000	63527
7850000000	63093
7855000000	63029
7860000000	63379
7865000000	63499
7870000000	63983
7875000000	64382
7880000000	64543
7885000000	63861
7890000000	64070
7895000000	64301
7900000000	64219
7905000000	65679
7910000000	64838
7915000000	65194
7920000000	64818
7925000000	65383
7930000000	65018
7935000000	65065
7940000000	65517
7945000000	65845
7950000000	65842
7955000000	66195
7960000000	66769
7965000000	66122
7970000000	65757
7975000000	66219
7980000000	65420
7985000000	65518
7990000000	65860
7995000000	66035
8000000000	66425
8005000000	67650
8010000000	67537
8015000000	67394
8020000000	67575
8025000000	67033
8030000000	67724
8035000000	67658
8040000000	67569
8045000000	67575
8050000000	67587
8055000000	67251
8060000000	68034
8065000000	68246
8070000000	68192
8075000000	67857
8080000000	67153
8085000000	66658
8090000000	66421
8095000000	66692
8100000000	67640
8105000000	68325
8110000000	68200
8115000000	68412
8120000000	68611
8125000000	68531
8130000000	68638
8135000000	67647
8140000000	67677
8145000000	67952
8150000000	67802
8155000000	68556
8160000000	68878
8165000000	69394
8170000000	69266
8175000000	70267
8180000000	70222
8185000000	70242
8190000000	70733
8195000000	71571
8200000000	71853
8205000000	72320
8210000000	71492
8215000000	71795
8220000000	73009
8225000000	72865
8230000000	73112
8235000000	73339
8240000000	73076
8245000000	72946
8250000000	72868
8255000000	72029
8260000000	71388
8265000000	70832
8270000000	70584
8275000000	70374
8280000000	70485
8285000000	70522
8290000000	70346
8295000000	70738
8300000000	71380
8305000000	71220
8310000000	71240
8315000000	71408
8320000000	71729
8325000000	72096
8330000000	72186
8335000000	72475
8340000000	72918
8345000000	73535
8350000000	73517
8355000000	73388
8360000000	72906
8365000000	72996
8370000000	73546
8375000000	73138
8380000000	73393
8385000000	73466
8390000000	73366
8395000000	73957
8400000000	73971
8405000000	73534
8410000000	73631
8415000000	74424
8420000000	74553
8425000000	74123
8430000000	74302
8435000000	74137
8440000000	74811
8445000000	74383
8450000000	74535
8455000000	74505
8460000000	75217
8465000000	75509
8470000000	75829
8475000000	75257
8480000000	75777
8485000000	75503
8490000000	75269
8495000000	74958
8500000000	74304
8505000000	74615
8510000000	74150
8515000000	74135
8520000000	74143
8525000000	73691
8530000000	74532
8535000000	74641
8540000000	73618
8545000000	74223
8550000000	74131
8555000000	74741
8560000000	75719
8565000000	76211
8570000000	77602
8575000000	77656
8580000000	77624
8585000000	78178
8590000000	78643
8595000000	79326
8600000000	78938
8605000000	79020
8610000000	77798
8615000000	77836
8620000000	77380
8625000000	77135
8630000000	77036
8635000000	77206
8640000000	77402
8645000000	77662
8650000000	77590
8655000000	77747
8660000000	77371
8665000000	77317
8670000000	77368
8675000000	76768
8680000000	76169
8685000000	75882
8690000000	75539
8695000000	75181
8700000000	75051
8705000000	75314
8710000000	75617
8715000000	75578
8720000000	75744
8725000000	76136
8730000000	76268
8735000000	76338
8740000000	77036
8745000000	76374
8750000000	76544
8755000000	76714
8760000000	76543
8765000000	76083
8770000000	76488
8775000000	77084
8780000000	76596
8785000000	77445
8790000000	77137
8795000000	76585
8800000000	77048
8805000000	77209
8810000000	77615
8815000000	76801
8820000000	76502
8825000000	76242
8830000000	76258
8835000000	77076
8840000000	77405
8845000000	77380
8850000000	77707
8855000000	77870
8860000000	77344
8865000000	76960
8870000000	77544
8875000000	77962
8880000000	77742
8885000000	78158
8890000000	78692
8895000000	79333
8900000000	79480
8905000000	80375
8910000000	80304
8915000000	80068
8920000000	80303
8925000000	80146
8930000000	79573
8935000000	80045
8940000000	79061
8945000000	79277
8950000000	79349
8955000000	80119
8960000000	81145
8965000000	81267
8970000000	82354
8975000000	82734
8980000000	83106
8985000000	83994
8990000000	83679
8995000000	83848
9000000000	83047
9005000000	82222
9010000000	81545
9015000000	81458
9020000000	81080
9025000000	80680
9030000000	80091
9035000000	80351
9040000000	79774
9045000000	79857
9050000000	79379
9055000000	78603
9060000000	78303
9065000000	78987
9070000000	78519
9075000000	78031
9080000000	78349
9085000000	78468
9090000000	78866
9095000000	78726
9100000000	78935
9105000000	79688
9110000000	80311
9115000000	80517
9120000000	80527
9125000000	81688
9130000000	82367
9135000000	82860
9140000000	83205
9145000000	84588
9150000000	83840
9155000000	84610
9160000000	84747
9165000000	85481
9170000000	85207
9175000000	84931
9180000000	84655
9185000000	84051
9190000000	84194
9195000000	83700
9200000000	83629
9205000000	83390
9210000000	83702
9215000000	83586
9220000000	83732
9225000000	83638
9230000000	83490
9235000000	83501
9240000000	84074
9245000000	84086
9250000000	84306
9255000000	84617
9260000000	84723
9265000000	84979
9270000000	84812
9275000000	84986
9280000000	84979
9285000000	85087
9290000000	84257
9295000000	84794
9300000000	84423
9305000000	84501
9310000000	84500
9315000000	83999
9320000000	84102
9325000000	84050
9330000000	83699
9335000000	82970
9340000000	83762
9345000000	82285
9350000000	81732
9355000000	81700
9360000000	81522
9365000000	81577
9370000000	80812
9375000000	81329
9380000000	81854
9385000000	81112
9390000000	81986
9395000000	81515
9400000000	81332
9405000000	81889
9410000000	82042
9415000000	82331
9420000000	81509
9425000000	82179
9430000000	81505
9435000000	81613
9440000000	81491
9445000000	80730
9450000000	80821
9455000000	81221
9460000000	81237
9465000000	81852
9470000000	81489
9475000000	82348
9480000000	82384
9485000000	82613
9490000000	83586
9495000000	83808
9500000000	83590
9505000000	83498
9510000000	83662
9515000000	83962
9520000000	83586
9525000000	83642
9530000000	83480
9535000000	83689
9540000000	83219
9545000000	83415
9550000000	83491
9555000000	83040
9560000000	83216
9565000000	83345
9570000000	83544
9575000000	83504
9580000000	83482
9585000000	83613
9590000000	83204
9595000000	83973
9600000000	83870
9605000000	83429
9610000000	83693
9615000000	84470
9620000000	84131
9625000000	84231
9630000000	84984
9635000000	84825
9640000000	84674
9645000000	84972
9650000000	85584
9655000000	85889
9660000000	85913
9665000000	85734
9670000000	86305
9675000000	86222
9680000000	86289
9685000000	86708
9690000000	86769
9695000000	86474
9700000000	87287
9705000000	86501
9710000000	86950
9715000000	86729
9720000000	87621
9725000000	87765
9730000000	87613
9735000000	88426
9740000000	87945
9745000000	87995
9750000000	88208
9755000000	88411
9760000000	88949
9765000000	89018
9770000000	89376
9775000000	89150
9780000000	90216
9785000000	90163
9790000000	90711
9795000000	90834
9800000000	90992
9805000000	91174
9810000000	90155
9815000000	91105
9820000000	90988
9825000000	90818
9830000000	90798
9835000000	90584
9840000000	90965
9845000000	90531
9850000000	90080
9855000000	90588
9860000000	90345
9865000000	90392
9870000000	89955
9875000000	90042
9880000000	90377
9885000000	90410
9890000000	90506
9895000000	90686
9900000000	90430
9905000000	90830
9910000000	90299
9915000000	90212
9920000000	90719
9925000000	91057
9930000000	90094
9935000000	89902
9940000000	90244
9945000000	90653
9950000000	90667
9955000000	90021
9960000000	90082
9965000000	90198
9970000000	90328
9975000000	89729
9980000000	90166
9985000000	90412
9990000000	90738
9995000000	90821
