"Time (ps)"	"Counts per bin"
0	2109
20000000	58974
40000000	79620
60000000	86726
80000000	91168
100000000	91985
120000000	95388
140000000	97485
160000000	97445
180000000	97068
200000000	97053
220000000	99203
240000000	99599
260000000	99155
280000000	101222
300000000	101065
320000000	99224
340000000	97751
360000000	97598
380000000	98423
400000000	98190
420000000	100936
440000000	100528
460000000	100402
480000000	99958
500000000	100794
520000000	100628
540000000	101480
560000000	99167
580000000	100422
600000000	99612
620000000	97126
640000000	97051
660000000	96817
680000000	98478
700000000	96351
720000000	98551
740000000	102285
760000000	100147
780000000	99651
800000000	100051
820000000	102239
840000000	102795
860000000	100778
880000000	100614
900000000	101405
920000000	102378
940000000	101523
960000000	100276
980000000	100958
1000000000	100268
1020000000	97636
1040000000	97645
1060000000	97682
1080000000	97041
1100000000	99193
1120000000	99064
1140000000	98605
1160000000	99271
1180000000	100926
1200000000	101669
1220000000	103525
1240000000	102810
1260000000	101344
1280000000	100331
1300000000	100901
1320000000	100127
1340000000	101376
1360000000	102315
1380000000	102438
1400000000	101196
1420000000	101524
1440000000	101265
1460000000	99767
1480000000	100564
1500000000	101406
1520000000	100830
1540000000	99771
1560000000	99723
1580000000	101104
1600000000	101275
1620000000	100751
1640000000	99875
1660000000	98339
1680000000	97807
1700000000	98330
1720000000	98375
1740000000	98977
1760000000	99257
1780000000	98645
1800000000	99755
1820000000	101243
1840000000	102032
1860000000	100985
1880000000	101026
1900000000	102079
1920000000	103059
1940000000	104240
1960000000	105594
1980000000	103990
2000000000	102777
2020000000	101146
2040000000	100545
2060000000	100377
2080000000	100801
2100000000	100482
2120000000	100579
2140000000	102701
2160000000	103419
2180000000	102772
2200000000	102727
2220000000	102426
2240000000	102245
2260000000	101068
2280000000	100633
2300000000	100669
2320000000	101586
2340000000	102530
2360000000	102872
2380000000	102222
2400000000	102101
2420000000	102614
2440000000	101718
2460000000	100980
2480000000	100290
2500000000	101325
2520000000	101746
2540000000	101299
2560000000	101035
2580000000	101564
2600000000	101258
2620000000	99819
2640000000	97763
2660000000	96304
2680000000	96764
2700000000	97514
2720000000	98149
2740000000	99183
2760000000	99127
2780000000	98888
2800000000	99027
2820000000	100886
2840000000	103168
2860000000	103246
2880000000	101343
2900000000	101108
2920000000	101014
2940000000	103125
2960000000	103197
2980000000	103292
3000000000	102054
3020000000	102485
3040000000	103062
3060000000	102179
3080000000	101990
3100000000	101896
3120000000	102090
3140000000	103137
3160000000	102694
3180000000	103318
3200000000	103252
3220000000	103527
3240000000	103978
3260000000	103432
3280000000	102314
3300000000	101282
3320000000	100574
3340000000	100572
3360000000	100667
3380000000	100850
3400000000	101676
3420000000	101479
3440000000	100221
3460000000	99907
3480000000	100017
3500000000	100203
3520000000	100887
3540000000	101888
3560000000	102570
3580000000	102975
3600000000	102353
3620000000	102975
3640000000	102821
3660000000	103266
3680000000	104014
3700000000	103756
3720000000	102625
3740000000	101588
3760000000	101232
3780000000	101199
3800000000	100946
3820000000	101773
3840000000	101176
3860000000	101063
3880000000	100065
3900000000	99925
3920000000	100117
3940000000	100196
3960000000	100446
3980000000	100213
4000000000	100377
4020000000	100351
4040000000	101511
4060000000	101360
4080000000	101219
4100000000	100831
4120000000	100744
4140000000	99150
4160000000	99364
4180000000	99417
4200000000	98967
4220000000	99333
4240000000	99430
4260000000	99708
4280000000	100416
4300000000	99848
4320000000	99972
4340000000	99971
4360000000	100131
4380000000	100283
4400000000	99902
4420000000	99167
4440000000	99067
4460000000	99053
4480000000	98273
4500000000	98603
4520000000	98286
4540000000	98561
4560000000	97537
4580000000	98162
4600000000	98087
4620000000	98519
4640000000	99127
4660000000	100011
4680000000	100100
4700000000	99702
4720000000	98967
4740000000	99115
4760000000	99569
4780000000	100632
4800000000	102444
4820000000	104023
4840000000	104115
4860000000	103966
4880000000	103148
4900000000	102899
4920000000	102243
4940000000	102827
4960000000	103481
4980000000	104372
5000000000	9078
5020000000	646
5040000000	630
5060000000	642
5080000000	639
5100000000	605
5120000000	601
5140000000	647
5160000000	610
5180000000	653
5200000000	626
5220000000	613
5240000000	607
5260000000	657
5280000000	660
5300000000	674
5320000000	651
5340000000	614
5360000000	667
5380000000	651
5400000000	663
5420000000	636
5440000000	644
5460000000	645
5480000000	674
5500000000	656
5520000000	649
5540000000	678
5560000000	651
5580000000	677
5600000000	639
5620000000	647
5640000000	645
5660000000	659
5680000000	628
5700000000	717
5720000000	629
5740000000	650
5760000000	653
5780000000	646
5800000000	670
5820000000	637
5840000000	710
5860000000	651
5880000000	703
5900000000	691
5920000000	721
5940000000	677
5960000000	696
5980000000	660
6000000000	698
6020000000	697
6040000000	675
6060000000	617
6080000000	620
6100000000	696
6120000000	650
6140000000	653
6160000000	725
6180000000	615
6200000000	702
6220000000	661
6240000000	652
6260000000	656
6280000000	647
6300000000	670
6320000000	653
6340000000	692
6360000000	676
6380000000	673
6400000000	706
6420000000	711
6440000000	698
6460000000	729
6480000000	704
6500000000	640
6520000000	650
6540000000	691
6560000000	641
6580000000	706
6600000000	626
6620000000	663
6640000000	644
6660000000	696
6680000000	720
6700000000	649
6720000000	649
6740000000	667
6760000000	611
6780000000	676
6800000000	692
6820000000	642
6840000000	677
6860000000	641
6880000000	639
6900000000	633
6920000000	636
6940000000	649
6960000000	698
6980000000	666
7000000000	710
7020000000	641
7040000000	691
7060000000	662
7080000000	665
7100000000	700
7120000000	680
7140000000	670
7160000000	686
7180000000	646
7200000000	648
7220000000	679
7240000000	685
7260000000	624
7280000000	618
7300000000	653
7320000000	673
7340000000	652
7360000000	677
7380000000	656
7400000000	674
7420000000	686
7440000000	634
7460000000	664
7480000000	658
7500000000	680
7520000000	687
7540000000	669
7560000000	705
7580000000	704
7600000000	703
7620000000	645
7640000000	655
7660000000	663
7680000000	673
7700000000	706
7720000000	690
7740000000	683
7760000000	660
7780000000	707
7800000000	677
7820000000	670
7840000000	623
7860000000	653
7880000000	644
7900000000	654
7920000000	675
7940000000	669
7960000000	667
7980000000	613
8000000000	645
8020000000	636
8040000000	667
8060000000	692
8080000000	649
8100000000	656
8120000000	646
8140000000	655
8160000000	674
8180000000	665
8200000000	679
8220000000	681
8240000000	665
8260000000	644
8280000000	675
8300000000	647
8320000000	660
8340000000	649
8360000000	681
8380000000	675
8400000000	640
8420000000	672
8440000000	687
8460000000	685
8480000000	694
8500000000	669
8520000000	645
8540000000	706
8560000000	659
8580000000	636
8600000000	706
8620000000	691
8640000000	686
8660000000	678
8680000000	693
8700000000	655
8720000000	672
8740000000	704
8760000000	656
8780000000	617
8800000000	716
8820000000	678
8840000000	654
8860000000	700
8880000000	631
8900000000	661
8920000000	657
8940000000	680
8960000000	596
8980000000	646
9000000000	700
9020000000	643
9040000000	689
9060000000	637
9080000000	693
9100000000	653
9120000000	672
9140000000	679
9160000000	717
9180000000	670
9200000000	683
9220000000	629
9240000000	710
9260000000	742
9280000000	685
9300000000	657
9320000000	676
9340000000	638
9360000000	687
9380000000	580
9400000000	636
9420000000	674
9440000000	645
9460000000	687
9480000000	618
9500000000	636
9520000000	653
9540000000	688
9560000000	704
9580000000	664
9600000000	668
9620000000	670
9640000000	620
9660000000	660
9680000000	693
9700000000	695
9720000000	672
9740000000	639
9760000000	650
9780000000	640
9800000000	678
9820000000	619
9840000000	712
9860000000	669
9880000000	702
9900000000	653
9920000000	638
9940000000	621
9960000000	666
9980000000	661
10000000000	1521
10020000000	58013
10040000000	79088
10060000000	86713
10080000000	91029
10100000000	91802
10120000000	95301
10140000000	97381
10160000000	97444
10180000000	96976
10200000000	97026
10220000000	99000
10240000000	99670
10260000000	99085
10280000000	100999
10300000000	101101
10320000000	99278
10340000000	97811
10360000000	97399
10380000000	98440
10400000000	97986
10420000000	100962
10440000000	100513
10460000000	100347
10480000000	99802
10500000000	100767
10520000000	100541
10540000000	101430
10560000000	99229
10580000000	100267
10600000000	99659
10620000000	97126
10640000000	97005
10660000000	96777
10680000000	98323
10700000000	96394
10720000000	98372
10740000000	102300
10760000000	100120
10780000000	99609
10800000000	100096
10820000000	102036
10840000000	102775
10860000000	100742
10880000000	100606
10900000000	101352
10920000000	102214
10940000000	101470
10960000000	100184
10980000000	101026
11000000000	100192
11020000000	97678
11040000000	97442
11060000000	97735
11080000000	96989
11100000000	99163
11120000000	98957
11140000000	98671
11160000000	99211
11180000000	100731
11200000000	101581
11220000000	103486
11240000000	102736
11260000000	101392
11280000000	100258
11300000000	100864
11320000000	100010
11340000000	101392
11360000000	102296
11380000000	102307
11400000000	101256
11420000000	101506
11440000000	101133
11460000000	99762
11480000000	100478
11500000000	101339
11520000000	100783
11540000000	99850
11560000000	99614
11580000000	101033
11600000000	101209
11620000000	100669
11640000000	99934
11660000000	98313
11680000000	97732
11700000000	98298
11720000000	98223
11740000000	98944
11760000000	99285
11780000000	98531
11800000000	99738
11820000000	101093
11840000000	101988
11860000000	100965
11880000000	100983
11900000000	102019
11920000000	102935
11940000000	104186
11960000000	105451
11980000000	104082
12000000000	102624
12020000000	101233
12040000000	100475
12060000000	100401
12080000000	100764
12100000000	100355
12120000000	100545
12140000000	102579
12160000000	103321
12180000000	102802
12200000000	102721
12220000000	102312
12240000000	102341
12260000000	100970
12280000000	100564
12300000000	100575
12320000000	101535
12340000000	102436
12360000000	102866
12380000000	102234
12400000000	101988
12420000000	102613
12440000000	101671
12460000000	100937
12480000000	100263
12500000000	101275
12520000000	101631
12540000000	101243
12560000000	101038
12580000000	101442
12600000000	101303
12620000000	99685
12640000000	97888
12660000000	96264
12680000000	96672
12700000000	97448
12720000000	98061
12740000000	99156
12760000000	98992
12780000000	98991
12800000000	98846
12820000000	100779
12840000000	103126
12860000000	103306
12880000000	101208
12900000000	101116
12920000000	101031
12940000000	102880
12960000000	103235
12980000000	103257
13000000000	101995
13020000000	102526
13040000000	103003
13060000000	102157
13080000000	101965
13100000000	101787
13120000000	102003
13140000000	103008
13160000000	102685
13180000000	103218
13200000000	103263
13220000000	103428
13240000000	103896
13260000000	103327
13280000000	102476
13300000000	101225
13320000000	100524
13340000000	100540
13360000000	100542
13380000000	100822
13400000000	101651
13420000000	101444
13440000000	100194
13460000000	99890
13480000000	99933
13500000000	100156
13520000000	100860
13540000000	101806
13560000000	102557
13580000000	102915
13600000000	102270
13620000000	102947
13640000000	102761
13660000000	103131
13680000000	104039
13700000000	103734
13720000000	102534
13740000000	101473
13760000000	101234
13780000000	101120
13800000000	101023
13820000000	101713
13840000000	101061
13860000000	101050
13880000000	99975
13900000000	99994
13920000000	99956
13940000000	100176
13960000000	100428
13980000000	100098
14000000000	100317
14020000000	100408
14040000000	101348
14060000000	101292
14080000000	101207
14100000000	100849
14120000000	100666
14140000000	99086
14160000000	99297
14180000000	99404
14200000000	98925
14220000000	99230
14240000000	99364
14260000000	99727
14280000000	100287
14300000000	99907
14320000000	99864
14340000000	99928
14360000000	99960
14380000000	100330
14400000000	99826
14420000000	99142
14440000000	99048
14460000000	98988
14480000000	98293
14500000000	98520
14520000000	98162
14540000000	98528
14560000000	97563
14580000000	98037
14600000000	98091
14620000000	98483
14640000000	99020
14660000000	99957
14680000000	100174
14700000000	99582
14720000000	98918
14740000000	99002
14760000000	99548
14780000000	100582
14800000000	102324
14820000000	103863
14840000000	104156
14860000000	103889
14880000000	103123
14900000000	102912
14920000000	102119
14940000000	102814
14960000000	103276
14980000000	104364
15000000000	11595
15020000000	648
15040000000	631
15060000000	649
15080000000	622
15100000000	606
15120000000	610
15140000000	639
15160000000	617
15180000000	649
15200000000	622
15220000000	619
15240000000	607
15260000000	651
15280000000	665
15300000000	666
15320000000	660
15340000000	605
15360000000	665
15380000000	656
15400000000	666
15420000000	630
15440000000	644
15460000000	637
15480000000	685
15500000000	640
15520000000	660
15540000000	682
15560000000	648
15580000000	679
15600000000	634
15620000000	655
15640000000	634
15660000000	667
15680000000	623
15700000000	721
15720000000	615
15740000000	660
15760000000	653
15780000000	643
15800000000	677
15820000000	639
15840000000	706
15860000000	646
15880000000	705
15900000000	690
15920000000	717
15940000000	682
15960000000	692
15980000000	664
16000000000	694
16020000000	698
16040000000	673
16060000000	609
16080000000	637
16100000000	694
16120000000	644
16140000000	651
16160000000	723
16180000000	615
16200000000	696
16220000000	663
16240000000	655
16260000000	662
16280000000	643
16300000000	671
16320000000	642
16340000000	706
16360000000	676
16380000000	670
16400000000	702
16420000000	713
16440000000	699
16460000000	723
16480000000	704
16500000000	639
16520000000	649
16540000000	696
16560000000	637
16580000000	706
16600000000	630
16620000000	664
16640000000	637
16660000000	696
16680000000	722
16700000000	646
16720000000	643
16740000000	672
16760000000	620
16780000000	669
16800000000	692
16820000000	638
16840000000	675
16860000000	650
16880000000	631
16900000000	639
16920000000	632
16940000000	649
16960000000	695
16980000000	661
17000000000	710
17020000000	643
17040000000	700
17060000000	658
17080000000	663
17100000000	693
17120000000	678
17140000000	676
17160000000	689
17180000000	645
17200000000	652
17220000000	678
17240000000	678
17260000000	619
17280000000	624
17300000000	657
17320000000	668
17340000000	653
17360000000	681
17380000000	648
17400000000	679
17420000000	679
17440000000	643
17460000000	657
17480000000	659
17500000000	681
17520000000	685
17540000000	674
17560000000	702
17580000000	701
17600000000	707
17620000000	645
17640000000	653
17660000000	663
17680000000	680
17700000000	697
17720000000	699
17740000000	676
17760000000	665
17780000000	706
17800000000	680
17820000000	669
17840000000	616
17860000000	649
17880000000	656
17900000000	645
17920000000	672
17940000000	680
17960000000	662
17980000000	614
18000000000	640
18020000000	639
18040000000	663
18060000000	695
18080000000	648
18100000000	661
18120000000	641
18140000000	662
18160000000	667
18180000000	658
18200000000	683
18220000000	667
18240000000	674
18260000000	649
18280000000	669
18300000000	645
18320000000	656
18340000000	651
18360000000	687
18380000000	668
18400000000	645
18420000000	675
18440000000	688
18460000000	679
18480000000	695
18500000000	667
18520000000	638
18540000000	711
18560000000	660
18580000000	633
18600000000	710
18620000000	685
18640000000	681
18660000000	687
18680000000	688
18700000000	657
18720000000	669
18740000000	704
18760000000	664
18780000000	613
18800000000	713
18820000000	679
18840000000	646
18860000000	702
18880000000	641
18900000000	653
18920000000	659
18940000000	674
18960000000	597
18980000000	655
19000000000	694
19020000000	639
19040000000	686
19060000000	635
19080000000	701
19100000000	654
19120000000	674
19140000000	667
19160000000	717
19180000000	665
19200000000	684
19220000000	633
19240000000	708
19260000000	750
19280000000	685
19300000000	656
19320000000	674
19340000000	642
19360000000	689
19380000000	577
19400000000	627
19420000000	674
19440000000	642
19460000000	691
19480000000	624
19500000000	632
19520000000	652
19540000000	681
19560000000	700
19580000000	682
19600000000	657
19620000000	671
19640000000	619
19660000000	661
19680000000	695
19700000000	695
19720000000	664
19740000000	650
19760000000	643
19780000000	644
19800000000	673
19820000000	625
19840000000	702
19860000000	677
19880000000	694
19900000000	659
19920000000	635
19940000000	621
19960000000	670
19980000000	658
