"Time (ps)"	"Counts per bin"
0	46986
100000000	70425
200000000	73109
300000000	76113
400000000	73971
500000000	76137
600000000	73358
700000000	73972
800000000	75638
900000000	76017
1000000000	73731
1100000000	73806
1200000000	75633
1300000000	76204
1400000000	76847
1500000000	74706
1600000000	73096
1700000000	76214
1800000000	76765
1900000000	76112
2000000000	76868
2100000000	76086
2200000000	76011
2300000000	75803
2400000000	74576
2500000000	74306
2600000000	78146
2700000000	77151
2800000000	78262
2900000000	74858
3000000000	76829
3100000000	77451
3200000000	77205
3300000000	77151
3400000000	75712
3500000000	75576
3600000000	75738
3700000000	73358
3800000000	74828
3900000000	75936
4000000000	78760
4100000000	78535
4200000000	77638
4300000000	77024
4400000000	76286
4500000000	75241
4600000000	75465
4700000000	76495
4800000000	76301
4900000000	76640
5000000000	76696
5100000000	75528
5200000000	75346
5300000000	75193
5400000000	75585
5500000000	75077
5600000000	74201
5700000000	74313
5800000000	78022
5900000000	75576
6000000000	73591
6100000000	73423
6200000000	74901
6300000000	74688
6400000000	78168
6500000000	76655
6600000000	78288
6700000000	78020
6800000000	77746
6900000000	77238
7000000000	76297
7100000000	75858
7200000000	75420
7300000000	76499
7400000000	77917
7500000000	78736
7600000000	80165
7700000000	79617
7800000000	74358
7900000000	73719
8000000000	74531
8100000000	75114
8200000000	77269
8300000000	77870
8400000000	77851
8500000000	76468
8600000000	75533
8700000000	76157
8800000000	76252
8900000000	76217
9000000000	77007
9100000000	76593
9200000000	75402
9300000000	75494
9400000000	75480
9500000000	76095
9600000000	76178
9700000000	76533
9800000000	76877
9900000000	75866
10000000000	73933
10100000000	72968
10200000000	73006
10300000000	72992
10400000000	73822
10500000000	74074
10600000000	75263
10700000000	75145
10800000000	74915
10900000000	75298
11000000000	80610
11100000000	83674
11200000000	83076
11300000000	82270
11400000000	80994
11500000000	80153
11600000000	79937
11700000000	78827
11800000000	78581
11900000000	78160
12000000000	76782
12100000000	75991
12200000000	75500
12300000000	76500
12400000000	78071
12500000000	78685
12600000000	79190
12700000000	79424
12800000000	79086
12900000000	79168
13000000000	79461
13100000000	79618
13200000000	80212
13300000000	80451
13400000000	80868
13500000000	80528
13600000000	80357
13700000000	81022
13800000000	80462
13900000000	81054
14000000000	81177
14100000000	81971
14200000000	81292
14300000000	81546
14400000000	80578
14500000000	80001
14600000000	79599
14700000000	79518
14800000000	79086
14900000000	77411
15000000000	76520
15100000000	76328
15200000000	76941
15300000000	76907
15400000000	77355
15500000000	76660
15600000000	76418
15700000000	76805
15800000000	78054
15900000000	80381
16000000000	84807
16100000000	86388
16200000000	87213
16300000000	87163
16400000000	87419
16500000000	85868
16600000000	83660
16700000000	81307
16800000000	79952
16900000000	79433
17000000000	79075
17100000000	79037
17200000000	77140
17300000000	76803
17400000000	76772
17500000000	77156
17600000000	77806
17700000000	78654
17800000000	79220
17900000000	79401
18000000000	79243
18100000000	80133
18200000000	80333
18300000000	80260
18400000000	79793
18500000000	78711
18600000000	77956
18700000000	78066
18800000000	77982
18900000000	77930
19000000000	77689
19100000000	78256
19200000000	77399
19300000000	77496
19400000000	78330
19500000000	77964
19600000000	77696
19700000000	78082
19800000000	78346
19900000000	78496
20000000000	78699
20100000000	78345
20200000000	77914
20300000000	77418
20400000000	77474
20500000000	77160
20600000000	76840
20700000000	76920
20800000000	77398
20900000000	77645
21000000000	77005
21100000000	77096
21200000000	76757
21300000000	76683
21400000000	76519
21500000000	76435
21600000000	75809
21700000000	75669
21800000000	75204
21900000000	75080
22000000000	75205
22100000000	75070
22200000000	74557
22300000000	75372
22400000000	75010
22500000000	74901
22600000000	74923
22700000000	74756
22800000000	74716
22900000000	75194
23000000000	75230
23100000000	75171
23200000000	75827
23300000000	75282
23400000000	75232
23500000000	75469
23600000000	75947
23700000000	76244
23800000000	75928
23900000000	76185
24000000000	76166
24100000000	76514
24200000000	76241
24300000000	76099
24400000000	76023
24500000000	76146
24600000000	75986
24700000000	76096
24800000000	76238
24900000000	76122
25000000000	2527
25100000000	455
25200000000	474
25300000000	496
25400000000	459
25500000000	472
25600000000	469
25700000000	449
25800000000	458
25900000000	492
26000000000	510
26100000000	475
26200000000	463
26300000000	492
26400000000	524
26500000000	491
26600000000	533
26700000000	504
26800000000	484
26900000000	513
27000000000	489
27100000000	457
27200000000	475
27300000000	479
27400000000	465
27500000000	505
27600000000	503
27700000000	466
27800000000	497
27900000000	471
28000000000	451
28100000000	483
28200000000	480
28300000000	495
28400000000	479
28500000000	480
28600000000	496
28700000000	464
28800000000	439
28900000000	500
29000000000	464
29100000000	477
29200000000	500
29300000000	500
29400000000	506
29500000000	440
29600000000	477
29700000000	422
29800000000	502
29900000000	530
30000000000	489
30100000000	462
30200000000	497
30300000000	471
30400000000	460
30500000000	504
30600000000	471
30700000000	449
30800000000	473
30900000000	469
31000000000	449
31100000000	516
31200000000	507
31300000000	464
31400000000	492
31500000000	498
31600000000	512
31700000000	506
31800000000	491
31900000000	456
32000000000	490
32100000000	489
32200000000	462
32300000000	462
32400000000	484
32500000000	455
32600000000	504
32700000000	513
32800000000	469
32900000000	461
33000000000	509
33100000000	523
33200000000	489
33300000000	535
33400000000	519
33500000000	482
33600000000	481
33700000000	511
33800000000	488
33900000000	496
34000000000	500
34100000000	504
34200000000	442
34300000000	520
34400000000	476
34500000000	471
34600000000	463
34700000000	454
34800000000	485
34900000000	470
35000000000	487
35100000000	450
35200000000	432
35300000000	487
35400000000	464
35500000000	488
35600000000	493
35700000000	506
35800000000	492
35900000000	515
36000000000	482
36100000000	531
36200000000	491
36300000000	475
36400000000	491
36500000000	468
36600000000	515
36700000000	486
36800000000	460
36900000000	479
37000000000	487
37100000000	487
37200000000	470
37300000000	485
37400000000	462
37500000000	501
37600000000	507
37700000000	453
37800000000	467
37900000000	472
38000000000	493
38100000000	455
38200000000	478
38300000000	499
38400000000	475
38500000000	507
38600000000	471
38700000000	503
38800000000	483
38900000000	500
39000000000	456
39100000000	492
39200000000	507
39300000000	454
39400000000	457
39500000000	539
39600000000	530
39700000000	503
39800000000	494
39900000000	483
40000000000	476
40100000000	481
40200000000	507
40300000000	468
40400000000	434
40500000000	478
40600000000	437
40700000000	520
40800000000	460
40900000000	493
41000000000	471
41100000000	506
41200000000	450
41300000000	450
41400000000	499
41500000000	480
41600000000	465
41700000000	480
41800000000	485
41900000000	480
42000000000	499
42100000000	474
42200000000	476
42300000000	482
42400000000	511
42500000000	471
42600000000	462
42700000000	498
42800000000	492
42900000000	472
43000000000	494
43100000000	482
43200000000	473
43300000000	490
43400000000	461
43500000000	459
43600000000	536
43700000000	496
43800000000	473
43900000000	509
44000000000	474
44100000000	456
44200000000	495
44300000000	480
44400000000	459
44500000000	473
44600000000	475
44700000000	505
44800000000	482
44900000000	500
45000000000	521
45100000000	512
45200000000	450
45300000000	485
45400000000	510
45500000000	486
45600000000	453
45700000000	512
45800000000	455
45900000000	459
46000000000	444
46100000000	505
46200000000	500
46300000000	486
46400000000	494
46500000000	448
46600000000	462
46700000000	480
46800000000	482
46900000000	455
47000000000	475
47100000000	496
47200000000	475
47300000000	493
47400000000	489
47500000000	494
47600000000	491
47700000000	488
47800000000	477
47900000000	488
48000000000	455
48100000000	515
48200000000	514
48300000000	524
48400000000	546
48500000000	468
48600000000	485
48700000000	459
48800000000	468
48900000000	468
49000000000	503
49100000000	491
49200000000	503
49300000000	496
49400000000	457
49500000000	512
49600000000	551
49700000000	503
49800000000	453
49900000000	480
50000000000	45213
50100000000	70138
50200000000	72800
50300000000	75837
50400000000	73772
50500000000	75759
50600000000	73244
50700000000	73599
50800000000	75394
50900000000	75807
51000000000	73481
51100000000	73550
51200000000	75362
51300000000	75856
51400000000	76588
51500000000	74602
51600000000	72797
51700000000	75885
51800000000	76533
51900000000	75815
52000000000	76526
52100000000	75928
52200000000	75767
52300000000	75604
52400000000	74308
52500000000	74059
52600000000	77851
52700000000	76804
52800000000	78190
52900000000	74604
53000000000	76480
53100000000	77144
53200000000	76980
53300000000	76892
53400000000	75586
53500000000	75257
53600000000	75470
53700000000	73080
53800000000	74552
53900000000	75683
54000000000	78403
54100000000	78343
54200000000	77309
54300000000	76799
54400000000	76043
54500000000	75019
54600000000	75174
54700000000	76243
54800000000	76007
54900000000	76377
55000000000	76391
55100000000	75316
55200000000	75083
55300000000	74950
55400000000	75241
55500000000	74970
55600000000	73876
55700000000	74095
55800000000	77666
55900000000	75368
56000000000	73340
56100000000	73110
56200000000	74585
56300000000	74385
56400000000	77916
56500000000	76353
56600000000	78049
56700000000	77749
56800000000	77479
56900000000	76977
57000000000	75991
57100000000	75645
57200000000	75147
57300000000	76167
57400000000	77692
57500000000	78439
57600000000	79821
57700000000	79471
57800000000	74182
57900000000	73458
58000000000	74160
58100000000	74835
58200000000	76981
58300000000	77611
58400000000	77593
58500000000	76166
58600000000	75262
58700000000	75789
58800000000	75966
58900000000	76021
59000000000	76737
59100000000	76385
59200000000	75138
59300000000	75275
59400000000	75297
59500000000	75800
59600000000	75912
59700000000	76196
59800000000	76563
59900000000	75603
60000000000	73879
60100000000	72654
60200000000	72732
60300000000	72712
60400000000	73621
60500000000	73736
60600000000	74997
60700000000	74886
60800000000	74720
60900000000	74934
61000000000	80161
61100000000	83307
61200000000	82803
61300000000	82028
61400000000	80771
61500000000	79845
61600000000	79711
61700000000	78549
61800000000	78263
61900000000	77967
62000000000	76494
62100000000	75760
62200000000	75256
62300000000	76168
62400000000	77749
62500000000	78356
62600000000	78959
62700000000	79149
62800000000	78753
62900000000	78907
63000000000	79142
63100000000	79370
63200000000	79961
63300000000	80078
63400000000	80586
63500000000	80333
63600000000	80060
63700000000	80710
63800000000	80138
63900000000	80913
64000000000	80769
64100000000	81664
64200000000	81053
64300000000	81303
64400000000	80352
64500000000	79717
64600000000	79244
64700000000	79169
64800000000	78852
64900000000	77249
65000000000	76255
65100000000	76087
65200000000	76732
65300000000	76627
65400000000	76989
65500000000	76481
65600000000	76088
65700000000	76561
65800000000	77721
65900000000	80144
66000000000	84374
66100000000	86100
66200000000	86962
66300000000	86812
66400000000	87111
66500000000	85739
66600000000	83324
66700000000	81067
66800000000	79707
66900000000	79167
67000000000	78859
67100000000	78737
67200000000	76950
67300000000	76551
67400000000	76451
67500000000	76835
67600000000	77523
67700000000	78450
67800000000	78854
67900000000	79124
68000000000	79026
68100000000	79765
68200000000	80113
68300000000	79951
68400000000	79620
68500000000	78314
68600000000	77764
68700000000	77717
68800000000	77827
68900000000	77625
69000000000	77356
69100000000	78038
69200000000	77109
69300000000	77263
69400000000	77956
69500000000	77751
69600000000	77418
69700000000	77717
69800000000	78101
69900000000	78235
70000000000	78470
70100000000	77972
70200000000	77706
70300000000	77082
70400000000	77264
70500000000	76842
70600000000	76596
70700000000	76642
70800000000	77158
70900000000	77423
71000000000	76694
71100000000	76669
71200000000	76610
71300000000	76454
71400000000	76255
71500000000	76096
71600000000	75537
71700000000	75377
71800000000	75020
71900000000	74850
72000000000	74909
72100000000	74865
72200000000	74233
72300000000	75187
72400000000	74791
72500000000	74646
72600000000	74589
72700000000	74558
72800000000	74517
72900000000	74930
73000000000	74950
73100000000	74850
73200000000	75565
73300000000	75101
73400000000	75031
73500000000	75178
73600000000	75755
73700000000	75868
73800000000	75692
73900000000	75867
74000000000	75997
74100000000	76264
74200000000	75934
74300000000	75821
74400000000	75854
74500000000	75943
74600000000	75651
74700000000	75788
74800000000	76022
74900000000	75840
75000000000	4292
75100000000	442
75200000000	475
75300000000	488
75400000000	470
75500000000	469
75600000000	468
75700000000	446
75800000000	456
75900000000	496
76000000000	502
76100000000	472
76200000000	464
76300000000	494
76400000000	522
76500000000	489
76600000000	530
76700000000	504
76800000000	486
76900000000	511
77000000000	485
77100000000	458
77200000000	474
77300000000	478
77400000000	460
77500000000	498
77600000000	504
77700000000	465
77800000000	488
77900000000	468
78000000000	454
78100000000	482
78200000000	475
78300000000	499
78400000000	471
78500000000	475
78600000000	497
78700000000	466
78800000000	438
78900000000	499
79000000000	456
79100000000	479
79200000000	495
79300000000	502
79400000000	499
79500000000	445
79600000000	474
79700000000	417
79800000000	504
79900000000	524
80000000000	490
80100000000	456
80200000000	500
80300000000	475
80400000000	455
80500000000	504
80600000000	468
80700000000	447
80800000000	474
80900000000	467
81000000000	444
81100000000	517
81200000000	500
81300000000	471
81400000000	488
81500000000	496
81600000000	513
81700000000	497
81800000000	493
81900000000	454
82000000000	481
82100000000	496
82200000000	456
82300000000	461
82400000000	488
82500000000	447
82600000000	502
82700000000	511
82800000000	470
82900000000	457
83000000000	509
83100000000	508
83200000000	496
83300000000	533
83400000000	517
83500000000	482
83600000000	474
83700000000	517
83800000000	482
83900000000	485
84000000000	509
84100000000	510
84200000000	435
84300000000	514
84400000000	481
84500000000	466
84600000000	457
84700000000	460
84800000000	482
84900000000	461
85000000000	499
85100000000	448
85200000000	428
85300000000	486
85400000000	454
85500000000	494
85600000000	494
85700000000	491
85800000000	491
85900000000	519
86000000000	476
86100000000	533
86200000000	487
86300000000	480
86400000000	487
86500000000	467
86600000000	516
86700000000	482
86800000000	458
86900000000	481
87000000000	480
87100000000	483
87200000000	472
87300000000	481
87400000000	464
87500000000	492
87600000000	517
87700000000	451
87800000000	460
87900000000	474
88000000000	490
88100000000	452
88200000000	480
88300000000	493
88400000000	476
88500000000	507
88600000000	465
88700000000	508
88800000000	473
88900000000	507
89000000000	455
89100000000	479
89200000000	513
89300000000	457
89400000000	454
89500000000	531
89600000000	534
89700000000	497
89800000000	495
89900000000	489
90000000000	470
90100000000	477
90200000000	504
90300000000	470
90400000000	429
90500000000	480
90600000000	440
90700000000	513
90800000000	463
90900000000	485
91000000000	467
91100000000	508
91200000000	442
91300000000	455
91400000000	494
91500000000	476
91600000000	467
91700000000	471
91800000000	489
91900000000	479
92000000000	493
92100000000	476
92200000000	477
92300000000	473
92400000000	519
92500000000	462
92600000000	457
92700000000	502
92800000000	483
92900000000	465
93000000000	505
93100000000	472
93200000000	479
93300000000	488
93400000000	454
93500000000	460
93600000000	529
93700000000	492
93800000000	486
93900000000	497
94000000000	475
94100000000	452
94200000000	496
94300000000	479
94400000000	459
94500000000	476
94600000000	468
94700000000	505
94800000000	469
94900000000	509
95000000000	515
95100000000	510
95200000000	447
95300000000	488
95400000000	512
95500000000	490
95600000000	449
95700000000	505
95800000000	456
95900000000	456
96000000000	438
96100000000	508
96200000000	501
96300000000	488
96400000000	482
96500000000	456
96600000000	459
96700000000	472
96800000000	488
96900000000	451
97000000000	470
97100000000	497
97200000000	474
97300000000	489
97400000000	488
97500000000	496
97600000000	487
97700000000	473
97800000000	485
97900000000	487
98000000000	457
98100000000	500
98200000000	520
98300000000	516
98400000000	547
98500000000	468
98600000000	485
98700000000	451
98800000000	466
98900000000	470
99000000000	499
99100000000	493
99200000000	496
99300000000	495
99400000000	465
99500000000	509
99600000000	545
99700000000	503
99800000000	442
99900000000	492
