"Time (ps)"	"Counts per bin"
0	93660
100000000	94727
200000000	94422
300000000	94661
400000000	95201
500000000	95304
600000000	95438
700000000	95683
800000000	96420
900000000	96195
1000000000	96742
1100000000	96434
1200000000	96735
1300000000	96744
1400000000	97259
1500000000	96997
1600000000	97123
1700000000	96901
1800000000	97917
1900000000	97583
2000000000	98196
2100000000	97395
2200000000	97618
2300000000	97696
2400000000	98125
2500000000	98067
2600000000	98157
2700000000	98077
2800000000	97752
2900000000	97931
3000000000	97795
3100000000	98065
3200000000	98774
3300000000	99281
3400000000	98358
3500000000	98611
3600000000	98527
3700000000	98069
3800000000	98376
3900000000	98309
4000000000	98678
4100000000	97809
4200000000	97883
4300000000	98196
4400000000	98546
4500000000	99532
4600000000	98695
4700000000	98648
4800000000	98962
4900000000	99334
5000000000	99231
5100000000	99196
5200000000	99593
5300000000	99269
5400000000	99978
5500000000	99112
5600000000	99707
5700000000	99654
5800000000	99795
5900000000	99162
6000000000	100480
6100000000	99509
6200000000	99647
6300000000	99336
6400000000	99519
6500000000	99584
6600000000	99577
6700000000	99394
6800000000	99986
6900000000	99549
7000000000	99757
7100000000	99128
7200000000	100320
7300000000	100247
7400000000	99732
7500000000	100029
7600000000	99513
7700000000	99878
7800000000	100461
7900000000	100160
8000000000	99815
8100000000	100838
8200000000	100191
8300000000	100675
8400000000	100157
8500000000	101442
8600000000	100383
8700000000	100681
8800000000	101235
8900000000	100670
9000000000	100269
9100000000	100453
9200000000	100225
9300000000	100946
9400000000	100727
9500000000	101165
9600000000	100715
9700000000	100964
9800000000	100236
9900000000	100044
10000000000	100175
10100000000	100621
10200000000	100624
10300000000	100753
10400000000	101060
10500000000	100844
10600000000	100282
10700000000	100285
10800000000	101004
10900000000	100802
11000000000	100564
11100000000	100413
11200000000	100742
11300000000	100528
11400000000	100549
11500000000	100331
11600000000	101041
11700000000	101209
11800000000	100370
11900000000	100957
12000000000	100767
12100000000	100853
12200000000	100896
12300000000	100580
12400000000	101048
12500000000	100877
12600000000	100323
12700000000	100655
12800000000	100728
12900000000	100757
13000000000	100497
13100000000	100765
13200000000	100426
13300000000	100972
13400000000	100610
13500000000	101158
13600000000	101243
13700000000	100701
13800000000	100588
13900000000	101230
14000000000	101693
14100000000	100925
14200000000	101041
14300000000	100391
14400000000	101260
14500000000	100634
14600000000	101507
14700000000	101141
14800000000	101674
14900000000	101718
15000000000	100591
15100000000	100913
15200000000	101508
15300000000	101540
15400000000	101509
15500000000	101025
15600000000	100914
15700000000	100976
15800000000	100859
15900000000	100482
16000000000	100850
16100000000	100830
16200000000	101316
16300000000	101073
16400000000	101274
16500000000	101314
16600000000	100815
16700000000	101568
16800000000	101069
16900000000	101566
17000000000	101222
17100000000	100910
17200000000	101300
17300000000	102054
17400000000	100890
17500000000	100931
17600000000	101748
17700000000	101562
17800000000	101374
17900000000	101400
18000000000	101159
18100000000	101524
18200000000	100978
18300000000	100948
18400000000	101502
18500000000	101279
18600000000	100856
18700000000	101557
18800000000	101207
18900000000	101511
19000000000	100986
19100000000	101769
19200000000	101295
19300000000	101530
19400000000	101402
19500000000	101012
19600000000	101125
19700000000	101712
19800000000	101468
19900000000	101451
20000000000	101150
20100000000	101160
20200000000	101000
20300000000	101407
20400000000	101534
20500000000	101550
20600000000	101589
20700000000	101296
20800000000	102078
20900000000	101164
21000000000	101771
21100000000	101114
21200000000	101081
21300000000	101672
21400000000	101368
21500000000	101256
21600000000	101578
21700000000	101608
21800000000	101045
21900000000	101674
22000000000	101577
22100000000	101179
22200000000	101214
22300000000	101780
22400000000	102018
22500000000	101265
22600000000	101426
22700000000	101193
22800000000	102383
22900000000	102053
23000000000	101668
23100000000	101497
23200000000	101138
23300000000	101529
23400000000	101435
23500000000	101616
23600000000	101059
23700000000	101357
23800000000	101113
23900000000	102100
24000000000	101218
24100000000	100921
24200000000	101204
24300000000	101367
24400000000	101417
24500000000	101312
24600000000	101513
24700000000	101558
24800000000	102437
24900000000	101020
25000000000	101853
25100000000	101238
25200000000	101131
25300000000	100756
25400000000	100086
25500000000	100235
25600000000	99798
25700000000	99685
25800000000	99323
25900000000	99197
26000000000	99719
26100000000	98406
26200000000	98782
26300000000	98161
26400000000	97734
26500000000	97944
26600000000	98065
26700000000	98056
26800000000	97955
26900000000	97595
27000000000	97156
27100000000	96990
27200000000	96643
27300000000	96884
27400000000	97245
27500000000	96214
27600000000	96071
27700000000	96506
27800000000	96059
27900000000	96564
28000000000	96820
28100000000	95749
28200000000	95800
28300000000	95784
28400000000	95564
28500000000	95540
28600000000	95885
28700000000	95829
28800000000	95327
28900000000	95199
29000000000	95563
29100000000	95168
29200000000	95771
29300000000	95260
29400000000	96015
29500000000	94843
29600000000	95448
29700000000	95152
29800000000	95032
29900000000	94553
30000000000	95257
30100000000	95158
30200000000	94506
30300000000	94726
30400000000	93947
30500000000	94369
30600000000	94502
30700000000	94629
30800000000	94754
30900000000	94657
31000000000	94041
31100000000	94275
31200000000	94333
31300000000	94391
31400000000	93997
31500000000	94335
31600000000	94528
31700000000	94500
31800000000	94823
31900000000	93710
32000000000	93977
32100000000	94440
32200000000	94811
32300000000	93842
32400000000	94164
32500000000	94206
32600000000	94219
32700000000	93599
32800000000	93694
32900000000	94163
33000000000	93524
33100000000	94342
33200000000	94135
33300000000	93950
33400000000	94674
33500000000	93841
33600000000	93745
33700000000	94372
33800000000	93803
33900000000	93559
34000000000	93486
34100000000	93668
34200000000	94360
34300000000	94354
34400000000	93853
34500000000	94175
34600000000	94165
34700000000	94268
34800000000	93888
34900000000	93149
35000000000	93939
35100000000	93742
35200000000	94306
35300000000	94134
35400000000	93655
35500000000	94310
35600000000	93872
35700000000	93336
35800000000	94058
35900000000	93801
36000000000	93920
36100000000	93837
36200000000	93628
36300000000	93810
36400000000	93392
36500000000	92873
36600000000	93727
36700000000	93657
36800000000	94042
36900000000	93838
37000000000	93325
37100000000	93398
37200000000	93390
37300000000	93915
37400000000	94045
37500000000	93840
37600000000	94190
37700000000	93906
37800000000	93569
37900000000	93705
38000000000	93960
38100000000	93271
38200000000	94125
38300000000	94035
38400000000	93050
38500000000	94026
38600000000	93511
38700000000	93345
38800000000	93530
38900000000	93929
39000000000	93659
39100000000	93819
39200000000	93558
39300000000	93930
39400000000	93744
39500000000	93876
39600000000	93713
39700000000	93475
39800000000	93311
39900000000	93905
40000000000	93542
40100000000	93942
40200000000	93450
40300000000	93054
40400000000	92816
40500000000	93532
40600000000	93356
40700000000	92995
40800000000	93802
40900000000	93470
41000000000	93663
41100000000	93540
41200000000	93932
41300000000	93546
41400000000	93340
41500000000	92948
41600000000	93493
41700000000	93476
41800000000	93702
41900000000	93815
42000000000	93919
42100000000	93322
42200000000	92676
42300000000	92921
42400000000	92924
42500000000	93841
42600000000	92907
42700000000	93098
42800000000	93348
42900000000	94076
43000000000	93462
43100000000	93221
43200000000	93604
43300000000	93032
43400000000	93355
43500000000	93744
43600000000	93791
43700000000	93806
43800000000	93586
43900000000	94207
44000000000	93283
44100000000	93371
44200000000	92591
44300000000	93259
44400000000	93217
44500000000	93567
44600000000	93412
44700000000	93621
44800000000	93388
44900000000	93389
45000000000	93241
45100000000	93836
45200000000	93469
45300000000	93059
45400000000	93182
45500000000	93013
45600000000	93228
45700000000	93060
45800000000	93448
45900000000	93269
46000000000	93163
46100000000	92929
46200000000	93721
46300000000	93598
46400000000	93729
46500000000	93962
46600000000	93217
46700000000	93805
46800000000	92852
46900000000	94075
47000000000	93317
47100000000	93850
47200000000	93388
47300000000	93509
47400000000	93935
47500000000	93970
47600000000	93643
47700000000	94123
47800000000	93385
47900000000	93747
48000000000	93646
48100000000	93516
48200000000	93492
48300000000	93982
48400000000	93534
48500000000	93318
48600000000	94019
48700000000	94079
48800000000	93268
48900000000	93243
49000000000	93364
49100000000	92871
49200000000	92815
49300000000	93443
49400000000	93657
49500000000	93247
49600000000	93249
49700000000	93106
49800000000	93691
49900000000	93542
50000000000	93645
50100000000	94520
50200000000	94266
50300000000	94508
50400000000	95107
50500000000	95226
50600000000	95159
50700000000	95707
50800000000	96234
50900000000	96089
51000000000	96557
51100000000	96269
51200000000	96668
51300000000	96673
51400000000	97074
51500000000	96877
51600000000	97061
51700000000	96760
51800000000	97670
51900000000	97546
52000000000	98012
52100000000	97250
52200000000	97567
52300000000	97635
52400000000	97908
52500000000	97989
52600000000	98005
52700000000	97986
52800000000	97661
52900000000	97723
53000000000	97755
53100000000	97880
53200000000	98607
53300000000	99094
53400000000	98323
53500000000	98380
53600000000	98454
53700000000	97982
53800000000	98144
53900000000	98161
54000000000	98582
54100000000	97793
54200000000	97744
54300000000	98061
54400000000	98352
54500000000	99466
54600000000	98505
54700000000	98588
54800000000	98825
54900000000	99143
55000000000	99069
55100000000	99151
55200000000	99487
55300000000	99078
55400000000	99853
55500000000	99004
55600000000	99528
55700000000	99577
55800000000	99685
55900000000	98926
56000000000	100388
56100000000	99285
56200000000	99602
56300000000	99266
56400000000	99331
56500000000	99517
56600000000	99302
56700000000	99289
56800000000	99874
56900000000	99403
57000000000	99682
57100000000	99038
57200000000	100088
57300000000	100202
57400000000	99576
57500000000	99735
57600000000	99466
57700000000	99733
57800000000	100314
57900000000	100146
58000000000	99595
58100000000	100792
58200000000	100014
58300000000	100585
58400000000	99859
58500000000	101348
58600000000	100314
58700000000	100521
58800000000	101179
58900000000	100465
59000000000	100141
59100000000	100286
59200000000	100165
59300000000	100735
59400000000	100600
59500000000	100975
59600000000	100588
59700000000	100923
59800000000	100057
59900000000	99881
60000000000	99957
60100000000	100645
60200000000	100462
60300000000	100710
60400000000	100834
60500000000	100742
60600000000	100193
60700000000	100076
60800000000	100841
60900000000	100796
61000000000	100394
61100000000	100180
61200000000	100753
61300000000	100387
61400000000	100460
61500000000	100190
61600000000	100862
61700000000	100955
61800000000	100312
61900000000	100914
62000000000	100570
62100000000	100713
62200000000	100733
62300000000	100535
62400000000	100860
62500000000	100796
62600000000	100258
62700000000	100434
62800000000	100594
62900000000	100649
63000000000	100408
63100000000	100640
63200000000	100309
63300000000	100928
63400000000	100377
63500000000	101029
63600000000	101104
63700000000	100499
63800000000	100568
63900000000	100952
64000000000	101619
64100000000	100791
64200000000	100928
64300000000	100151
64400000000	101160
64500000000	100500
64600000000	101282
64700000000	101126
64800000000	101554
64900000000	101571
65000000000	100464
65100000000	100832
65200000000	101370
65300000000	101302
65400000000	101459
65500000000	100891
65600000000	100695
65700000000	100888
65800000000	100762
65900000000	100288
66000000000	100811
66100000000	100731
66200000000	101086
66300000000	100974
66400000000	101036
66500000000	101225
66600000000	100666
66700000000	101463
66800000000	100902
66900000000	101505
67000000000	101062
67100000000	100823
67200000000	101138
67300000000	101901
67400000000	100803
67500000000	100769
67600000000	101619
67700000000	101330
67800000000	101342
67900000000	101204
68000000000	101076
68100000000	101428
68200000000	100818
68300000000	100844
68400000000	101373
68500000000	101181
68600000000	100644
68700000000	101404
68800000000	101100
68900000000	101405
69000000000	100836
69100000000	101564
69200000000	101230
69300000000	101399
69400000000	101174
69500000000	100972
69600000000	100996
69700000000	101532
69800000000	101368
69900000000	101389
70000000000	100911
70100000000	101043
70200000000	100880
70300000000	101292
70400000000	101396
70500000000	101459
70600000000	101447
70700000000	101090
70800000000	102091
70900000000	100933
71000000000	101650
71100000000	100978
71200000000	100994
71300000000	101541
71400000000	101196
71500000000	101055
71600000000	101500
71700000000	101513
71800000000	101002
71900000000	101462
72000000000	101441
72100000000	101192
72200000000	100978
72300000000	101631
72400000000	101904
72500000000	101175
72600000000	101319
72700000000	101048
72800000000	102271
72900000000	101873
73000000000	101615
73100000000	101243
73200000000	100917
73300000000	101523
73400000000	101214
73500000000	101570
73600000000	100989
73700000000	101190
73800000000	100921
73900000000	101905
74000000000	101149
74100000000	100825
74200000000	101099
74300000000	101178
74400000000	101280
74500000000	101224
74600000000	101340
74700000000	101366
74800000000	102322
74900000000	101009
75000000000	101634
75100000000	101118
75200000000	101108
75300000000	100605
75400000000	99946
75500000000	100086
75600000000	99770
75700000000	99478
75800000000	99197
75900000000	99158
76000000000	99494
76100000000	98356
76200000000	98630
76300000000	98032
76400000000	97711
76500000000	97803
76600000000	97866
76700000000	97958
76800000000	97790
76900000000	97598
77000000000	96912
77100000000	96876
77200000000	96492
77300000000	96801
77400000000	97154
77500000000	96057
77600000000	95911
77700000000	96433
77800000000	95904
77900000000	96467
78000000000	96714
78100000000	95510
78200000000	95669
78300000000	95746
78400000000	95537
78500000000	95328
78600000000	95735
78700000000	95767
78800000000	95212
78900000000	95133
79000000000	95374
79100000000	95108
79200000000	95650
79300000000	95131
79400000000	95773
79500000000	94789
79600000000	95288
79700000000	95034
79800000000	94993
79900000000	94432
80000000000	95080
80100000000	94973
80200000000	94486
80300000000	94564
80400000000	93884
80500000000	94251
80600000000	94457
80700000000	94410
80800000000	94682
80900000000	94529
81000000000	93954
81100000000	94195
81200000000	94169
81300000000	94230
81400000000	93858
81500000000	94293
81600000000	94374
81700000000	94399
81800000000	94725
81900000000	93516
82000000000	93922
82100000000	94312
82200000000	94671
82300000000	93735
82400000000	94066
82500000000	93988
82600000000	94146
82700000000	93505
82800000000	93522
82900000000	94007
83000000000	93422
83100000000	94304
83200000000	93864
83300000000	93910
83400000000	94535
83500000000	93761
83600000000	93742
83700000000	94106
83800000000	93661
83900000000	93349
84000000000	93422
84100000000	93620
84200000000	94206
84300000000	94184
84400000000	93751
84500000000	94073
84600000000	93995
84700000000	94276
84800000000	93675
84900000000	93134
85000000000	93659
85100000000	93738
85200000000	94127
85300000000	94000
85400000000	93520
85500000000	94210
85600000000	93721
85700000000	93297
85800000000	93814
85900000000	93813
86000000000	93760
86100000000	93835
86200000000	93412
86300000000	93690
86400000000	93237
86500000000	92636
86600000000	93767
86700000000	93488
86800000000	93834
86900000000	93786
87000000000	93277
87100000000	93203
87200000000	93270
87300000000	93849
87400000000	93908
87500000000	93770
87600000000	93938
87700000000	93903
87800000000	93365
87900000000	93626
88000000000	93881
88100000000	93067
88200000000	94009
88300000000	93988
88400000000	92852
88500000000	93878
88600000000	93452
88700000000	93145
88800000000	93481
88900000000	93761
89000000000	93503
89100000000	93764
89200000000	93415
89300000000	93759
89400000000	93669
89500000000	93716
89600000000	93653
89700000000	93384
89800000000	93170
89900000000	93804
90000000000	93454
90100000000	93784
90200000000	93308
90300000000	93014
90400000000	92609
90500000000	93484
90600000000	93219
90700000000	92940
90800000000	93537
90900000000	93365
91000000000	93589
91100000000	93441
91200000000	93876
91300000000	93491
91400000000	93142
91500000000	92879
91600000000	93371
91700000000	93350
91800000000	93528
91900000000	93774
92000000000	93730
92100000000	93241
92200000000	92564
92300000000	92810
92400000000	92714
92500000000	93805
92600000000	92778
92700000000	93079
92800000000	93126
92900000000	93988
93000000000	93250
93100000000	93154
93200000000	93624
93300000000	92871
93400000000	93100
93500000000	93692
93600000000	93676
93700000000	93728
93800000000	93413
93900000000	94159
94000000000	93142
94100000000	93317
94200000000	92440
94300000000	93075
94400000000	93103
94500000000	93456
94600000000	93297
94700000000	93555
94800000000	93225
94900000000	93324
95000000000	93054
95100000000	93724
95200000000	93379
95300000000	93023
95400000000	93004
95500000000	92959
95600000000	93026
95700000000	92956
95800000000	93333
95900000000	93220
96000000000	92984
96100000000	92793
96200000000	93609
96300000000	93404
96400000000	93654
96500000000	93826
96600000000	93170
96700000000	93711
96800000000	92716
96900000000	93902
97000000000	93186
97100000000	93814
97200000000	93216
97300000000	93445
97400000000	93842
97500000000	93824
97600000000	93408
97700000000	94090
97800000000	93270
97900000000	93602
98000000000	93515
98100000000	93503
98200000000	93349
98300000000	93873
98400000000	93412
98500000000	93075
98600000000	93995
98700000000	93983
98800000000	93117
98900000000	93104
99000000000	93275
99100000000	92705
99200000000	92666
99300000000	93399
99400000000	93503
99500000000	93175
99600000000	93031
99700000000	93013
99800000000	93597
99900000000	93337
