"Time (ps)"	"Channel 2 - Counts per bin"
0	8581
10000000000	8395
20000000000	8340
30000000000	7944
40000000000	8475
50000000000	8493
60000000000	8593
70000000000	8253
80000000000	8073
90000000000	8418
100000000000	8542
110000000000	8439
120000000000	8203
130000000000	8165
140000000000	8325
150000000000	8524
160000000000	8296
170000000000	8377
180000000000	8256
190000000000	8645
200000000000	8549
210000000000	8500
220000000000	8265
230000000000	8237
240000000000	8547
250000000000	8444
260000000000	8181
270000000000	8151
280000000000	8284
290000000000	8548
300000000000	8574
310000000000	8380
320000000000	8251
330000000000	8237
340000000000	8504
350000000000	8696
360000000000	8678
370000000000	8127
380000000000	8257
390000000000	8509
400000000000	8480
410000000000	8411
420000000000	8203
430000000000	8308
440000000000	8388
450000000000	8641
460000000000	8405
470000000000	8509
480000000000	8176
490000000000	8642
500000000000	8528
510000000000	8510
520000000000	8280
530000000000	8323
540000000000	8443
550000000000	8703
560000000000	8617
570000000000	8168
580000000000	8110
590000000000	8298
600000000000	8693
610000000000	8457
620000000000	8212
630000000000	8204
640000000000	8474
650000000000	8453
660000000000	8423
670000000000	8229
680000000000	8080
690000000000	8440
700000000000	8492
710000000000	8494
720000000000	8148
730000000000	8212
740000000000	8456
750000000000	8457
760000000000	8545
770000000000	8146
780000000000	8050
790000000000	8395
800000000000	8667
810000000000	8525
820000000000	8204
830000000000	8124
840000000000	8522
850000000000	8492
860000000000	8490
870000000000	8252
880000000000	8253
890000000000	8384
900000000000	8507
910000000000	8298
920000000000	8236
930000000000	8193
940000000000	8322
950000000000	8473
960000000000	8304
970000000000	8323
980000000000	8397
990000000000	8519
1000000000000	8446
1010000000000	8467
1020000000000	8264
1030000000000	8277
1040000000000	8355
1050000000000	8542
1060000000000	8528
1070000000000	8186
1080000000000	8158
1090000000000	8480
1100000000000	8471
1110000000000	8344
1120000000000	8430
1130000000000	8180
1140000000000	8544
1150000000000	8305
1160000000000	8542
1170000000000	7998
1180000000000	8156
1190000000000	8409
1200000000000	8590
1210000000000	8399
1220000000000	8167
1230000000000	8226
1240000000000	8448
1250000000000	8556
1260000000000	8219
1270000000000	8289
1280000000000	8338
1290000000000	8194
1300000000000	8631
1310000000000	8590
1320000000000	8141
1330000000000	8129
1340000000000	8267
1350000000000	8497
1360000000000	8369
1370000000000	8374
1380000000000	8157
1390000000000	8426
1400000000000	8390
1410000000000	8422
1420000000000	8236
1430000000000	7980
1440000000000	8525
1450000000000	8388
1460000000000	8418
1470000000000	8255
1480000000000	8248
1490000000000	8428
1500000000000	8507
1510000000000	8620
1520000000000	8136
1530000000000	8184
1540000000000	8450
1550000000000	8590
1560000000000	8538
1570000000000	8176
1580000000000	8152
1590000000000	8360
1600000000000	8450
1610000000000	8362
1620000000000	8176
1630000000000	8110
1640000000000	8580
1650000000000	8410
1660000000000	8374
1670000000000	8110
1680000000000	8176
1690000000000	8490
1700000000000	8397
1710000000000	8422
1720000000000	8381
1730000000000	8143
1740000000000	8432
1750000000000	8431
1760000000000	8374
1770000000000	8204
1780000000000	8261
1790000000000	8334
1800000000000	8599
1810000000000	8275
1820000000000	8188
1830000000000	8265
1840000000000	8286
1850000000000	8513
1860000000000	8361
1870000000000	8113
1880000000000	8299
1890000000000	8642
1900000000000	8600
1910000000000	8387
1920000000000	8217
1930000000000	8207
1940000000000	8264
1950000000000	8555
1960000000000	8251
1970000000000	8193
1980000000000	8121
1990000000000	8331
2000000000000	8528
2010000000000	8383
2020000000000	8168
2030000000000	8211
2040000000000	8494
2050000000000	8404
2060000000000	8479
2070000000000	8031
2080000000000	8209
2090000000000	8528
2100000000000	8309
2110000000000	8529
2120000000000	8209
2130000000000	8198
2140000000000	8307
2150000000000	8521
2160000000000	8348
2170000000000	8087
2180000000000	8142
2190000000000	8272
2200000000000	8484
2210000000000	8372
2220000000000	8126
2230000000000	7956
2240000000000	8472
2250000000000	8395
2260000000000	8364
2270000000000	8176
2280000000000	8157
2290000000000	8424
2300000000000	8459
2310000000000	8457
2320000000000	8195
2330000000000	8083
2340000000000	8436
2350000000000	8677
2360000000000	8357
2370000000000	8408
2380000000000	8112
2390000000000	8422
2400000000000	8282
2410000000000	8264
2420000000000	8243
2430000000000	8463
2440000000000	8454
2450000000000	8554
2460000000000	8443
2470000000000	8106
2480000000000	8097
2490000000000	8224
2500000000000	8431
2510000000000	8257
2520000000000	8255
2530000000000	8225
2540000000000	8503
2550000000000	8627
2560000000000	8408
2570000000000	8380
2580000000000	8134
2590000000000	8293
2600000000000	8383
2610000000000	8492
2620000000000	7997
2630000000000	8166
2640000000000	8541
2650000000000	8388
2660000000000	8510
2670000000000	8132
2680000000000	8325
2690000000000	8482
2700000000000	8585
2710000000000	8481
2720000000000	8250
2730000000000	8034
2740000000000	8413
2750000000000	8427
2760000000000	8499
2770000000000	8025
2780000000000	8204
2790000000000	8449
2800000000000	8698
2810000000000	8359
2820000000000	8211
2830000000000	8192
2840000000000	8318
2850000000000	8413
2860000000000	8250
2870000000000	8298
2880000000000	8295
2890000000000	8418
2900000000000	8675
2910000000000	8349
2920000000000	8233
2930000000000	8099
2940000000000	8379
2950000000000	8557
2960000000000	8433
2970000000000	8304
2980000000000	8122
2990000000000	8382
3000000000000	8425
3010000000000	8513
3020000000000	8148
3030000000000	8386
3040000000000	8313
3050000000000	8553
3060000000000	8420
3070000000000	8200
3080000000000	8081
3090000000000	8444
3100000000000	8575
3110000000000	8342
3120000000000	8056
3130000000000	8209
3140000000000	8354
3150000000000	8772
3160000000000	8507
3170000000000	8368
3180000000000	8238
3190000000000	8433
3200000000000	8602
3210000000000	8515
3220000000000	8208
3230000000000	7937
3240000000000	8363
3250000000000	8563
3260000000000	8267
3270000000000	8286
3280000000000	8046
3290000000000	8528
3300000000000	8473
3310000000000	8426
3320000000000	8267
3330000000000	8205
3340000000000	8599
3350000000000	8487
3360000000000	8553
3370000000000	8068
3380000000000	8258
3390000000000	8531
3400000000000	8552
3410000000000	8301
3420000000000	8247
3430000000000	8141
3440000000000	8430
3450000000000	8335
3460000000000	8351
3470000000000	8367
3480000000000	8200
3490000000000	8511
3500000000000	8720
3510000000000	8467
3520000000000	8219
3530000000000	8118
3540000000000	8478
3550000000000	8499
3560000000000	8293
3570000000000	8344
3580000000000	8080
3590000000000	8481
3600000000000	8596
3610000000000	8358
3620000000000	8425
3630000000000	8382
3640000000000	8605
3650000000000	8545
3660000000000	8461
3670000000000	8002
3680000000000	8253
3690000000000	8346
3700000000000	8540
3710000000000	8447
3720000000000	8149
3730000000000	8272
3740000000000	8325
3750000000000	8508
3760000000000	8381
3770000000000	8353
3780000000000	8040
3790000000000	8535
3800000000000	8419
3810000000000	8430
3820000000000	8124
3830000000000	8031
3840000000000	8397
3850000000000	8640
3860000000000	8523
3870000000000	8098
3880000000000	8089
3890000000000	8538
3900000000000	8523
3910000000000	8462
3920000000000	8289
3930000000000	8240
3940000000000	8354
3950000000000	8545
3960000000000	8402
3970000000000	8039
3980000000000	8147
3990000000000	8452
4000000000000	8439
4010000000000	8454
4020000000000	8025
4030000000000	8047
4040000000000	8599
4050000000000	8419
4060000000000	8369
4070000000000	8251
4080000000000	8087
4090000000000	8272
4100000000000	8539
4110000000000	8386
4120000000000	8188
4130000000000	8186
4140000000000	8480
4150000000000	8505
4160000000000	8391
4170000000000	8178
4180000000000	8112
4190000000000	8284
4200000000000	8484
4210000000000	8381
4220000000000	8103
4230000000000	8239
4240000000000	8229
4250000000000	8504
4260000000000	8339
4270000000000	8104
4280000000000	8239
4290000000000	8465
4300000000000	8475
4310000000000	8479
4320000000000	8264
4330000000000	8265
4340000000000	8450
4350000000000	8508
4360000000000	8530
4370000000000	8194
4380000000000	8174
4390000000000	8621
4400000000000	8517
4410000000000	8461
4420000000000	8197
4430000000000	8146
4440000000000	8444
4450000000000	8380
4460000000000	8498
4470000000000	8345
4480000000000	8089
4490000000000	8430
4500000000000	8434
4510000000000	8444
4520000000000	8248
4530000000000	8257
4540000000000	8324
4550000000000	8754
4560000000000	8474
4570000000000	8147
4580000000000	8067
4590000000000	8307
4600000000000	8817
4610000000000	8316
4620000000000	8115
4630000000000	8116
4640000000000	8557
4650000000000	8607
4660000000000	8571
4670000000000	8071
4680000000000	8198
4690000000000	8332
4700000000000	8556
4710000000000	8530
4720000000000	8168
4730000000000	8162
4740000000000	8429
4750000000000	8475
4760000000000	8419
4770000000000	8174
4780000000000	8222
4790000000000	8398
4800000000000	8450
4810000000000	8335
4820000000000	8315
4830000000000	8187
4840000000000	8625
4850000000000	8355
4860000000000	8453
4870000000000	8125
4880000000000	8263
4890000000000	8481
4900000000000	8479
4910000000000	8366
4920000000000	8213
4930000000000	8133
4940000000000	8455
4950000000000	8435
4960000000000	8462
4970000000000	8225
4980000000000	8094
4990000000000	8419
5000000000000	8579
5010000000000	8490
5020000000000	8312
5030000000000	7939
5040000000000	8391
5050000000000	8677
5060000000000	8437
5070000000000	8402
5080000000000	7964
5090000000000	8471
5100000000000	8566
5110000000000	8369
5120000000000	8190
5130000000000	8217
5140000000000	8558
5150000000000	8567
5160000000000	8557
5170000000000	8140
5180000000000	8068
5190000000000	8396
5200000000000	8498
5210000000000	8492
5220000000000	8164
5230000000000	8222
5240000000000	8513
5250000000000	8522
5260000000000	8437
5270000000000	8228
5280000000000	8199
5290000000000	8421
5300000000000	8612
5310000000000	8520
5320000000000	8352
5330000000000	8158
5340000000000	8325
5350000000000	8478
5360000000000	8314
5370000000000	8114
5380000000000	8172
5390000000000	8620
5400000000000	8461
5410000000000	8620
5420000000000	8117
5430000000000	8357
5440000000000	8393
5450000000000	8340
5460000000000	8708
5470000000000	8175
5480000000000	8206
5490000000000	8339
5500000000000	8551
5510000000000	8400
5520000000000	8217
5530000000000	8318
5540000000000	8223
5550000000000	8498
5560000000000	8291
5570000000000	8310
5580000000000	8068
5590000000000	8528
5600000000000	8567
5610000000000	8370
5620000000000	8209
5630000000000	8286
5640000000000	8383
5650000000000	8714
5660000000000	8379
5670000000000	8066
5680000000000	8056
5690000000000	8584
5700000000000	8631
5710000000000	8547
5720000000000	8166
5730000000000	8358
5740000000000	8304
5750000000000	8498
5760000000000	8480
5770000000000	8041
5780000000000	8259
5790000000000	8437
5800000000000	8723
5810000000000	8387
5820000000000	8172
5830000000000	8150
5840000000000	8400
5850000000000	8609
5860000000000	8528
5870000000000	8222
5880000000000	8191
5890000000000	8576
5900000000000	8520
5910000000000	8524
5920000000000	8133
5930000000000	8201
5940000000000	8526
5950000000000	8596
5960000000000	8616
5970000000000	8033
5980000000000	8288
5990000000000	8527
6000000000000	8659
6010000000000	8533
6020000000000	8395
6030000000000	8170
6040000000000	8519
6050000000000	8605
6060000000000	8550
6070000000000	8359
6080000000000	8400
6090000000000	8429
6100000000000	8672
6110000000000	8394
6120000000000	8146
6130000000000	8210
6140000000000	8482
6150000000000	8458
6160000000000	8454
6170000000000	8120
6180000000000	8199
6190000000000	8310
6200000000000	8516
6210000000000	8368
6220000000000	8342
6230000000000	8249
6240000000000	8467
6250000000000	8619
6260000000000	8366
6270000000000	8206
6280000000000	8202
6290000000000	8434
6300000000000	8567
6310000000000	8427
6320000000000	8304
6330000000000	8161
6340000000000	8503
6350000000000	8593
6360000000000	8337
6370000000000	8249
6380000000000	8288
6390000000000	8324
6400000000000	8500
6410000000000	8466
6420000000000	8210
6430000000000	8268
6440000000000	8336
6450000000000	8502
6460000000000	8375
6470000000000	8177
6480000000000	8135
6490000000000	8454
6500000000000	8599
6510000000000	8342
6520000000000	8251
6530000000000	8236
6540000000000	8433
6550000000000	8421
6560000000000	8587
6570000000000	8218
6580000000000	8202
6590000000000	8383
6600000000000	8476
6610000000000	8430
6620000000000	8184
6630000000000	8176
6640000000000	8411
6650000000000	8492
6660000000000	8453
6670000000000	8360
6680000000000	8124
6690000000000	8404
6700000000000	8735
6710000000000	8567
6720000000000	8103
6730000000000	8157
6740000000000	8425
6750000000000	8486
6760000000000	8475
6770000000000	8275
6780000000000	8343
6790000000000	8304
6800000000000	8588
6810000000000	8479
6820000000000	8114
6830000000000	8228
6840000000000	8531
6850000000000	8359
6860000000000	8469
6870000000000	8148
6880000000000	8231
6890000000000	8520
6900000000000	8561
6910000000000	8547
6920000000000	8130
6930000000000	8337
6940000000000	8285
6950000000000	8565
6960000000000	8341
6970000000000	8245
6980000000000	8253
6990000000000	8534
7000000000000	8429
7010000000000	8469
7020000000000	8298
7030000000000	8157
7040000000000	8557
7050000000000	8486
7060000000000	8353
7070000000000	8248
7080000000000	8183
7090000000000	8370
7100000000000	8585
7110000000000	8369
7120000000000	8305
7130000000000	8029
7140000000000	8420
7150000000000	8487
7160000000000	8495
7170000000000	8275
7180000000000	8088
7190000000000	8596
7200000000000	8387
7210000000000	8581
7220000000000	8236
7230000000000	8309
7240000000000	8319
7250000000000	8483
7260000000000	8530
7270000000000	8245
7280000000000	8125
7290000000000	8487
7300000000000	8514
7310000000000	8499
7320000000000	8197
7330000000000	8100
7340000000000	8636
7350000000000	8634
7360000000000	8576
7370000000000	8242
7380000000000	8194
7390000000000	8591
7400000000000	8549
7410000000000	8171
7420000000000	8221
7430000000000	8216
7440000000000	8523
7450000000000	8522
7460000000000	8566
7470000000000	8285
7480000000000	8261
7490000000000	8378
7500000000000	8580
7510000000000	8536
7520000000000	8159
7530000000000	8086
7540000000000	8467
7550000000000	8562
7560000000000	8516
7570000000000	8123
7580000000000	8081
7590000000000	8350
7600000000000	8603
7610000000000	8360
7620000000000	8298
7630000000000	8100
7640000000000	8450
7650000000000	8628
7660000000000	8462
7670000000000	8284
7680000000000	7985
7690000000000	8636
7700000000000	8274
7710000000000	8599
7720000000000	8044
7730000000000	8195
7740000000000	8430
7750000000000	8619
7760000000000	8411
7770000000000	8371
7780000000000	8081
7790000000000	8495
7800000000000	8647
7810000000000	8520
7820000000000	8133
7830000000000	8199
7840000000000	8413
7850000000000	8457
7860000000000	8285
7870000000000	8261
7880000000000	8133
7890000000000	8502
7900000000000	8636
7910000000000	8620
7920000000000	8147
7930000000000	8226
7940000000000	8622
7950000000000	8757
7960000000000	8330
7970000000000	8265
7980000000000	8300
7990000000000	8588
8000000000000	8518
8010000000000	8422
8020000000000	8221
8030000000000	8093
8040000000000	8625
8050000000000	8628
8060000000000	8499
8070000000000	8394
8080000000000	8225
8090000000000	8429
8100000000000	8413
8110000000000	8574
8120000000000	8091
8130000000000	8257
8140000000000	8248
8150000000000	8385
8160000000000	8420
8170000000000	8224
8180000000000	8047
8190000000000	8386
8200000000000	8451
8210000000000	8491
8220000000000	8063
8230000000000	8048
8240000000000	8608
8250000000000	8586
8260000000000	8538
8270000000000	8220
8280000000000	8234
8290000000000	8491
8300000000000	8680
8310000000000	8462
8320000000000	8153
8330000000000	8325
8340000000000	8495
8350000000000	8596
8360000000000	8404
8370000000000	8245
8380000000000	8172
8390000000000	8491
8400000000000	8587
8410000000000	8234
8420000000000	8111
8430000000000	8106
8440000000000	8445
8450000000000	8553
8460000000000	8600
8470000000000	8228
8480000000000	8206
8490000000000	8528
8500000000000	8490
8510000000000	8586
8520000000000	8216
8530000000000	8286
8540000000000	8457
8550000000000	8577
8560000000000	8549
8570000000000	8356
8580000000000	8132
8590000000000	8410
8600000000000	8688
8610000000000	8264
8620000000000	8306
8630000000000	8071
8640000000000	8499
8650000000000	8468
8660000000000	8282
8670000000000	8132
8680000000000	8221
8690000000000	8649
8700000000000	8367
8710000000000	8262
8720000000000	8149
8730000000000	8220
8740000000000	8456
8750000000000	8395
8760000000000	8514
8770000000000	8144
8780000000000	8327
8790000000000	8345
8800000000000	8589
8810000000000	8559
8820000000000	8276
8830000000000	8136
8840000000000	8435
8850000000000	8475
8860000000000	8322
8870000000000	8228
8880000000000	8056
8890000000000	8375
8900000000000	8555
8910000000000	8512
8920000000000	8355
8930000000000	8333
8940000000000	8508
8950000000000	8537
8960000000000	8475
8970000000000	8206
8980000000000	8271
8990000000000	8590
9000000000000	8594
9010000000000	8328
9020000000000	8198
9030000000000	7951
9040000000000	8609
9050000000000	8558
9060000000000	8491
9070000000000	8260
9080000000000	8046
9090000000000	8700
9100000000000	8582
9110000000000	8588
9120000000000	8201
9130000000000	8067
9140000000000	8432
9150000000000	8395
9160000000000	8374
9170000000000	8173
9180000000000	8198
9190000000000	8510
9200000000000	8548
9210000000000	8520
9220000000000	8133
9230000000000	8177
9240000000000	8397
9250000000000	8488
9260000000000	8439
9270000000000	8132
9280000000000	8346
9290000000000	8242
9300000000000	8508
9310000000000	8590
9320000000000	8147
9330000000000	8274
9340000000000	8331
9350000000000	8399
9360000000000	8503
9370000000000	8208
9380000000000	8208
9390000000000	8384
9400000000000	8583
9410000000000	8420
9420000000000	8233
9430000000000	8155
9440000000000	8511
9450000000000	8562
9460000000000	8408
9470000000000	8145
9480000000000	8187
9490000000000	8508
9500000000000	8749
9510000000000	8587
9520000000000	8234
9530000000000	8129
9540000000000	8268
9550000000000	8647
9560000000000	8418
9570000000000	8224
9580000000000	8250
9590000000000	8516
9600000000000	8608
9610000000000	8416
9620000000000	8255
9630000000000	8278
9640000000000	8435
9650000000000	8475
9660000000000	8445
9670000000000	8203
9680000000000	8188
9690000000000	8294
9700000000000	8446
9710000000000	8492
9720000000000	8277
9730000000000	8002
9740000000000	8455
9750000000000	8419
9760000000000	8514
9770000000000	8211
9780000000000	8135
9790000000000	8541
9800000000000	8561
9810000000000	8593
9820000000000	8163
9830000000000	8109
9840000000000	8494
9850000000000	8453
9860000000000	8325
9870000000000	8224
9880000000000	8173
9890000000000	8527
9900000000000	8420
9910000000000	8330
9920000000000	8147
9930000000000	8195
9940000000000	8342
9950000000000	8514
9960000000000	8462
9970000000000	8226
9980000000000	8317
9990000000000	8531
