"Time (ps)"	"Channel 2 - Counts per bin"
0	4049
10000000000	4296
20000000000	4614
30000000000	4493
40000000000	4239
50000000000	4123
60000000000	4213
70000000000	4406
80000000000	4669
90000000000	4146
100000000000	4003
110000000000	4227
120000000000	4606
130000000000	4657
140000000000	4175
150000000000	4104
160000000000	4173
170000000000	4555
180000000000	4549
190000000000	4372
200000000000	4037
210000000000	4095
220000000000	4486
230000000000	4654
240000000000	4278
250000000000	4206
260000000000	4166
270000000000	4506
280000000000	4388
290000000000	4294
300000000000	4231
310000000000	4174
320000000000	4449
330000000000	4592
340000000000	4133
350000000000	3980
360000000000	4023
370000000000	4368
380000000000	4530
390000000000	4165
400000000000	4019
410000000000	4184
420000000000	4340
430000000000	4504
440000000000	4209
450000000000	4114
460000000000	4182
470000000000	4536
480000000000	4468
490000000000	4167
500000000000	4114
510000000000	4189
520000000000	4443
530000000000	4629
540000000000	4315
550000000000	4035
560000000000	4277
570000000000	4520
580000000000	4473
590000000000	4183
600000000000	4119
610000000000	4229
620000000000	4373
630000000000	4521
640000000000	4255
650000000000	4031
660000000000	4249
670000000000	4533
680000000000	4564
690000000000	4193
700000000000	4090
710000000000	4166
720000000000	4379
730000000000	4590
740000000000	4200
750000000000	4129
760000000000	4066
770000000000	4485
780000000000	4482
790000000000	4202
800000000000	4184
810000000000	4210
820000000000	4501
830000000000	4485
840000000000	4281
850000000000	4142
860000000000	4094
870000000000	4514
880000000000	4576
890000000000	4377
900000000000	4166
910000000000	4115
920000000000	4485
930000000000	4400
940000000000	4229
950000000000	3998
960000000000	4264
970000000000	4383
980000000000	4563
990000000000	4271
1000000000000	4073
1010000000000	4149
1020000000000	4472
1030000000000	4613
1040000000000	4328
1050000000000	4136
1060000000000	4073
1070000000000	4408
1080000000000	4637
1090000000000	4166
1100000000000	4053
1110000000000	4234
1120000000000	4574
1130000000000	4503
1140000000000	4150
1150000000000	4028
1160000000000	4157
1170000000000	4488
1180000000000	4532
1190000000000	4230
1200000000000	4085
1210000000000	4216
1220000000000	4533
1230000000000	4428
1240000000000	4125
1250000000000	4183
1260000000000	4196
1270000000000	4518
1280000000000	4645
1290000000000	4253
1300000000000	4130
1310000000000	4234
1320000000000	4561
1330000000000	4389
1340000000000	4212
1350000000000	4188
1360000000000	4295
1370000000000	4501
1380000000000	4553
1390000000000	4235
1400000000000	4117
1410000000000	4208
1420000000000	4568
1430000000000	4664
1440000000000	4235
1450000000000	4227
1460000000000	4318
1470000000000	4386
1480000000000	4641
1490000000000	4272
1500000000000	4243
1510000000000	4075
1520000000000	4471
1530000000000	4543
1540000000000	4239
1550000000000	4267
1560000000000	4288
1570000000000	4493
1580000000000	4549
1590000000000	4232
1600000000000	4164
1610000000000	4345
1620000000000	4506
1630000000000	4642
1640000000000	4343
1650000000000	4225
1660000000000	4461
1670000000000	4538
1680000000000	4508
1690000000000	4296
1700000000000	4090
1710000000000	4256
1720000000000	4524
1730000000000	4651
1740000000000	4273
1750000000000	4132
1760000000000	4428
1770000000000	4649
1780000000000	4634
1790000000000	4292
1800000000000	4218
1810000000000	4279
1820000000000	4451
1830000000000	4512
1840000000000	4192
1850000000000	4234
1860000000000	4334
1870000000000	4684
1880000000000	4520
1890000000000	4355
1900000000000	4108
1910000000000	4293
1920000000000	4475
1930000000000	4524
1940000000000	4399
1950000000000	4250
1960000000000	4201
1970000000000	4611
1980000000000	4475
1990000000000	4487
2000000000000	4152
2010000000000	4254
2020000000000	4573
2030000000000	4735
2040000000000	4328
2050000000000	4206
2060000000000	4477
2070000000000	4540
2080000000000	4797
2090000000000	4258
2100000000000	4248
2110000000000	4289
2120000000000	4715
2130000000000	4589
2140000000000	4365
2150000000000	4167
2160000000000	4316
2170000000000	4504
2180000000000	4584
2190000000000	4233
2200000000000	4063
2210000000000	4334
2220000000000	4655
2230000000000	4651
2240000000000	4427
2250000000000	4177
2260000000000	4301
2270000000000	4660
2280000000000	4553
2290000000000	4406
2300000000000	4228
2310000000000	4328
2320000000000	4735
2330000000000	4602
2340000000000	4358
2350000000000	4178
2360000000000	4243
2370000000000	4605
2380000000000	4633
2390000000000	4334
2400000000000	4284
2410000000000	4337
2420000000000	4521
2430000000000	4663
2440000000000	4340
2450000000000	4204
2460000000000	4231
2470000000000	4451
2480000000000	4706
2490000000000	4326
2500000000000	4303
2510000000000	4294
2520000000000	4535
2530000000000	4592
2540000000000	4411
2550000000000	4282
2560000000000	4224
2570000000000	4578
2580000000000	4511
2590000000000	4225
2600000000000	4191
2610000000000	4257
2620000000000	4446
2630000000000	4568
2640000000000	4432
2650000000000	4020
2660000000000	4098
2670000000000	4484
2680000000000	4581
2690000000000	4342
2700000000000	4143
2710000000000	4279
2720000000000	4657
2730000000000	4587
2740000000000	4216
2750000000000	4190
2760000000000	4241
2770000000000	4498
2780000000000	4672
2790000000000	4245
2800000000000	4153
2810000000000	4199
2820000000000	4448
2830000000000	4436
2840000000000	4269
2850000000000	4145
2860000000000	4298
2870000000000	4658
2880000000000	4556
2890000000000	4373
2900000000000	4070
2910000000000	4224
2920000000000	4584
2930000000000	4571
2940000000000	4316
2950000000000	4123
2960000000000	4143
2970000000000	4513
2980000000000	4462
2990000000000	4386
3000000000000	4239
3010000000000	4169
3020000000000	4523
3030000000000	4461
3040000000000	4287
3050000000000	4183
3060000000000	4252
3070000000000	4661
3080000000000	4418
3090000000000	4422
3100000000000	4279
3110000000000	4402
3120000000000	4443
3130000000000	4528
3140000000000	4286
3150000000000	4216
3160000000000	4287
3170000000000	4541
3180000000000	4541
3190000000000	4249
3200000000000	4105
3210000000000	4324
3220000000000	4567
3230000000000	4573
3240000000000	4278
3250000000000	4274
3260000000000	4292
3270000000000	4484
3280000000000	4575
3290000000000	4258
3300000000000	4136
3310000000000	4268
3320000000000	4501
3330000000000	4341
3340000000000	4258
3350000000000	4051
3360000000000	4325
3370000000000	4580
3380000000000	4464
3390000000000	4330
3400000000000	4186
3410000000000	4231
3420000000000	4453
3430000000000	4568
3440000000000	4389
3450000000000	4133
3460000000000	4218
3470000000000	4551
3480000000000	4518
3490000000000	4313
3500000000000	4063
3510000000000	4209
3520000000000	4521
3530000000000	4459
3540000000000	4238
3550000000000	4191
3560000000000	4227
3570000000000	4503
3580000000000	4511
3590000000000	4283
3600000000000	4188
3610000000000	4180
3620000000000	4533
3630000000000	4421
3640000000000	4273
3650000000000	4178
3660000000000	4273
3670000000000	4639
3680000000000	4640
3690000000000	4338
3700000000000	4239
3710000000000	4227
3720000000000	4561
3730000000000	4477
3740000000000	4290
3750000000000	4089
3760000000000	4203
3770000000000	4589
3780000000000	4608
3790000000000	4282
3800000000000	4347
3810000000000	4288
3820000000000	4535
3830000000000	4625
3840000000000	4414
3850000000000	4034
3860000000000	4332
3870000000000	4600
3880000000000	4525
3890000000000	4373
3900000000000	4132
3910000000000	4279
3920000000000	4463
3930000000000	4581
3940000000000	4192
3950000000000	4215
3960000000000	4104
3970000000000	4569
3980000000000	4487
3990000000000	4374
4000000000000	4129
4010000000000	4264
4020000000000	4604
4030000000000	4639
4040000000000	4284
4050000000000	4284
4060000000000	4204
4070000000000	4663
4080000000000	4516
4090000000000	4308
4100000000000	4296
4110000000000	4385
4120000000000	4493
4130000000000	4694
4140000000000	4216
4150000000000	4095
4160000000000	4184
4170000000000	4500
4180000000000	4552
4190000000000	4258
4200000000000	4276
4210000000000	4170
4220000000000	4495
4230000000000	4520
4240000000000	4324
4250000000000	4233
4260000000000	4450
4270000000000	4509
4280000000000	4538
4290000000000	4225
4300000000000	4153
4310000000000	4266
4320000000000	4631
4330000000000	4592
4340000000000	4417
4350000000000	4272
4360000000000	4209
4370000000000	4523
4380000000000	4514
4390000000000	4398
4400000000000	4197
4410000000000	4381
4420000000000	4511
4430000000000	4561
4440000000000	4355
4450000000000	4228
4460000000000	4334
4470000000000	4492
4480000000000	4427
4490000000000	4432
4500000000000	4157
4510000000000	4272
4520000000000	4557
4530000000000	4522
4540000000000	4299
4550000000000	4133
4560000000000	4202
4570000000000	4486
4580000000000	4606
4590000000000	4297
4600000000000	4249
4610000000000	4205
4620000000000	4443
4630000000000	4579
4640000000000	4377
4650000000000	4329
4660000000000	4268
4670000000000	4548
4680000000000	4484
4690000000000	4269
4700000000000	4260
4710000000000	4224
4720000000000	4578
4730000000000	4504
4740000000000	4372
4750000000000	4214
4760000000000	4227
4770000000000	4623
4780000000000	4554
4790000000000	4397
4800000000000	4167
4810000000000	4233
4820000000000	4493
4830000000000	4529
4840000000000	4320
4850000000000	4295
4860000000000	4292
4870000000000	4507
4880000000000	4594
4890000000000	4416
4900000000000	4330
4910000000000	4335
4920000000000	4591
4930000000000	4574
4940000000000	4398
4950000000000	4089
4960000000000	4321
4970000000000	4458
4980000000000	4558
4990000000000	4402
5000000000000	4180
5010000000000	4306
5020000000000	4622
5030000000000	4415
5040000000000	4397
5050000000000	4290
5060000000000	4164
5070000000000	4619
5080000000000	4612
5090000000000	4192
5100000000000	4398
5110000000000	4528
5120000000000	4524
5130000000000	4633
5140000000000	4383
5150000000000	4181
5160000000000	4319
5170000000000	4495
5180000000000	4591
5190000000000	4355
5200000000000	4219
5210000000000	4233
5220000000000	4637
5230000000000	4686
5240000000000	4378
5250000000000	4186
5260000000000	4267
5270000000000	4594
5280000000000	4551
5290000000000	4384
5300000000000	4226
5310000000000	4321
5320000000000	4629
5330000000000	4674
5340000000000	4204
5350000000000	4295
5360000000000	4318
5370000000000	4599
5380000000000	4552
5390000000000	4297
5400000000000	4163
5410000000000	4303
5420000000000	4521
5430000000000	4750
5440000000000	4457
5450000000000	4199
5460000000000	4310
5470000000000	4569
5480000000000	4580
5490000000000	4468
5500000000000	4370
5510000000000	4248
5520000000000	4611
5530000000000	4795
5540000000000	4355
5550000000000	4313
5560000000000	4357
5570000000000	4535
5580000000000	4587
5590000000000	4301
5600000000000	4271
5610000000000	4386
5620000000000	4652
5630000000000	4604
5640000000000	4340
5650000000000	4102
5660000000000	4345
5670000000000	4668
5680000000000	4711
5690000000000	4209
5700000000000	4239
5710000000000	4396
5720000000000	4737
5730000000000	4632
5740000000000	4322
5750000000000	4298
5760000000000	4274
5770000000000	4645
5780000000000	4773
5790000000000	4426
5800000000000	4216
5810000000000	4088
5820000000000	4638
5830000000000	4676
5840000000000	4455
5850000000000	4314
5860000000000	4454
5870000000000	4688
5880000000000	4857
5890000000000	4297
5900000000000	4251
5910000000000	4372
5920000000000	4614
5930000000000	4666
5940000000000	4313
5950000000000	4170
5960000000000	4323
5970000000000	4759
5980000000000	4739
5990000000000	4426
6000000000000	4167
6010000000000	4405
6020000000000	4543
6030000000000	4672
6040000000000	4484
6050000000000	4319
6060000000000	4441
6070000000000	4442
6080000000000	4729
6090000000000	4467
6100000000000	4269
6110000000000	4219
6120000000000	4636
6130000000000	4659
6140000000000	4346
6150000000000	4277
6160000000000	4213
6170000000000	4555
6180000000000	4659
6190000000000	4390
6200000000000	4160
6210000000000	4378
6220000000000	4525
6230000000000	4682
6240000000000	4511
6250000000000	4196
6260000000000	4348
6270000000000	4691
6280000000000	4626
6290000000000	4401
6300000000000	4313
6310000000000	4385
6320000000000	4571
6330000000000	4420
6340000000000	4400
6350000000000	4336
6360000000000	4418
6370000000000	4602
6380000000000	4535
6390000000000	4438
6400000000000	4295
6410000000000	4354
6420000000000	4736
6430000000000	4633
6440000000000	4416
6450000000000	4235
6460000000000	4250
6470000000000	4565
6480000000000	4599
6490000000000	4463
6500000000000	4304
6510000000000	4230
6520000000000	4490
6530000000000	4662
6540000000000	4432
6550000000000	4225
6560000000000	4327
6570000000000	4638
6580000000000	4826
6590000000000	4364
6600000000000	4189
6610000000000	4388
6620000000000	4627
6630000000000	4701
6640000000000	4395
6650000000000	4224
6660000000000	4297
6670000000000	4705
6680000000000	4718
6690000000000	4402
6700000000000	4207
6710000000000	4305
6720000000000	4756
6730000000000	4694
6740000000000	4400
6750000000000	4253
6760000000000	4249
6770000000000	4582
6780000000000	4722
6790000000000	4491
6800000000000	4257
6810000000000	4318
6820000000000	4567
6830000000000	4391
6840000000000	4348
6850000000000	4229
6860000000000	4425
6870000000000	4823
6880000000000	4696
6890000000000	4405
6900000000000	4260
6910000000000	4172
6920000000000	4664
6930000000000	4644
6940000000000	4428
6950000000000	4289
6960000000000	4388
6970000000000	4632
6980000000000	4615
6990000000000	4393
7000000000000	4253
7010000000000	4261
7020000000000	4601
7030000000000	4642
7040000000000	4444
7050000000000	4240
7060000000000	4342
7070000000000	4527
7080000000000	4585
7090000000000	4445
7100000000000	4238
7110000000000	4286
7120000000000	4528
7130000000000	4710
7140000000000	4526
7150000000000	4183
7160000000000	4409
7170000000000	4557
7180000000000	4694
7190000000000	4280
7200000000000	4223
7210000000000	4364
7220000000000	4679
7230000000000	4602
7240000000000	4516
7250000000000	4242
7260000000000	4387
7270000000000	4668
7280000000000	4745
7290000000000	4363
7300000000000	4361
7310000000000	4299
7320000000000	4696
7330000000000	4623
7340000000000	4500
7350000000000	4233
7360000000000	4411
7370000000000	4645
7380000000000	4691
7390000000000	4318
7400000000000	4320
7410000000000	4466
7420000000000	4615
7430000000000	4636
7440000000000	4309
7450000000000	4231
7460000000000	4411
7470000000000	4745
7480000000000	4569
7490000000000	4517
7500000000000	4205
7510000000000	4343
7520000000000	4447
7530000000000	4588
7540000000000	4412
7550000000000	4154
7560000000000	4196
7570000000000	4597
7580000000000	4594
7590000000000	4463
7600000000000	4232
7610000000000	4342
7620000000000	4730
7630000000000	4684
7640000000000	4372
7650000000000	4219
7660000000000	4352
7670000000000	4564
7680000000000	4599
7690000000000	4467
7700000000000	4215
7710000000000	4175
7720000000000	4593
7730000000000	4651
7740000000000	4446
7750000000000	4396
7760000000000	4388
7770000000000	4545
7780000000000	4689
7790000000000	4391
7800000000000	4380
7810000000000	4392
7820000000000	4575
7830000000000	4726
7840000000000	4380
7850000000000	4323
7860000000000	4373
7870000000000	4664
7880000000000	4520
7890000000000	4451
7900000000000	4290
7910000000000	4406
7920000000000	4453
7930000000000	4646
7940000000000	4350
7950000000000	4221
7960000000000	4419
7970000000000	4716
7980000000000	4516
7990000000000	4278
8000000000000	4239
8010000000000	4273
8020000000000	4600
8030000000000	4602
8040000000000	4377
8050000000000	4376
8060000000000	4331
8070000000000	4617
8080000000000	4621
8090000000000	4411
8100000000000	4150
8110000000000	4326
8120000000000	4646
8130000000000	4641
8140000000000	4327
8150000000000	4304
8160000000000	4296
8170000000000	4697
8180000000000	4597
8190000000000	4362
8200000000000	4283
8210000000000	4332
8220000000000	4641
8230000000000	4557
8240000000000	4428
8250000000000	4394
8260000000000	4349
8270000000000	4630
8280000000000	4686
8290000000000	4445
8300000000000	4270
8310000000000	4225
8320000000000	4613
8330000000000	4621
8340000000000	4438
8350000000000	4219
8360000000000	4268
8370000000000	4497
8380000000000	4727
8390000000000	4288
8400000000000	4181
8410000000000	4313
8420000000000	4561
8430000000000	4806
8440000000000	4493
8450000000000	4263
8460000000000	4246
8470000000000	4594
8480000000000	4676
8490000000000	4534
8500000000000	4362
8510000000000	4299
8520000000000	4804
8530000000000	4774
8540000000000	4467
8550000000000	4284
8560000000000	4229
8570000000000	4566
8580000000000	4690
8590000000000	4433
8600000000000	4200
8610000000000	4320
8620000000000	4696
8630000000000	4747
8640000000000	4413
8650000000000	4252
8660000000000	4443
8670000000000	4720
8680000000000	4644
8690000000000	4458
8700000000000	4383
8710000000000	4350
8720000000000	4670
8730000000000	4709
8740000000000	4470
8750000000000	4186
8760000000000	4289
8770000000000	4510
8780000000000	4498
8790000000000	4400
8800000000000	4216
8810000000000	4286
8820000000000	4724
8830000000000	4630
8840000000000	4583
8850000000000	4322
8860000000000	4328
8870000000000	4660
8880000000000	4700
8890000000000	4448
8900000000000	4193
8910000000000	4320
8920000000000	4622
8930000000000	4673
8940000000000	4432
8950000000000	4407
8960000000000	4453
8970000000000	4480
8980000000000	4783
8990000000000	4336
9000000000000	4276
9010000000000	4221
9020000000000	4598
9030000000000	4621
9040000000000	4524
9050000000000	4160
9060000000000	4293
9070000000000	4592
9080000000000	4820
9090000000000	4382
9100000000000	4324
9110000000000	4353
9120000000000	4589
9130000000000	4735
9140000000000	4323
9150000000000	4267
9160000000000	4436
9170000000000	4655
9180000000000	4803
9190000000000	4437
9200000000000	4261
9210000000000	4281
9220000000000	4729
9230000000000	4747
9240000000000	4488
9250000000000	4297
9260000000000	4362
9270000000000	4746
9280000000000	4746
9290000000000	4436
9300000000000	4203
9310000000000	4357
9320000000000	4711
9330000000000	4720
9340000000000	4383
9350000000000	4345
9360000000000	4397
9370000000000	4741
9380000000000	4864
9390000000000	4444
9400000000000	4206
9410000000000	4423
9420000000000	4610
9430000000000	4722
9440000000000	4298
9450000000000	4316
9460000000000	4382
9470000000000	4662
9480000000000	4595
9490000000000	4517
9500000000000	4235
9510000000000	4356
9520000000000	4636
9530000000000	4630
9540000000000	4373
9550000000000	4317
9560000000000	4369
9570000000000	4651
9580000000000	4634
9590000000000	4463
9600000000000	4240
9610000000000	4309
9620000000000	4712
9630000000000	4746
9640000000000	4363
9650000000000	4323
9660000000000	4349
9670000000000	4828
9680000000000	4744
9690000000000	4454
9700000000000	4206
9710000000000	4346
9720000000000	4791
9730000000000	4816
9740000000000	4321
9750000000000	4344
9760000000000	4400
9770000000000	4634
9780000000000	4669
9790000000000	4609
9800000000000	4245
9810000000000	4393
9820000000000	4803
9830000000000	4624
9840000000000	4614
9850000000000	4201
9860000000000	4363
9870000000000	4789
9880000000000	4803
9890000000000	4434
9900000000000	4302
9910000000000	4387
9920000000000	4654
9930000000000	4773
9940000000000	4487
9950000000000	4274
9960000000000	4512
9970000000000	4622
9980000000000	4721
9990000000000	4427
