"Time (ps)"	"Channel 2 - Counts per bin"
0	17289
10000000000	16831
20000000000	16944
30000000000	16968
40000000000	16994
50000000000	16690
60000000000	17188
70000000000	16550
80000000000	17290
90000000000	17071
100000000000	16942
110000000000	16834
120000000000	16982
130000000000	16640
140000000000	17283
150000000000	16673
160000000000	17272
170000000000	16450
180000000000	17379
190000000000	17047
200000000000	17151
210000000000	16558
220000000000	17164
230000000000	16700
240000000000	17733
250000000000	16539
260000000000	17700
270000000000	16495
280000000000	17511
290000000000	16634
300000000000	17380
310000000000	16460
320000000000	17421
330000000000	16922
340000000000	16941
350000000000	16989
360000000000	17034
370000000000	16896
380000000000	17128
390000000000	16894
400000000000	17194
410000000000	16838
420000000000	17246
430000000000	17354
440000000000	16984
450000000000	17157
460000000000	16763
470000000000	16790
480000000000	17042
490000000000	17119
500000000000	16950
510000000000	17303
520000000000	16858
530000000000	17274
540000000000	17211
550000000000	16934
560000000000	17256
570000000000	16920
580000000000	17509
590000000000	17192
600000000000	17081
610000000000	17314
620000000000	16856
630000000000	17280
640000000000	17593
650000000000	17165
660000000000	17320
670000000000	16749
680000000000	17253
690000000000	17241
700000000000	16940
710000000000	17155
720000000000	16982
730000000000	17115
740000000000	17143
750000000000	16862
760000000000	17059
770000000000	17053
780000000000	16904
790000000000	17100
800000000000	17210
810000000000	17189
820000000000	17177
830000000000	17154
840000000000	17023
850000000000	17220
860000000000	16903
870000000000	17234
880000000000	17273
890000000000	17218
900000000000	17357
910000000000	17063
920000000000	16810
930000000000	17049
940000000000	17009
950000000000	17416
960000000000	16877
970000000000	17167
980000000000	17273
990000000000	16919
1000000000000	17124
1010000000000	17101
1020000000000	16963
1030000000000	17261
1040000000000	17237
1050000000000	17102
1060000000000	17034
1070000000000	16990
1080000000000	17045
1090000000000	17280
1100000000000	17391
1110000000000	17270
1120000000000	17118
1130000000000	17445
1140000000000	17365
1150000000000	17435
1160000000000	17103
1170000000000	17220
1180000000000	17263
1190000000000	17136
1200000000000	16892
1210000000000	17209
1220000000000	16977
1230000000000	17247
1240000000000	17056
1250000000000	17045
1260000000000	17218
1270000000000	17093
1280000000000	16887
1290000000000	17282
1300000000000	17026
1310000000000	17439
1320000000000	17232
1330000000000	17260
1340000000000	17018
1350000000000	17100
1360000000000	16966
1370000000000	17469
1380000000000	17457
1390000000000	17417
1400000000000	17279
1410000000000	17463
1420000000000	17446
1430000000000	17159
1440000000000	17199
1450000000000	17414
1460000000000	17344
1470000000000	17241
1480000000000	17402
1490000000000	17173
1500000000000	17484
1510000000000	16871
1520000000000	17505
1530000000000	17001
1540000000000	17242
1550000000000	17414
1560000000000	17410
1570000000000	17449
1580000000000	17384
1590000000000	16839
1600000000000	17429
1610000000000	16939
1620000000000	17518
1630000000000	16494
1640000000000	17497
1650000000000	16859
1660000000000	17213
1670000000000	17108
1680000000000	17451
1690000000000	17295
1700000000000	17764
1710000000000	17262
1720000000000	17415
1730000000000	17101
1740000000000	17364
1750000000000	17209
1760000000000	17731
1770000000000	16990
1780000000000	17692
1790000000000	16909
1800000000000	17449
1810000000000	17062
1820000000000	17527
1830000000000	16996
1840000000000	17273
1850000000000	16971
1860000000000	17463
1870000000000	16922
1880000000000	17444
1890000000000	16988
1900000000000	17284
1910000000000	17035
1920000000000	17358
1930000000000	16824
1940000000000	17542
1950000000000	17077
1960000000000	17361
1970000000000	17457
1980000000000	17123
1990000000000	17467
2000000000000	16905
2010000000000	16948
2020000000000	17681
2030000000000	17140
2040000000000	17250
2050000000000	17171
2060000000000	17266
2070000000000	17363
2080000000000	17125
2090000000000	17403
2100000000000	17043
2110000000000	17531
2120000000000	17058
2130000000000	17521
2140000000000	16847
2150000000000	17397
2160000000000	16936
2170000000000	17230
2180000000000	17299
2190000000000	16644
2200000000000	17479
2210000000000	17206
2220000000000	17228
2230000000000	17156
2240000000000	17028
2250000000000	17209
2260000000000	17186
2270000000000	17171
2280000000000	17335
2290000000000	17156
2300000000000	16979
2310000000000	17120
2320000000000	17451
2330000000000	17098
2340000000000	17473
2350000000000	16779
2360000000000	17203
2370000000000	17180
2380000000000	16955
2390000000000	17160
2400000000000	17260
2410000000000	17221
2420000000000	17061
2430000000000	17219
2440000000000	17249
2450000000000	16949
2460000000000	17478
2470000000000	17151
2480000000000	17208
2490000000000	17316
2500000000000	17037
2510000000000	16954
2520000000000	17315
2530000000000	16949
2540000000000	17247
2550000000000	16958
2560000000000	17365
2570000000000	17004
2580000000000	17608
2590000000000	16672
2600000000000	17811
2610000000000	16725
2620000000000	17769
2630000000000	16384
2640000000000	17317
2650000000000	17024
2660000000000	17549
2670000000000	16720
2680000000000	17445
2690000000000	17032
2700000000000	17750
2710000000000	16603
2720000000000	17533
2730000000000	16955
2740000000000	17359
2750000000000	17013
2760000000000	17262
2770000000000	16776
2780000000000	17887
2790000000000	16876
2800000000000	17606
2810000000000	16876
2820000000000	17303
2830000000000	16923
2840000000000	17224
2850000000000	16700
2860000000000	17316
2870000000000	17073
2880000000000	17256
2890000000000	16852
2900000000000	17377
2910000000000	17190
2920000000000	17168
2930000000000	17258
2940000000000	17181
2950000000000	17288
2960000000000	16938
2970000000000	17287
2980000000000	17239
2990000000000	17596
3000000000000	16979
3010000000000	17290
3020000000000	16797
3030000000000	17450
3040000000000	17124
3050000000000	17126
3060000000000	16774
3070000000000	17327
3080000000000	16790
3090000000000	17560
3100000000000	16873
3110000000000	17331
3120000000000	17274
3130000000000	17156
3140000000000	16903
3150000000000	17395
3160000000000	16709
3170000000000	17126
3180000000000	17102
3190000000000	17168
3200000000000	17204
3210000000000	17063
3220000000000	17052
3230000000000	17192
3240000000000	16843
3250000000000	17246
3260000000000	16632
3270000000000	17590
3280000000000	16431
3290000000000	17499
3300000000000	16768
3310000000000	17441
3320000000000	16902
3330000000000	17213
3340000000000	16659
3350000000000	17268
3360000000000	16890
3370000000000	17417
3380000000000	16888
3390000000000	17168
3400000000000	17000
3410000000000	17282
3420000000000	16687
3430000000000	17339
3440000000000	16913
3450000000000	16870
3460000000000	17013
3470000000000	16719
3480000000000	17321
3490000000000	16881
3500000000000	16676
3510000000000	17310
3520000000000	17227
3530000000000	16827
3540000000000	17389
3550000000000	16838
3560000000000	17237
3570000000000	16761
3580000000000	17093
3590000000000	16699
3600000000000	17446
3610000000000	16454
3620000000000	18147
3630000000000	16683
3640000000000	17760
3650000000000	16427
3660000000000	17384
3670000000000	16741
3680000000000	17456
3690000000000	16711
3700000000000	17363
3710000000000	16486
3720000000000	17708
3730000000000	16468
3740000000000	17643
3750000000000	16508
3760000000000	17579
3770000000000	16815
3780000000000	17563
3790000000000	16700
3800000000000	17511
3810000000000	16844
3820000000000	17402
3830000000000	16968
3840000000000	17402
3850000000000	16971
3860000000000	17188
3870000000000	16809
3880000000000	17188
3890000000000	17128
3900000000000	17060
3910000000000	16889
3920000000000	17546
3930000000000	16720
3940000000000	17373
3950000000000	16826
3960000000000	17346
3970000000000	16559
3980000000000	17987
3990000000000	16461
4000000000000	17530
4010000000000	17022
4020000000000	17167
4030000000000	16879
4040000000000	17155
4050000000000	16783
4060000000000	17158
4070000000000	16675
4080000000000	17526
4090000000000	17258
4100000000000	16796
4110000000000	17013
4120000000000	17140
4130000000000	17003
4140000000000	16879
4150000000000	17192
4160000000000	16991
4170000000000	17428
4180000000000	16203
4190000000000	18038
4200000000000	16379
4210000000000	17554
4220000000000	16827
4230000000000	17315
4240000000000	16548
4250000000000	17422
4260000000000	16343
4270000000000	18653
4280000000000	16121
4290000000000	18396
4300000000000	16187
4310000000000	18461
4320000000000	16102
4330000000000	18343
4340000000000	16388
4350000000000	18230
4360000000000	16504
4370000000000	17691
4380000000000	16521
4390000000000	17484
4400000000000	16910
4410000000000	17550
4420000000000	16680
4430000000000	17648
4440000000000	16362
4450000000000	17999
4460000000000	16319
4470000000000	17210
4480000000000	16728
4490000000000	17474
4500000000000	17051
4510000000000	17524
4520000000000	16416
4530000000000	17459
4540000000000	16760
4550000000000	17338
4560000000000	16923
4570000000000	17577
4580000000000	16725
4590000000000	17569
4600000000000	16618
4610000000000	18216
4620000000000	16841
4630000000000	17901
4640000000000	16782
4650000000000	17390
4660000000000	17410
4670000000000	17103
4680000000000	17099
4690000000000	17636
4700000000000	17146
4710000000000	17386
4720000000000	16980
4730000000000	17433
4740000000000	17161
4750000000000	17256
4760000000000	17534
4770000000000	17063
4780000000000	17617
4790000000000	16904
4800000000000	18005
4810000000000	16692
4820000000000	17933
4830000000000	16548
4840000000000	17896
4850000000000	16836
4860000000000	17542
4870000000000	16548
4880000000000	17400
4890000000000	16664
4900000000000	17713
4910000000000	16494
4920000000000	18047
4930000000000	16828
4940000000000	17864
4950000000000	16830
4960000000000	17501
4970000000000	16853
4980000000000	17573
4990000000000	16712
5000000000000	17527
5010000000000	16630
5020000000000	17315
5030000000000	17289
5040000000000	17419
5050000000000	17577
5060000000000	17306
5070000000000	17023
5080000000000	17304
5090000000000	16930
5100000000000	17129
5110000000000	17265
5120000000000	16727
5130000000000	17496
5140000000000	16708
5150000000000	17537
5160000000000	16727
5170000000000	17171
5180000000000	17129
5190000000000	17278
5200000000000	16911
5210000000000	17300
5220000000000	16613
5230000000000	17415
5240000000000	16890
5250000000000	17369
5260000000000	17074
5270000000000	17218
5280000000000	17117
5290000000000	17546
5300000000000	17052
5310000000000	17347
5320000000000	17180
5330000000000	17130
5340000000000	17067
5350000000000	17320
5360000000000	17057
5370000000000	17046
5380000000000	17246
5390000000000	17270
5400000000000	17062
5410000000000	17076
5420000000000	17013
5430000000000	16994
5440000000000	16921
5450000000000	17080
5460000000000	17296
5470000000000	17020
5480000000000	17066
5490000000000	17233
5500000000000	17119
5510000000000	17326
5520000000000	17181
5530000000000	17582
5540000000000	17112
5550000000000	17187
5560000000000	16840
5570000000000	17126
5580000000000	17017
5590000000000	16760
5600000000000	17382
5610000000000	16950
5620000000000	17249
5630000000000	17164
5640000000000	17164
5650000000000	17466
5660000000000	17147
5670000000000	17277
5680000000000	17179
5690000000000	17039
5700000000000	17358
5710000000000	17006
5720000000000	17176
5730000000000	16898
5740000000000	17084
5750000000000	17178
5760000000000	17472
5770000000000	17239
5780000000000	17188
5790000000000	17074
5800000000000	17103
5810000000000	17092
5820000000000	17043
5830000000000	17286
5840000000000	17292
5850000000000	17191
5860000000000	17171
5870000000000	17199
5880000000000	17150
5890000000000	17262
5900000000000	17281
5910000000000	17270
5920000000000	17053
5930000000000	17353
5940000000000	17160
5950000000000	17112
5960000000000	16924
5970000000000	17121
5980000000000	16992
5990000000000	17416
6000000000000	17185
6010000000000	17179
6020000000000	17277
6030000000000	16695
6040000000000	17367
6050000000000	17097
6060000000000	17220
6070000000000	17276
6080000000000	17550
6090000000000	16826
6100000000000	17404
6110000000000	16599
6120000000000	17453
6130000000000	16840
6140000000000	17481
6150000000000	16569
6160000000000	17279
6170000000000	16578
6180000000000	17787
6190000000000	16570
6200000000000	17370
6210000000000	16584
6220000000000	17554
6230000000000	17012
6240000000000	17250
6250000000000	16992
6260000000000	17255
6270000000000	17125
6280000000000	17373
6290000000000	17364
6300000000000	17076
6310000000000	17424
6320000000000	17147
6330000000000	17138
6340000000000	17150
6350000000000	16988
6360000000000	17268
6370000000000	17097
6380000000000	16996
6390000000000	16941
6400000000000	16865
6410000000000	17038
6420000000000	16899
6430000000000	16961
6440000000000	16772
6450000000000	16903
6460000000000	17157
6470000000000	17068
6480000000000	17055
6490000000000	17059
6500000000000	16805
6510000000000	16928
6520000000000	17210
6530000000000	16954
6540000000000	17394
6550000000000	17143
6560000000000	17642
6570000000000	17192
6580000000000	17153
6590000000000	17247
6600000000000	17264
6610000000000	17369
6620000000000	17323
6630000000000	17481
6640000000000	16626
6650000000000	17865
6660000000000	16452
6670000000000	17735
6680000000000	16773
6690000000000	17217
6700000000000	16957
6710000000000	17463
6720000000000	16853
6730000000000	17330
6740000000000	16521
6750000000000	17487
6760000000000	16774
6770000000000	17236
6780000000000	16814
6790000000000	17342
6800000000000	16626
6810000000000	17428
6820000000000	16511
6830000000000	17317
6840000000000	16715
6850000000000	17511
6860000000000	16825
6870000000000	17612
6880000000000	16947
6890000000000	17293
6900000000000	16774
6910000000000	17188
6920000000000	16758
6930000000000	17160
6940000000000	16819
6950000000000	17193
6960000000000	16869
6970000000000	17460
6980000000000	16732
6990000000000	17007
7000000000000	16945
7010000000000	16949
7020000000000	17323
7030000000000	17077
7040000000000	17045
7050000000000	17003
7060000000000	16744
7070000000000	17256
7080000000000	16784
7090000000000	17299
7100000000000	16944
7110000000000	17124
7120000000000	17106
7130000000000	16870
7140000000000	17098
7150000000000	16985
7160000000000	17101
7170000000000	16921
7180000000000	16781
7190000000000	16875
7200000000000	17121
7210000000000	16552
7220000000000	17165
7230000000000	16776
7240000000000	17104
7250000000000	16684
7260000000000	17386
7270000000000	16782
7280000000000	17465
7290000000000	16769
7300000000000	17277
7310000000000	16521
7320000000000	17493
7330000000000	16687
7340000000000	17346
7350000000000	16651
7360000000000	17660
7370000000000	16746
7380000000000	17748
7390000000000	16321
7400000000000	17586
7410000000000	16982
7420000000000	17578
7430000000000	16815
7440000000000	17269
7450000000000	17010
7460000000000	17311
7470000000000	17035
7480000000000	17218
7490000000000	16999
7500000000000	17256
7510000000000	17294
7520000000000	17273
7530000000000	16700
7540000000000	17256
7550000000000	17032
7560000000000	17219
7570000000000	16929
7580000000000	17264
7590000000000	17042
7600000000000	17151
7610000000000	17273
7620000000000	16983
7630000000000	17335
7640000000000	16970
7650000000000	17274
7660000000000	16763
7670000000000	17419
7680000000000	16964
7690000000000	17284
7700000000000	16836
7710000000000	17058
7720000000000	17461
7730000000000	17270
7740000000000	17266
7750000000000	17413
7760000000000	16975
7770000000000	17230
7780000000000	16995
7790000000000	17340
7800000000000	17097
7810000000000	17439
7820000000000	17324
7830000000000	16755
7840000000000	17440
7850000000000	17023
7860000000000	17253
7870000000000	17041
7880000000000	17379
7890000000000	17090
7900000000000	17405
7910000000000	17238
7920000000000	17120
7930000000000	17229
7940000000000	17025
7950000000000	17152
7960000000000	17293
7970000000000	16911
7980000000000	16949
7990000000000	16920
8000000000000	17060
8010000000000	17396
8020000000000	16808
8030000000000	17325
8040000000000	16941
8050000000000	17293
8060000000000	16941
8070000000000	16787
8080000000000	16999
8090000000000	17394
8100000000000	16822
8110000000000	17070
8120000000000	16956
8130000000000	17296
8140000000000	16677
8150000000000	16907
8160000000000	17196
8170000000000	17389
8180000000000	16819
8190000000000	17431
8200000000000	16960
8210000000000	17365
8220000000000	17085
8230000000000	17224
8240000000000	17117
8250000000000	17176
8260000000000	16638
8270000000000	17283
8280000000000	16679
8290000000000	17464
8300000000000	17044
8310000000000	17028
8320000000000	17121
8330000000000	16794
8340000000000	17458
8350000000000	17047
8360000000000	17004
8370000000000	16932
8380000000000	17186
8390000000000	16963
8400000000000	17317
8410000000000	16851
8420000000000	17164
8430000000000	17056
8440000000000	17240
8450000000000	16562
8460000000000	17146
8470000000000	16625
8480000000000	17144
8490000000000	16878
8500000000000	16990
8510000000000	16859
8520000000000	17274
8530000000000	17289
8540000000000	17443
8550000000000	16747
8560000000000	17263
8570000000000	16808
8580000000000	17341
8590000000000	16675
8600000000000	17402
8610000000000	16978
8620000000000	17434
8630000000000	16997
8640000000000	17415
8650000000000	16976
8660000000000	17433
8670000000000	16973
8680000000000	17368
8690000000000	16763
8700000000000	17126
8710000000000	16934
8720000000000	17365
8730000000000	16752
8740000000000	17731
8750000000000	16687
8760000000000	16996
8770000000000	16795
8780000000000	17432
8790000000000	17253
8800000000000	17346
8810000000000	16937
8820000000000	17087
8830000000000	16640
8840000000000	17071
8850000000000	16825
8860000000000	17073
8870000000000	17075
8880000000000	17205
8890000000000	16936
8900000000000	17063
8910000000000	17015
8920000000000	17146
8930000000000	16937
8940000000000	17268
8950000000000	17283
8960000000000	16852
8970000000000	17274
8980000000000	17210
8990000000000	17055
9000000000000	17253
9010000000000	17187
9020000000000	17097
9030000000000	17247
9040000000000	16865
9050000000000	17343
9060000000000	16892
9070000000000	17304
9080000000000	16766
9090000000000	17553
9100000000000	16519
9110000000000	17490
9120000000000	16620
9130000000000	17781
9140000000000	16563
9150000000000	17508
9160000000000	16491
9170000000000	17346
9180000000000	16566
9190000000000	17644
9200000000000	16258
9210000000000	17696
9220000000000	16428
9230000000000	17953
9240000000000	16501
9250000000000	17641
9260000000000	16894
9270000000000	17540
9280000000000	16721
9290000000000	17161
9300000000000	16706
9310000000000	17333
9320000000000	17051
9330000000000	17232
9340000000000	17111
9350000000000	17288
9360000000000	16842
9370000000000	17129
9380000000000	16652
9390000000000	17387
9400000000000	16866
9410000000000	17110
9420000000000	17269
9430000000000	16937
9440000000000	17363
9450000000000	16925
9460000000000	17374
9470000000000	17046
9480000000000	17502
9490000000000	17153
9500000000000	17430
9510000000000	16700
9520000000000	17283
9530000000000	16895
9540000000000	17284
9550000000000	16684
9560000000000	17262
9570000000000	16961
9580000000000	17461
9590000000000	16827
9600000000000	17337
9610000000000	16885
9620000000000	17316
9630000000000	16904
9640000000000	17336
9650000000000	16765
9660000000000	17273
9670000000000	17063
9680000000000	17275
9690000000000	17001
9700000000000	17252
9710000000000	16679
9720000000000	17283
9730000000000	16995
9740000000000	17625
9750000000000	17052
9760000000000	17855
9770000000000	16630
9780000000000	17573
9790000000000	16875
9800000000000	17028
9810000000000	16830
9820000000000	17050
9830000000000	16962
9840000000000	17340
9850000000000	17053
9860000000000	17372
9870000000000	16747
9880000000000	17318
9890000000000	16925
9900000000000	17139
9910000000000	17260
9920000000000	17396
9930000000000	17085
9940000000000	17437
9950000000000	17392
9960000000000	16793
9970000000000	17150
9980000000000	16855
9990000000000	17324
