"Time (ps)"	"Channel 2 - Counts per bin"
0	18597
10000000000	18572
20000000000	18708
30000000000	18435
40000000000	18876
50000000000	18200
60000000000	18970
70000000000	18439
80000000000	18886
90000000000	18126
100000000000	18719
110000000000	18435
120000000000	18996
130000000000	18316
140000000000	18952
150000000000	18209
160000000000	18804
170000000000	18344
180000000000	18731
190000000000	18622
200000000000	18972
210000000000	18515
220000000000	19022
230000000000	18205
240000000000	18906
250000000000	18374
260000000000	18654
270000000000	18410
280000000000	18740
290000000000	18430
300000000000	18805
310000000000	18427
320000000000	19477
330000000000	19672
340000000000	19877
350000000000	18652
360000000000	18389
370000000000	18450
380000000000	18738
390000000000	18374
400000000000	18949
410000000000	18335
420000000000	18765
430000000000	18309
440000000000	18919
450000000000	18353
460000000000	18875
470000000000	18131
480000000000	18918
490000000000	18181
500000000000	18972
510000000000	18142
520000000000	19361
530000000000	18266
540000000000	18951
550000000000	17885
560000000000	18935
570000000000	18162
580000000000	18889
590000000000	18191
600000000000	18574
610000000000	18295
620000000000	18807
630000000000	18291
640000000000	19871
650000000000	18178
660000000000	18614
670000000000	18517
680000000000	18469
690000000000	18425
700000000000	18589
710000000000	18529
720000000000	18221
730000000000	18649
740000000000	18647
750000000000	18825
760000000000	18285
770000000000	18901
780000000000	18249
790000000000	18959
800000000000	18318
810000000000	18938
820000000000	18176
830000000000	18973
840000000000	18092
850000000000	19209
860000000000	18253
870000000000	19057
880000000000	18163
890000000000	19133
900000000000	18453
910000000000	19066
920000000000	18168
930000000000	19256
940000000000	17897
950000000000	19037
960000000000	17994
970000000000	19050
980000000000	18299
990000000000	19117
1000000000000	18220
1010000000000	19149
1020000000000	17887
1030000000000	19194
1040000000000	18257
1050000000000	19308
1060000000000	18307
1070000000000	18697
1080000000000	18060
1090000000000	18731
1100000000000	18333
1110000000000	18955
1120000000000	18422
1130000000000	18811
1140000000000	18793
1150000000000	18879
1160000000000	18601
1170000000000	18829
1180000000000	18442
1190000000000	18865
1200000000000	18257
1210000000000	19009
1220000000000	18539
1230000000000	18909
1240000000000	18651
1250000000000	18828
1260000000000	18670
1270000000000	18466
1280000000000	18651
1290000000000	18772
1300000000000	18495
1310000000000	18292
1320000000000	19060
1330000000000	18397
1340000000000	18954
1350000000000	18593
1360000000000	18721
1370000000000	18295
1380000000000	18911
1390000000000	18459
1400000000000	19138
1410000000000	18521
1420000000000	19143
1430000000000	18569
1440000000000	19077
1450000000000	18502
1460000000000	19062
1470000000000	18203
1480000000000	18978
1490000000000	18151
1500000000000	18973
1510000000000	18114
1520000000000	18657
1530000000000	18532
1540000000000	18636
1550000000000	18622
1560000000000	18587
1570000000000	18562
1580000000000	18749
1590000000000	18203
1600000000000	18996
1610000000000	18353
1620000000000	19166
1630000000000	18401
1640000000000	18819
1650000000000	18353
1660000000000	19599
1670000000000	18820
1680000000000	18524
1690000000000	18560
1700000000000	18229
1710000000000	19036
1720000000000	18389
1730000000000	18728
1740000000000	18754
1750000000000	18496
1760000000000	18659
1770000000000	18627
1780000000000	18873
1790000000000	18427
1800000000000	18632
1810000000000	18638
1820000000000	18520
1830000000000	18949
1840000000000	18446
1850000000000	18827
1860000000000	18547
1870000000000	19052
1880000000000	18020
1890000000000	18771
1900000000000	18510
1910000000000	18644
1920000000000	18763
1930000000000	18739
1940000000000	18486
1950000000000	19184
1960000000000	18256
1970000000000	19036
1980000000000	18019
1990000000000	18875
2000000000000	18402
2010000000000	18821
2020000000000	18616
2030000000000	18861
2040000000000	18255
2050000000000	18985
2060000000000	18676
2070000000000	18894
2080000000000	18517
2090000000000	18589
2100000000000	18891
2110000000000	19020
2120000000000	18636
2130000000000	18514
2140000000000	18607
2150000000000	18665
2160000000000	18858
2170000000000	18701
2180000000000	18606
2190000000000	18539
2200000000000	18679
2210000000000	18810
2220000000000	18329
2230000000000	18874
2240000000000	18924
2250000000000	18827
2260000000000	18667
2270000000000	18961
2280000000000	18864
2290000000000	18638
2300000000000	18582
2310000000000	18700
2320000000000	18393
2330000000000	18870
2340000000000	18584
2350000000000	18703
2360000000000	18758
2370000000000	18927
2380000000000	18289
2390000000000	20086
2400000000000	18980
2410000000000	18619
2420000000000	18757
2430000000000	18454
2440000000000	18768
2450000000000	18673
2460000000000	19053
2470000000000	18486
2480000000000	18569
2490000000000	18688
2500000000000	18807
2510000000000	18359
2520000000000	18931
2530000000000	18249
2540000000000	19102
2550000000000	18035
2560000000000	19111
2570000000000	18461
2580000000000	18987
2590000000000	18413
2600000000000	19104
2610000000000	18050
2620000000000	18898
2630000000000	18068
2640000000000	19176
2650000000000	18341
2660000000000	19010
2670000000000	18163
2680000000000	19410
2690000000000	17821
2700000000000	18960
2710000000000	17885
2720000000000	18973
2730000000000	18154
2740000000000	19038
2750000000000	18165
2760000000000	18681
2770000000000	18201
2780000000000	18948
2790000000000	18202
2800000000000	19884
2810000000000	18862
2820000000000	18814
2830000000000	18278
2840000000000	19782
2850000000000	18558
2860000000000	19725
2870000000000	18644
2880000000000	19772
2890000000000	18798
2900000000000	18330
2910000000000	18367
2920000000000	19687
2930000000000	19056
2940000000000	19301
2950000000000	19079
2960000000000	18598
2970000000000	19064
2980000000000	18847
2990000000000	19332
3000000000000	17770
3010000000000	18926
3020000000000	17805
3030000000000	19102
3040000000000	17727
3050000000000	19072
3060000000000	17948
3070000000000	18949
3080000000000	17632
3090000000000	20187
3100000000000	18250
3110000000000	20355
3120000000000	18127
3130000000000	20117
3140000000000	18312
3150000000000	20209
3160000000000	18112
3170000000000	20629
3180000000000	18087
3190000000000	20389
3200000000000	18054
3210000000000	20977
3220000000000	18100
3230000000000	20612
3240000000000	17847
3250000000000	20832
3260000000000	18384
3270000000000	20225
3280000000000	18451
3290000000000	20139
3300000000000	18311
3310000000000	20248
3320000000000	18402
3330000000000	20075
3340000000000	18624
3350000000000	19784
3360000000000	18622
3370000000000	20161
3380000000000	18800
3390000000000	19997
3400000000000	18515
3410000000000	19956
3420000000000	18773
3430000000000	19182
3440000000000	18845
3450000000000	18245
3460000000000	18831
3470000000000	19469
3480000000000	18995
3490000000000	19474
3500000000000	19321
3510000000000	19123
3520000000000	19295
3530000000000	18942
3540000000000	19808
3550000000000	18861
3560000000000	19916
3570000000000	18533
3580000000000	20008
3590000000000	18653
3600000000000	20153
3610000000000	18396
3620000000000	20201
3630000000000	18145
3640000000000	20397
3650000000000	18172
3660000000000	20050
3670000000000	18510
3680000000000	19265
3690000000000	17875
3700000000000	19239
3710000000000	17998
3720000000000	18985
3730000000000	17986
3740000000000	19114
3750000000000	18165
3760000000000	18827
3770000000000	18135
3780000000000	18890
3790000000000	18147
3800000000000	18736
3810000000000	18443
3820000000000	18526
3830000000000	18533
3840000000000	18308
3850000000000	18887
3860000000000	18577
3870000000000	18584
3880000000000	18553
3890000000000	18665
3900000000000	18507
3910000000000	18668
3920000000000	18173
3930000000000	18676
3940000000000	18189
3950000000000	18784
3960000000000	18292
3970000000000	18773
3980000000000	18212
3990000000000	18783
4000000000000	18232
4010000000000	18800
4020000000000	18377
4030000000000	18957
4040000000000	18111
4050000000000	18651
4060000000000	18439
4070000000000	18738
4080000000000	18625
4090000000000	18655
4100000000000	18479
4110000000000	18613
4120000000000	18546
4130000000000	18533
4140000000000	18801
4150000000000	18340
4160000000000	19062
4170000000000	18354
4180000000000	18936
4190000000000	18215
4200000000000	19014
4210000000000	18349
4220000000000	19126
4230000000000	18515
4240000000000	18887
4250000000000	18376
4260000000000	18908
4270000000000	18194
4280000000000	19237
4290000000000	18393
4300000000000	20012
4310000000000	19137
4320000000000	19224
4330000000000	18057
4340000000000	18794
4350000000000	18662
4360000000000	18800
4370000000000	18736
4380000000000	18622
4390000000000	18497
4400000000000	18533
4410000000000	18779
4420000000000	18522
4430000000000	18894
4440000000000	18474
4450000000000	18959
4460000000000	18673
4470000000000	18856
4480000000000	18408
4490000000000	18873
4500000000000	18270
4510000000000	19056
4520000000000	18257
4530000000000	19082
4540000000000	18080
4550000000000	19122
4560000000000	18090
4570000000000	19076
4580000000000	18064
4590000000000	19080
4600000000000	18220
4610000000000	19226
4620000000000	18316
4630000000000	18822
4640000000000	18549
4650000000000	18799
4660000000000	18308
4670000000000	18828
4680000000000	18286
4690000000000	19002
4700000000000	18557
4710000000000	18964
4720000000000	18432
4730000000000	18655
4740000000000	18531
4750000000000	18769
4760000000000	18666
4770000000000	18902
4780000000000	18504
4790000000000	18577
4800000000000	18463
4810000000000	18805
4820000000000	18525
4830000000000	18782
4840000000000	18610
4850000000000	18770
4860000000000	18367
4870000000000	18592
4880000000000	18705
4890000000000	18329
4900000000000	18494
4910000000000	18471
4920000000000	18645
4930000000000	18556
4940000000000	18415
4950000000000	18759
4960000000000	18453
4970000000000	18760
4980000000000	18309
4990000000000	18483
5000000000000	18873
5010000000000	19428
5020000000000	18872
5030000000000	19358
5040000000000	19054
5050000000000	18305
5060000000000	18793
5070000000000	18503
5080000000000	18656
5090000000000	18412
5100000000000	18903
5110000000000	18575
5120000000000	18761
5130000000000	18215
5140000000000	19065
5150000000000	18281
5160000000000	18724
5170000000000	18380
5180000000000	18952
5190000000000	17950
5200000000000	18538
5210000000000	18613
5220000000000	18620
5230000000000	18581
5240000000000	18956
5250000000000	18771
5260000000000	18892
5270000000000	18496
5280000000000	18659
5290000000000	19466
5300000000000	18819
5310000000000	18529
5320000000000	18846
5330000000000	18448
5340000000000	18640
5350000000000	18482
5360000000000	18460
5370000000000	18607
5380000000000	18524
5390000000000	18766
5400000000000	18264
5410000000000	18673
5420000000000	18510
5430000000000	18612
5440000000000	18775
5450000000000	18830
5460000000000	18815
5470000000000	18541
5480000000000	18665
5490000000000	18154
5500000000000	18827
5510000000000	18498
5520000000000	18710
5530000000000	18658
5540000000000	18772
5550000000000	18604
5560000000000	18657
5570000000000	18666
5580000000000	18667
5590000000000	18545
5600000000000	18603
5610000000000	18617
5620000000000	18699
5630000000000	18798
5640000000000	18797
5650000000000	18700
5660000000000	18581
5670000000000	18499
5680000000000	18652
5690000000000	18367
5700000000000	18526
5710000000000	18751
5720000000000	18630
5730000000000	18784
5740000000000	18501
5750000000000	18646
5760000000000	18415
5770000000000	18512
5780000000000	18301
5790000000000	18630
5800000000000	18242
5810000000000	18932
5820000000000	18403
5830000000000	18466
5840000000000	18834
5850000000000	18349
5860000000000	18804
5870000000000	18471
5880000000000	18536
5890000000000	18779
5900000000000	18498
5910000000000	18612
5920000000000	18582
5930000000000	18499
5940000000000	18557
5950000000000	18355
5960000000000	18620
5970000000000	18690
5980000000000	18797
5990000000000	18624
6000000000000	18637
6010000000000	18690
6020000000000	18541
6030000000000	18609
6040000000000	18654
6050000000000	18621
6060000000000	18351
6070000000000	18508
6080000000000	18759
6090000000000	18329
6100000000000	18813
6110000000000	18352
6120000000000	18846
6130000000000	18410
6140000000000	18556
6150000000000	18518
6160000000000	18326
6170000000000	18661
6180000000000	18660
6190000000000	18382
6200000000000	18648
6210000000000	18527
6220000000000	18580
6230000000000	18562
6240000000000	18770
6250000000000	18556
6260000000000	18544
6270000000000	18448
6280000000000	18670
6290000000000	18563
6300000000000	18775
6310000000000	18420
6320000000000	18515
6330000000000	18475
6340000000000	18815
6350000000000	18459
6360000000000	18642
6370000000000	18218
6380000000000	18849
6390000000000	18451
6400000000000	18539
6410000000000	18511
6420000000000	18611
6430000000000	18331
6440000000000	18855
6450000000000	18413
6460000000000	18748
6470000000000	18539
6480000000000	18557
6490000000000	18754
6500000000000	18431
6510000000000	18599
6520000000000	18569
6530000000000	18602
6540000000000	18366
6550000000000	18654
6560000000000	18057
6570000000000	18850
6580000000000	18159
6590000000000	18787
6600000000000	18138
6610000000000	18790
6620000000000	18263
6630000000000	18937
6640000000000	18368
6650000000000	18753
6660000000000	18344
6670000000000	18697
6680000000000	18200
6690000000000	18681
6700000000000	18653
6710000000000	18456
6720000000000	18173
6730000000000	18862
6740000000000	18215
6750000000000	18647
6760000000000	18190
6770000000000	18824
6780000000000	18512
6790000000000	18495
6800000000000	18513
6810000000000	18597
6820000000000	18574
6830000000000	18469
6840000000000	18513
6850000000000	18721
6860000000000	18743
6870000000000	18717
6880000000000	18459
6890000000000	18454
6900000000000	18436
6910000000000	18622
6920000000000	18444
6930000000000	18681
6940000000000	18847
6950000000000	18455
6960000000000	18780
6970000000000	18709
6980000000000	18432
6990000000000	18781
7000000000000	18252
7010000000000	18879
7020000000000	18552
7030000000000	18501
7040000000000	18696
7050000000000	18464
7060000000000	18602
7070000000000	18580
7080000000000	18278
7090000000000	18618
7100000000000	18504
7110000000000	18563
7120000000000	18322
7130000000000	18736
7140000000000	18258
7150000000000	18799
7160000000000	18341
7170000000000	18792
7180000000000	18198
7190000000000	18611
7200000000000	18523
7210000000000	18689
7220000000000	18848
7230000000000	18480
7240000000000	18678
7250000000000	18414
7260000000000	18590
7270000000000	18550
7280000000000	18708
7290000000000	18805
7300000000000	18838
7310000000000	18202
7320000000000	18630
7330000000000	18236
7340000000000	18673
7350000000000	18286
7360000000000	18776
7370000000000	18228
7380000000000	19046
7390000000000	18240
7400000000000	18902
7410000000000	18030
7420000000000	18883
7430000000000	18378
7440000000000	18935
7450000000000	18382
7460000000000	18952
7470000000000	18202
7480000000000	18820
7490000000000	18274
7500000000000	18860
7510000000000	18470
7520000000000	18888
7530000000000	18192
7540000000000	18914
7550000000000	18270
7560000000000	18845
7570000000000	18280
7580000000000	18786
7590000000000	18783
7600000000000	18521
7610000000000	18717
7620000000000	18450
7630000000000	18554
7640000000000	18759
7650000000000	18638
7660000000000	18565
7670000000000	18936
7680000000000	18394
7690000000000	18942
7700000000000	18351
7710000000000	19182
7720000000000	18461
7730000000000	18723
7740000000000	18228
7750000000000	18915
7760000000000	18012
7770000000000	19071
7780000000000	18308
7790000000000	18913
7800000000000	18594
7810000000000	18513
7820000000000	18394
7830000000000	18938
7840000000000	18236
7850000000000	18896
7860000000000	18167
7870000000000	18982
7880000000000	18370
7890000000000	18422
7900000000000	18633
7910000000000	18600
7920000000000	18452
7930000000000	18912
7940000000000	18349
7950000000000	18795
7960000000000	18377
7970000000000	18549
7980000000000	18504
7990000000000	19980
8000000000000	19176
8010000000000	18635
8020000000000	18822
8030000000000	18263
8040000000000	18766
8050000000000	18541
8060000000000	18976
8070000000000	18374
8080000000000	18700
8090000000000	18255
8100000000000	18691
8110000000000	18291
8120000000000	18625
8130000000000	18505
8140000000000	18562
8150000000000	18260
8160000000000	18880
8170000000000	18445
8180000000000	18652
8190000000000	18720
8200000000000	18517
8210000000000	18707
8220000000000	18490
8230000000000	18541
8240000000000	18794
8250000000000	18560
8260000000000	18679
8270000000000	18532
8280000000000	18745
8290000000000	18617
8300000000000	18648
8310000000000	18571
8320000000000	18486
8330000000000	18480
8340000000000	18576
8350000000000	18772
8360000000000	18319
8370000000000	18457
8380000000000	18519
8390000000000	18599
8400000000000	18796
8410000000000	18198
8420000000000	18891
8430000000000	18214
8440000000000	18808
8450000000000	18279
8460000000000	18674
8470000000000	18282
8480000000000	19000
8490000000000	17716
8500000000000	19282
8510000000000	17848
8520000000000	18869
8530000000000	18305
8540000000000	19013
8550000000000	18098
8560000000000	20162
8570000000000	18729
8580000000000	19071
8590000000000	17918
8600000000000	19073
8610000000000	18116
8620000000000	19470
8630000000000	19025
8640000000000	18964
8650000000000	18453
8660000000000	19180
8670000000000	17911
8680000000000	19154
8690000000000	18379
8700000000000	18521
8710000000000	18654
8720000000000	18755
8730000000000	18488
8740000000000	18834
8750000000000	18532
8760000000000	18470
8770000000000	18836
8780000000000	18252
8790000000000	19588
8800000000000	19704
8810000000000	19101
8820000000000	18477
8830000000000	18775
8840000000000	18235
8850000000000	18846
8860000000000	18234
8870000000000	18908
8880000000000	18221
8890000000000	18843
8900000000000	18263
8910000000000	18864
8920000000000	18439
8930000000000	18834
8940000000000	18395
8950000000000	18968
8960000000000	18131
8970000000000	19264
8980000000000	18320
8990000000000	18760
9000000000000	18775
9010000000000	18337
9020000000000	18856
9030000000000	18473
9040000000000	18698
9050000000000	18699
9060000000000	18690
9070000000000	18271
9080000000000	18811
9090000000000	18578
9100000000000	18934
9110000000000	18645
9120000000000	18695
9130000000000	18317
9140000000000	19113
9150000000000	18161
9160000000000	18882
9170000000000	17998
9180000000000	19026
9190000000000	18112
9200000000000	18783
9210000000000	18363
9220000000000	18763
9230000000000	18456
9240000000000	18611
9250000000000	18511
9260000000000	18861
9270000000000	18191
9280000000000	18794
9290000000000	18555
9300000000000	18743
9310000000000	18480
9320000000000	18625
9330000000000	18532
9340000000000	18864
9350000000000	18477
9360000000000	18840
9370000000000	18481
9380000000000	18389
9390000000000	18903
9400000000000	18329
9410000000000	18570
9420000000000	18377
9430000000000	18491
9440000000000	18553
9450000000000	18490
9460000000000	18590
9470000000000	18996
9480000000000	18404
9490000000000	18763
9500000000000	18459
9510000000000	19066
9520000000000	18323
9530000000000	18813
9540000000000	18208
9550000000000	19220
9560000000000	18260
9570000000000	19062
9580000000000	18318
9590000000000	18894
9600000000000	18095
9610000000000	18989
9620000000000	18166
9630000000000	20128
9640000000000	18940
9650000000000	19873
9660000000000	19298
9670000000000	18761
9680000000000	18366
9690000000000	18672
9700000000000	18435
9710000000000	19081
9720000000000	18111
9730000000000	18671
9740000000000	18380
9750000000000	18952
9760000000000	18435
9770000000000	18610
9780000000000	18589
9790000000000	18647
9800000000000	18777
9810000000000	18653
9820000000000	18766
9830000000000	18347
9840000000000	19108
9850000000000	18207
9860000000000	19624
9870000000000	18441
9880000000000	18878
9890000000000	18327
9900000000000	18837
9910000000000	18214
9920000000000	19229
9930000000000	18246
9940000000000	19157
9950000000000	18540
9960000000000	18842
9970000000000	18376
9980000000000	18863
9990000000000	18511
