"Time (ps)"	"Counts per bin"
0	207
100000000	209
200000000	219
300000000	200
400000000	242
500000000	225
600000000	215
700000000	237
800000000	210
900000000	231
1000000000	209
1100000000	228
1200000000	187
1300000000	234
1400000000	195
1500000000	217
1600000000	207
1700000000	232
1800000000	215
1900000000	236
2000000000	228
2100000000	214
2200000000	224
2300000000	232
2400000000	213
2500000000	201
2600000000	206
2700000000	230
2800000000	241
2900000000	231
3000000000	220
3100000000	217
3200000000	207
3300000000	227
3400000000	205
3500000000	224
3600000000	237
3700000000	221
3800000000	267
3900000000	221
4000000000	209
4100000000	183
4200000000	214
4300000000	245
4400000000	209
4500000000	217
4600000000	262
4700000000	216
4800000000	229
4900000000	216
5000000000	243
5100000000	225
5200000000	249
5300000000	241
5400000000	243
5500000000	229
5600000000	215
5700000000	257
5800000000	221
5900000000	212
6000000000	232
6100000000	203
6200000000	211
6300000000	211
6400000000	219
6500000000	216
6600000000	199
6700000000	196
6800000000	207
6900000000	229
7000000000	215
7100000000	223
7200000000	242
7300000000	203
7400000000	235
7500000000	227
7600000000	239
7700000000	243
7800000000	234
7900000000	230
8000000000	214
8100000000	209
8200000000	229
8300000000	230
8400000000	214
8500000000	228
8600000000	203
8700000000	223
8800000000	192
8900000000	215
9000000000	211
9100000000	204
9200000000	225
9300000000	216
9400000000	217
9500000000	231
9600000000	218
9700000000	233
9800000000	233
9900000000	207
10000000000	215
10100000000	226
10200000000	216
10300000000	243
10400000000	209
10500000000	219
10600000000	222
10700000000	230
10800000000	215
10900000000	198
11000000000	237
11100000000	215
11200000000	208
11300000000	214
11400000000	226
11500000000	223
11600000000	224
11700000000	234
11800000000	209
11900000000	218
12000000000	226
12100000000	226
12200000000	219
12300000000	211
12400000000	219
12500000000	206
12600000000	203
12700000000	202
12800000000	204
12900000000	219
13000000000	195
13100000000	216
13200000000	228
13300000000	226
13400000000	230
13500000000	230
13600000000	200
13700000000	232
13800000000	214
13900000000	246
14000000000	228
14100000000	199
14200000000	230
14300000000	230
14400000000	212
14500000000	212
14600000000	226
14700000000	222
14800000000	231
14900000000	218
15000000000	203
15100000000	218
15200000000	221
15300000000	209
15400000000	221
15500000000	210
15600000000	222
15700000000	200
15800000000	228
15900000000	221
16000000000	218
16100000000	195
16200000000	228
16300000000	217
16400000000	239
16500000000	245
16600000000	219
16700000000	227
16800000000	189
16900000000	211
17000000000	187
17100000000	202
17200000000	213
17300000000	193
17400000000	228
17500000000	201
17600000000	231
17700000000	235
17800000000	205
17900000000	230
18000000000	218
18100000000	207
18200000000	220
18300000000	230
18400000000	225
18500000000	251
18600000000	203
18700000000	223
18800000000	238
18900000000	201
19000000000	226
19100000000	227
19200000000	239
19300000000	242
19400000000	236
19500000000	200
19600000000	251
19700000000	188
19800000000	206
19900000000	217
20000000000	219
20100000000	230
20200000000	220
20300000000	233
20400000000	215
20500000000	212
20600000000	217
20700000000	213
20800000000	211
20900000000	236
21000000000	235
21100000000	229
21200000000	184
21300000000	200
21400000000	214
21500000000	225
21600000000	214
21700000000	185
21800000000	221
21900000000	217
22000000000	246
22100000000	219
22200000000	224
22300000000	238
22400000000	219
22500000000	221
22600000000	232
22700000000	206
22800000000	237
22900000000	220
23000000000	212
23100000000	222
23200000000	215
23300000000	205
23400000000	199
23500000000	215
23600000000	193
23700000000	236
23800000000	240
23900000000	230
24000000000	223
24100000000	208
24200000000	220
24300000000	202
24400000000	232
24500000000	227
24600000000	207
24700000000	210
24800000000	236
24900000000	212
25000000000	234
25100000000	224
25200000000	246
25300000000	205
25400000000	198
25500000000	238
25600000000	219
25700000000	216
25800000000	218
25900000000	219
26000000000	239
26100000000	195
26200000000	214
26300000000	224
26400000000	223
26500000000	214
26600000000	196
26700000000	213
26800000000	235
26900000000	222
27000000000	198
27100000000	216
27200000000	199
27300000000	266
27400000000	221
27500000000	213
27600000000	221
27700000000	215
27800000000	229
27900000000	195
28000000000	208
28100000000	198
28200000000	225
28300000000	227
28400000000	217
28500000000	223
28600000000	246
28700000000	239
28800000000	210
28900000000	217
29000000000	226
29100000000	210
29200000000	231
29300000000	212
29400000000	261
29500000000	237
29600000000	217
29700000000	208
29800000000	233
29900000000	248
30000000000	231
30100000000	206
30200000000	214
30300000000	227
30400000000	208
30500000000	232
30600000000	221
30700000000	206
30800000000	207
30900000000	222
31000000000	204
31100000000	211
31200000000	208
31300000000	191
31400000000	212
31500000000	215
31600000000	237
31700000000	217
31800000000	208
31900000000	210
32000000000	210
32100000000	236
32200000000	235
32300000000	245
32400000000	220
32500000000	212
32600000000	240
32700000000	200
32800000000	208
32900000000	238
33000000000	219
33100000000	222
33200000000	227
33300000000	240
33400000000	194
33500000000	227
33600000000	223
33700000000	212
33800000000	207
33900000000	188
34000000000	223
34100000000	228
34200000000	228
34300000000	212
34400000000	259
34500000000	193
34600000000	200
34700000000	203
34800000000	239
34900000000	252
35000000000	222
35100000000	214
35200000000	241
35300000000	242
35400000000	223
35500000000	198
35600000000	216
35700000000	215
35800000000	229
35900000000	226
36000000000	207
36100000000	220
36200000000	234
36300000000	217
36400000000	203
36500000000	203
36600000000	198
36700000000	215
36800000000	219
36900000000	208
37000000000	225
37100000000	208
37200000000	219
37300000000	233
37400000000	234
37500000000	203
37600000000	225
37700000000	247
37800000000	222
37900000000	211
38000000000	220
38100000000	210
38200000000	219
38300000000	207
38400000000	214
38500000000	215
38600000000	217
38700000000	218
38800000000	216
38900000000	208
39000000000	238
39100000000	211
39200000000	232
39300000000	223
39400000000	231
39500000000	214
39600000000	191
39700000000	221
39800000000	210
39900000000	211
40000000000	220
40100000000	237
40200000000	196
40300000000	217
40400000000	211
40500000000	220
40600000000	232
40700000000	220
40800000000	229
40900000000	196
41000000000	215
41100000000	244
41200000000	210
41300000000	224
41400000000	249
41500000000	226
41600000000	225
41700000000	223
41800000000	239
41900000000	212
42000000000	237
42100000000	213
42200000000	213
42300000000	231
42400000000	228
42500000000	230
42600000000	207
42700000000	235
42800000000	272
42900000000	235
43000000000	199
43100000000	201
43200000000	202
43300000000	210
43400000000	233
43500000000	220
43600000000	194
43700000000	224
43800000000	233
43900000000	210
44000000000	200
44100000000	242
44200000000	226
44300000000	244
44400000000	235
44500000000	247
44600000000	221
44700000000	217
44800000000	197
44900000000	239
45000000000	259
45100000000	226
45200000000	220
45300000000	208
45400000000	202
45500000000	190
45600000000	208
45700000000	218
45800000000	205
45900000000	223
46000000000	232
46100000000	230
46200000000	230
46300000000	210
46400000000	201
46500000000	256
46600000000	226
46700000000	237
46800000000	217
46900000000	226
47000000000	226
47100000000	203
47200000000	237
47300000000	232
47400000000	247
47500000000	216
47600000000	215
47700000000	210
47800000000	190
47900000000	204
48000000000	222
48100000000	212
48200000000	222
48300000000	219
48400000000	232
48500000000	232
48600000000	219
48700000000	237
48800000000	225
48900000000	213
49000000000	211
49100000000	212
49200000000	242
49300000000	248
49400000000	219
49500000000	225
49600000000	208
49700000000	228
49800000000	192
49900000000	269
50000000000	207
50100000000	210
50200000000	219
50300000000	202
50400000000	239
50500000000	225
50600000000	215
50700000000	236
50800000000	206
50900000000	234
51000000000	211
51100000000	229
51200000000	190
51300000000	229
51400000000	196
51500000000	216
51600000000	213
51700000000	227
51800000000	219
51900000000	237
52000000000	223
52100000000	216
52200000000	222
52300000000	234
52400000000	212
52500000000	197
52600000000	209
52700000000	229
52800000000	240
52900000000	233
53000000000	216
53100000000	223
53200000000	206
53300000000	225
53400000000	202
53500000000	231
53600000000	227
53700000000	223
53800000000	268
53900000000	225
54000000000	209
54100000000	184
54200000000	215
54300000000	241
54400000000	209
54500000000	220
54600000000	258
54700000000	221
54800000000	227
54900000000	214
55000000000	244
55100000000	226
55200000000	245
55300000000	247
55400000000	242
55500000000	227
55600000000	214
55700000000	254
55800000000	218
55900000000	219
56000000000	234
56100000000	201
56200000000	211
56300000000	211
56400000000	222
56500000000	213
56600000000	198
56700000000	198
56800000000	208
56900000000	227
57000000000	212
57100000000	226
57200000000	241
57300000000	196
57400000000	241
57500000000	230
57600000000	236
57700000000	239
57800000000	241
57900000000	229
58000000000	212
58100000000	208
58200000000	232
58300000000	224
58400000000	216
58500000000	230
58600000000	205
58700000000	222
58800000000	190
58900000000	211
59000000000	217
59100000000	201
59200000000	221
59300000000	215
59400000000	223
59500000000	233
59600000000	214
59700000000	230
59800000000	235
59900000000	213
60000000000	210
60100000000	222
60200000000	224
60300000000	242
60400000000	205
60500000000	223
60600000000	221
60700000000	230
60800000000	216
60900000000	198
61000000000	231
61100000000	217
61200000000	212
61300000000	209
61400000000	229
61500000000	223
61600000000	222
61700000000	236
61800000000	208
61900000000	223
62000000000	223
62100000000	226
62200000000	218
62300000000	204
62400000000	224
62500000000	209
62600000000	201
62700000000	206
62800000000	200
62900000000	218
63000000000	197
63100000000	218
63200000000	224
63300000000	226
63400000000	235
63500000000	225
63600000000	202
63700000000	231
63800000000	218
63900000000	246
64000000000	221
64100000000	203
64200000000	230
64300000000	228
64400000000	213
64500000000	210
64600000000	224
64700000000	226
64800000000	231
64900000000	219
65000000000	204
65100000000	217
65200000000	221
65300000000	209
65400000000	223
65500000000	205
65600000000	223
65700000000	198
65800000000	231
65900000000	222
66000000000	218
66100000000	195
66200000000	226
66300000000	219
66400000000	233
66500000000	247
66600000000	222
66700000000	226
66800000000	187
66900000000	215
67000000000	181
67100000000	206
67200000000	207
67300000000	199
67400000000	227
67500000000	199
67600000000	229
67700000000	236
67800000000	213
67900000000	226
68000000000	219
68100000000	209
68200000000	214
68300000000	233
68400000000	226
68500000000	247
68600000000	205
68700000000	226
68800000000	235
68900000000	202
69000000000	224
69100000000	221
69200000000	245
69300000000	239
69400000000	237
69500000000	203
69600000000	241
69700000000	195
69800000000	207
69900000000	218
70000000000	217
70100000000	231
70200000000	220
70300000000	236
70400000000	213
70500000000	216
70600000000	213
70700000000	211
70800000000	213
70900000000	238
71000000000	233
71100000000	229
71200000000	189
71300000000	198
71400000000	210
71500000000	221
71600000000	221
71700000000	183
71800000000	225
71900000000	211
72000000000	251
72100000000	219
72200000000	224
72300000000	234
72400000000	220
72500000000	223
72600000000	228
72700000000	207
72800000000	235
72900000000	221
73000000000	215
73100000000	218
73200000000	218
73300000000	201
73400000000	203
73500000000	215
73600000000	195
73700000000	234
73800000000	238
73900000000	235
74000000000	219
74100000000	209
74200000000	219
74300000000	203
74400000000	229
74500000000	228
74600000000	209
74700000000	212
74800000000	226
74900000000	220
75000000000	230
75100000000	219
75200000000	258
75300000000	202
75400000000	190
75500000000	245
75600000000	221
75700000000	212
75800000000	224
75900000000	214
76000000000	237
76100000000	198
76200000000	214
76300000000	223
76400000000	223
76500000000	217
76600000000	191
76700000000	212
76800000000	236
76900000000	226
77000000000	194
77100000000	218
77200000000	195
77300000000	270
77400000000	220
77500000000	213
77600000000	224
77700000000	211
77800000000	230
77900000000	192
78000000000	208
78100000000	196
78200000000	236
78300000000	218
78400000000	215
78500000000	230
78600000000	243
78700000000	242
78800000000	209
78900000000	213
79000000000	231
79100000000	209
79200000000	228
79300000000	213
79400000000	259
79500000000	238
79600000000	219
79700000000	202
79800000000	240
79900000000	251
80000000000	222
80100000000	209
80200000000	217
80300000000	224
80400000000	211
80500000000	232
80600000000	220
80700000000	205
80800000000	208
80900000000	222
81000000000	204
81100000000	212
81200000000	208
81300000000	193
81400000000	205
81500000000	218
81600000000	241
81700000000	218
81800000000	207
81900000000	200
82000000000	216
82100000000	236
82200000000	236
82300000000	242
82400000000	224
82500000000	213
82600000000	238
82700000000	199
82800000000	209
82900000000	238
83000000000	218
83100000000	221
83200000000	229
83300000000	236
83400000000	196
83500000000	229
83600000000	222
83700000000	212
83800000000	208
83900000000	187
84000000000	221
84100000000	223
84200000000	235
84300000000	213
84400000000	256
84500000000	191
84600000000	202
84700000000	200
84800000000	241
84900000000	250
85000000000	226
85100000000	217
85200000000	237
85300000000	243
85400000000	220
85500000000	197
85600000000	217
85700000000	214
85800000000	226
85900000000	232
86000000000	204
86100000000	219
86200000000	233
86300000000	222
86400000000	201
86500000000	205
86600000000	200
86700000000	212
86800000000	219
86900000000	209
87000000000	222
87100000000	211
87200000000	219
87300000000	229
87400000000	239
87500000000	195
87600000000	231
87700000000	249
87800000000	214
87900000000	221
88000000000	219
88100000000	209
88200000000	218
88300000000	204
88400000000	212
88500000000	220
88600000000	210
88700000000	223
88800000000	216
88900000000	213
89000000000	236
89100000000	212
89200000000	229
89300000000	220
89400000000	232
89500000000	216
89600000000	191
89700000000	219
89800000000	213
89900000000	209
90000000000	217
90100000000	242
90200000000	197
90300000000	215
90400000000	206
90500000000	219
90600000000	238
90700000000	219
90800000000	229
90900000000	197
91000000000	213
91100000000	244
91200000000	214
91300000000	219
91400000000	247
91500000000	226
91600000000	227
91700000000	221
91800000000	245
91900000000	209
92000000000	237
92100000000	210
92200000000	219
92300000000	230
92400000000	226
92500000000	231
92600000000	203
92700000000	237
92800000000	276
92900000000	231
93000000000	202
93100000000	201
93200000000	201
93300000000	209
93400000000	233
93500000000	217
93600000000	198
93700000000	221
93800000000	234
93900000000	210
94000000000	201
94100000000	240
94200000000	227
94300000000	243
94400000000	231
94500000000	250
94600000000	220
94700000000	219
94800000000	197
94900000000	238
95000000000	261
95100000000	223
95200000000	222
95300000000	208
95400000000	202
95500000000	191
95600000000	209
95700000000	221
95800000000	200
95900000000	220
96000000000	237
96100000000	231
96200000000	222
96300000000	216
96400000000	195
96500000000	263
96600000000	228
96700000000	235
96800000000	214
96900000000	224
97000000000	229
97100000000	201
97200000000	234
97300000000	240
97400000000	247
97500000000	211
97600000000	217
97700000000	209
97800000000	192
97900000000	205
98000000000	220
98100000000	216
98200000000	216
98300000000	221
98400000000	232
98500000000	226
98600000000	225
98700000000	233
98800000000	230
98900000000	212
99000000000	210
99100000000	213
99200000000	242
99300000000	247
99400000000	217
99500000000	231
99600000000	196
99700000000	242
99800000000	191
99900000000	261
