"Time (ps)"	"Counts per bin"
0	502373
100000000	503074
200000000	504609
300000000	504212
400000000	504261
500000000	503842
600000000	503722
700000000	503275
800000000	505060
900000000	505042
1000000000	504519
1100000000	503205
1200000000	504384
1300000000	504089
1400000000	503802
1500000000	503923
1600000000	503752
1700000000	504656
1800000000	504754
1900000000	504668
2000000000	504571
2100000000	505596
2200000000	503862
2300000000	504818
2400000000	503840
2500000000	505065
2600000000	504635
2700000000	504653
2800000000	504124
2900000000	503648
3000000000	503065
3100000000	504986
3200000000	503517
3300000000	504639
3400000000	503955
3500000000	504542
3600000000	503970
3700000000	504523
3800000000	503230
3900000000	503574
4000000000	504175
4100000000	503037
4200000000	504231
4300000000	504202
4400000000	504556
4500000000	504275
4600000000	504663
4700000000	504358
4800000000	503901
4900000000	503669
5000000000	504872
5100000000	504705
5200000000	504228
5300000000	503923
5400000000	504451
5500000000	504365
5600000000	503580
5700000000	504283
5800000000	504460
5900000000	504435
6000000000	505536
6100000000	505221
6200000000	504374
6300000000	504545
6400000000	502495
6500000000	504730
6600000000	504540
6700000000	503558
6800000000	504019
6900000000	503640
7000000000	504156
7100000000	504223
7200000000	504331
7300000000	502102
7400000000	504605
7500000000	503865
7600000000	504135
7700000000	503724
7800000000	502887
7900000000	502431
8000000000	503784
8100000000	503167
8200000000	502354
8300000000	504106
8400000000	503817
8500000000	503327
8600000000	503072
8700000000	503246
8800000000	503484
8900000000	503601
9000000000	503863
9100000000	504208
9200000000	503067
9300000000	504337
9400000000	504290
9500000000	504255
9600000000	504093
9700000000	505342
9800000000	502942
9900000000	504483
10000000000	504092
10100000000	503689
10200000000	505192
10300000000	503633
10400000000	502641
10500000000	504593
10600000000	504002
10700000000	503515
10800000000	504195
10900000000	503870
11000000000	503852
11100000000	503805
11200000000	504201
11300000000	503500
11400000000	503665
11500000000	504857
11600000000	502646
11700000000	503906
11800000000	504259
11900000000	504814
12000000000	504776
12100000000	502078
12200000000	502832
12300000000	504072
12400000000	503496
12500000000	503555
12600000000	504588
12700000000	505218
12800000000	503810
12900000000	504709
13000000000	504590
13100000000	504289
13200000000	504200
13300000000	503608
13400000000	504446
13500000000	504431
13600000000	503448
13700000000	502583
13800000000	503279
13900000000	503873
14000000000	503794
14100000000	502905
14200000000	503773
14300000000	503744
14400000000	503366
14500000000	503708
14600000000	504262
14700000000	503443
14800000000	504185
14900000000	503925
15000000000	503217
15100000000	504361
15200000000	502639
15300000000	503665
15400000000	504862
15500000000	503244
15600000000	504012
15700000000	503465
15800000000	505002
15900000000	504918
16000000000	503515
16100000000	503432
16200000000	502797
16300000000	502894
16400000000	504551
16500000000	505032
16600000000	503815
16700000000	502699
16800000000	503867
16900000000	504143
17000000000	504370
17100000000	504273
17200000000	504599
17300000000	503283
17400000000	504247
17500000000	503866
17600000000	503891
17700000000	503608
17800000000	504408
17900000000	504254
18000000000	504643
18100000000	504271
18200000000	503852
18300000000	504957
18400000000	504806
18500000000	503736
18600000000	502873
18700000000	503542
18800000000	503680
18900000000	504343
19000000000	503628
19100000000	504805
19200000000	505079
19300000000	505217
19400000000	503832
19500000000	503504
19600000000	503831
19700000000	505021
19800000000	504154
19900000000	503126
20000000000	504569
20100000000	503219
20200000000	503411
20300000000	501651
20400000000	504875
20500000000	505079
20600000000	504085
20700000000	504280
20800000000	503486
20900000000	503612
21000000000	503051
21100000000	503156
21200000000	503386
21300000000	503554
21400000000	505122
21500000000	503428
21600000000	504513
21700000000	503873
21800000000	504516
21900000000	503824
22000000000	503515
22100000000	505467
22200000000	503542
22300000000	503796
22400000000	504157
22500000000	504670
22600000000	505563
22700000000	503419
22800000000	504395
22900000000	504989
23000000000	504522
23100000000	504227
23200000000	503652
23300000000	505161
23400000000	504317
23500000000	502745
23600000000	503867
23700000000	504469
23800000000	504320
23900000000	504258
24000000000	504808
24100000000	503468
24200000000	504959
24300000000	504560
24400000000	503784
24500000000	504100
24600000000	504905
24700000000	504613
24800000000	504041
24900000000	504911
25000000000	503444
25100000000	501509
25200000000	503759
25300000000	503221
25400000000	501701
25500000000	504257
25600000000	502292
25700000000	502270
25800000000	501466
25900000000	501920
26000000000	503046
26100000000	501916
26200000000	502166
26300000000	501540
26400000000	502635
26500000000	502744
26600000000	502035
26700000000	503374
26800000000	502473
26900000000	503235
27000000000	502484
27100000000	501522
27200000000	503279
27300000000	502151
27400000000	502502
27500000000	501379
27600000000	502972
27700000000	501946
27800000000	502273
27900000000	501638
28000000000	501467
28100000000	502054
28200000000	502231
28300000000	502459
28400000000	502644
28500000000	502080
28600000000	502341
28700000000	502107
28800000000	501102
28900000000	501035
29000000000	501755
29100000000	503005
29200000000	501906
29300000000	502368
29400000000	501125
29500000000	501664
29600000000	500916
29700000000	502107
29800000000	502701
29900000000	501770
30000000000	501858
30100000000	502457
30200000000	501762
30300000000	502898
30400000000	502549
30500000000	502662
30600000000	503294
30700000000	501333
30800000000	501964
30900000000	502680
31000000000	501748
31100000000	501773
31200000000	502309
31300000000	502071
31400000000	501383
31500000000	503364
31600000000	502693
31700000000	503131
31800000000	501512
31900000000	500642
32000000000	500849
32100000000	502211
32200000000	502817
32300000000	501780
32400000000	501946
32500000000	502456
32600000000	502560
32700000000	502864
32800000000	502429
32900000000	501988
33000000000	502490
33100000000	503534
33200000000	502163
33300000000	501342
33400000000	502303
33500000000	501645
33600000000	501960
33700000000	502155
33800000000	502672
33900000000	501339
34000000000	501086
34100000000	501866
34200000000	502820
34300000000	501152
34400000000	501457
34500000000	501987
34600000000	500892
34700000000	502569
34800000000	501440
34900000000	503119
35000000000	502324
35100000000	500816
35200000000	502975
35300000000	501410
35400000000	501972
35500000000	501739
35600000000	502555
35700000000	502590
35800000000	501079
35900000000	502196
36000000000	502235
36100000000	501640
36200000000	502033
36300000000	502135
36400000000	502275
36500000000	501919
36600000000	501150
36700000000	501480
36800000000	502170
36900000000	501132
37000000000	501316
37100000000	501599
37200000000	501004
37300000000	501741
37400000000	501847
37500000000	502562
37600000000	501629
37700000000	500341
37800000000	502874
37900000000	501529
38000000000	501391
38100000000	502646
38200000000	502086
38300000000	503209
38400000000	501685
38500000000	501641
38600000000	502429
38700000000	500969
38800000000	501742
38900000000	502254
39000000000	501123
39100000000	500731
39200000000	501910
39300000000	501129
39400000000	502115
39500000000	501986
39600000000	501231
39700000000	501327
39800000000	502330
39900000000	501787
40000000000	500779
40100000000	502001
40200000000	501713
40300000000	501652
40400000000	502519
40500000000	500524
40600000000	503441
40700000000	501633
40800000000	501816
40900000000	500648
41000000000	501989
41100000000	502511
41200000000	503037
41300000000	500922
41400000000	501559
41500000000	501394
41600000000	501929
41700000000	502874
41800000000	502977
41900000000	501664
42000000000	501338
42100000000	500162
42200000000	502343
42300000000	501768
42400000000	501840
42500000000	501042
42600000000	502208
42700000000	500738
42800000000	501651
42900000000	500685
43000000000	501438
43100000000	502176
43200000000	501525
43300000000	501607
43400000000	501588
43500000000	501250
43600000000	500965
43700000000	502185
43800000000	501557
43900000000	501521
44000000000	501429
44100000000	502579
44200000000	501247
44300000000	500699
44400000000	500574
44500000000	501946
44600000000	501414
44700000000	501617
44800000000	501142
44900000000	501790
45000000000	501688
45100000000	502056
45200000000	501490
45300000000	502894
45400000000	501226
45500000000	502646
45600000000	501479
45700000000	500734
45800000000	502217
45900000000	501706
46000000000	501154
46100000000	500714
46200000000	501764
46300000000	501006
46400000000	502715
46500000000	502299
46600000000	500915
46700000000	502126
46800000000	501254
46900000000	500838
47000000000	502098
47100000000	502718
47200000000	501654
47300000000	501550
47400000000	501576
47500000000	500911
47600000000	500402
47700000000	500651
47800000000	501975
47900000000	502717
48000000000	501453
48100000000	501784
48200000000	501517
48300000000	501662
48400000000	501941
48500000000	501525
48600000000	501724
48700000000	502289
48800000000	500708
48900000000	501276
49000000000	502283
49100000000	501771
49200000000	502063
49300000000	502081
49400000000	502342
49500000000	501186
49600000000	502940
49700000000	502238
49800000000	501766
49900000000	501097
50000000000	502032
50100000000	502659
50200000000	504193
50300000000	503982
50400000000	503983
50500000000	503350
50600000000	503180
50700000000	503116
50800000000	504743
50900000000	504696
51000000000	504039
51100000000	502993
51200000000	504008
51300000000	503863
51400000000	503484
51500000000	503356
51600000000	503481
51700000000	504418
51800000000	504569
51900000000	504214
52000000000	504325
52100000000	504978
52200000000	503884
52300000000	504127
52400000000	503771
52500000000	504664
52600000000	504295
52700000000	504279
52800000000	503583
52900000000	503387
53000000000	503009
53100000000	504620
53200000000	503147
53300000000	504004
53400000000	503875
53500000000	503941
53600000000	503753
53700000000	504374
53800000000	502890
53900000000	503052
54000000000	504077
54100000000	502794
54200000000	503751
54300000000	503622
54400000000	504150
54500000000	504033
54600000000	504369
54700000000	504107
54800000000	503528
54900000000	503331
55000000000	504558
55100000000	504412
55200000000	503845
55300000000	503753
55400000000	503990
55500000000	503978
55600000000	503093
55700000000	504257
55800000000	503981
55900000000	504207
56000000000	505232
56100000000	504867
56200000000	503906
56300000000	504095
56400000000	502363
56500000000	504485
56600000000	504103
56700000000	503283
56800000000	503471
56900000000	503385
57000000000	503796
57100000000	503986
57200000000	503938
57300000000	501788
57400000000	504311
57500000000	503399
57600000000	503942
57700000000	503594
57800000000	502228
57900000000	502180
58000000000	503528
58100000000	502843
58200000000	502051
58300000000	503789
58400000000	503483
58500000000	502692
58600000000	502974
58700000000	502938
58800000000	503104
58900000000	503338
59000000000	503601
59100000000	503581
59200000000	502856
59300000000	504046
59400000000	503937
59500000000	503809
59600000000	503914
59700000000	504944
59800000000	502740
59900000000	504091
60000000000	503909
60100000000	503171
60200000000	504776
60300000000	503382
60400000000	502408
60500000000	504223
60600000000	503550
60700000000	503143
60800000000	503880
60900000000	503528
61000000000	503717
61100000000	503330
61200000000	503932
61300000000	503169
61400000000	503255
61500000000	504286
61600000000	502657
61700000000	503431
61800000000	503870
61900000000	504488
62000000000	504577
62100000000	501779
62200000000	502305
62300000000	503802
62400000000	503031
62500000000	503083
62600000000	504510
62700000000	504549
62800000000	503724
62900000000	504253
63000000000	504408
63100000000	503899
63200000000	503997
63300000000	503273
63400000000	504137
63500000000	503941
63600000000	503119
63700000000	502167
63800000000	503133
63900000000	503614
64000000000	503396
64100000000	502477
64200000000	503280
64300000000	503547
64400000000	502998
64500000000	503354
64600000000	503868
64700000000	503320
64800000000	503770
64900000000	503534
65000000000	502921
65100000000	503902
65200000000	502343
65300000000	503402
65400000000	504434
65500000000	502862
65600000000	503695
65700000000	503235
65800000000	504647
65900000000	504593
66000000000	502969
66100000000	503339
66200000000	502567
66300000000	502388
66400000000	504278
66500000000	504447
66600000000	503570
66700000000	502630
66800000000	503231
66900000000	503894
67000000000	503792
67100000000	504007
67200000000	504530
67300000000	502694
67400000000	503913
67500000000	503674
67600000000	503574
67700000000	503219
67800000000	504075
67900000000	503960
68000000000	504174
68100000000	503925
68200000000	503664
68300000000	504493
68400000000	504495
68500000000	503585
68600000000	502318
68700000000	503308
68800000000	503318
68900000000	504046
69000000000	503377
69100000000	504336
69200000000	504895
69300000000	504693
69400000000	503576
69500000000	503140
69600000000	503351
69700000000	504755
69800000000	503875
69900000000	502631
70000000000	504201
70100000000	503213
70200000000	502839
70300000000	501509
70400000000	504261
70500000000	504767
70600000000	503801
70700000000	503968
70800000000	503124
70900000000	503246
71000000000	502694
71100000000	503202
71200000000	502808
71300000000	503085
71400000000	504761
71500000000	503261
71600000000	504398
71700000000	503258
71800000000	504151
71900000000	503506
72000000000	502997
72100000000	505479
72200000000	503085
72300000000	503466
72400000000	503737
72500000000	504253
72600000000	505034
72700000000	503314
72800000000	504026
72900000000	504755
73000000000	504061
73100000000	503750
73200000000	503412
73300000000	504786
73400000000	503963
73500000000	502280
73600000000	503620
73700000000	504067
73800000000	504021
73900000000	504001
74000000000	504528
74100000000	503123
74200000000	504453
74300000000	504242
74400000000	503658
74500000000	503764
74600000000	504424
74700000000	504266
74800000000	503686
74900000000	504420
75000000000	503055
75100000000	501464
75200000000	503528
75300000000	502845
75400000000	501282
75500000000	503886
75600000000	501845
75700000000	502058
75800000000	501058
75900000000	501693
76000000000	502500
76100000000	501843
76200000000	501694
76300000000	501477
76400000000	502124
76500000000	502318
76600000000	501650
76700000000	503088
76800000000	501970
76900000000	503104
77000000000	501971
77100000000	501184
77200000000	502906
77300000000	501909
77400000000	502180
77500000000	500988
77600000000	502749
77700000000	501725
77800000000	501838
77900000000	501184
78000000000	501219
78100000000	501773
78200000000	502025
78300000000	501880
78400000000	502532
78500000000	501478
78600000000	501927
78700000000	501939
78800000000	500812
78900000000	500657
79000000000	501584
79100000000	502444
79200000000	501706
79300000000	502044
79400000000	500757
79500000000	501315
79600000000	500550
79700000000	501828
79800000000	502326
79900000000	501459
80000000000	501532
80100000000	501963
80200000000	501449
80300000000	502543
80400000000	502296
80500000000	502242
80600000000	503078
80700000000	500987
80800000000	501733
80900000000	502281
81000000000	501429
81100000000	501483
81200000000	501942
81300000000	501393
81400000000	501440
81500000000	502781
81600000000	502489
81700000000	502733
81800000000	501177
81900000000	500455
82000000000	500634
82100000000	501739
82200000000	502351
82300000000	501569
82400000000	501485
82500000000	502313
82600000000	501934
82700000000	502606
82800000000	501966
82900000000	501853
83000000000	502128
83100000000	503127
83200000000	501807
83300000000	501140
83400000000	501847
83500000000	501425
83600000000	501392
83700000000	501861
83800000000	502320
83900000000	501093
84000000000	500727
84100000000	501406
84200000000	502518
84300000000	500798
84400000000	501123
84500000000	501823
84600000000	500477
84700000000	502032
84800000000	501274
84900000000	502644
85000000000	501860
85100000000	500565
85200000000	502819
85300000000	501151
85400000000	501709
85500000000	501427
85600000000	501868
85700000000	502445
85800000000	500780
85900000000	501760
86000000000	502215
86100000000	501107
86200000000	501618
86300000000	501969
86400000000	501842
86500000000	501934
86600000000	500426
86700000000	501246
86800000000	501836
86900000000	500714
87000000000	501185
87100000000	501087
87200000000	500783
87300000000	501165
87400000000	501546
87500000000	502295
87600000000	501323
87700000000	499774
87800000000	502617
87900000000	501107
88000000000	501170
88100000000	502233
88200000000	501583
88300000000	503196
88400000000	501352
88500000000	501355
88600000000	501843
88700000000	500769
88800000000	501424
88900000000	501739
89000000000	500862
89100000000	500453
89200000000	501280
89300000000	501179
89400000000	501600
89500000000	501746
89600000000	500896
89700000000	501026
89800000000	502041
89900000000	501378
90000000000	500473
90100000000	501493
90200000000	501632
90300000000	501266
90400000000	502080
90500000000	500260
90600000000	503009
90700000000	501435
90800000000	501429
90900000000	500165
91000000000	501877
91100000000	502349
91200000000	502424
91300000000	500907
91400000000	501029
91500000000	500822
91600000000	501702
91700000000	502620
91800000000	502382
91900000000	501402
92000000000	501032
92100000000	500111
92200000000	501848
92300000000	501122
92400000000	501803
92500000000	500528
92600000000	502082
92700000000	500310
92800000000	501417
92900000000	500268
93000000000	501072
93100000000	501804
93200000000	501304
93300000000	501187
93400000000	501185
93500000000	501075
93600000000	500747
93700000000	501800
93800000000	501076
93900000000	501148
94000000000	500963
94100000000	502480
94200000000	500883
94300000000	500348
94400000000	500187
94500000000	501710
94600000000	501091
94700000000	501165
94800000000	500918
94900000000	501292
95000000000	501126
95100000000	501845
95200000000	501180
95300000000	502630
95400000000	500898
95500000000	502512
95600000000	501179
95700000000	500087
95800000000	501981
95900000000	501396
96000000000	500700
96100000000	500561
96200000000	501465
96300000000	500442
96400000000	502368
96500000000	502037
96600000000	500605
96700000000	501748
96800000000	500868
96900000000	500457
97000000000	501696
97100000000	502477
97200000000	501270
97300000000	501123
97400000000	501405
97500000000	500343
97600000000	500272
97700000000	500097
97800000000	501888
97900000000	502273
98000000000	501153
98100000000	501428
98200000000	501321
98300000000	501332
98400000000	501421
98500000000	501427
98600000000	501306
98700000000	501863
98800000000	500381
98900000000	500977
99000000000	502000
99100000000	501321
99200000000	501934
99300000000	501523
99400000000	502202
99500000000	500899
99600000000	502374
99700000000	502130
99800000000	501274
99900000000	500678
