"Time (ps)"	"Counts per bin"
0	501664
100000000	502964
200000000	502638
300000000	503505
400000000	502617
500000000	503810
600000000	504134
700000000	503121
800000000	503373
900000000	503905
1000000000	504229
1100000000	503342
1200000000	503240
1300000000	502233
1400000000	503415
1500000000	503655
1600000000	501687
1700000000	503948
1800000000	502513
1900000000	502701
2000000000	503626
2100000000	504433
2200000000	504008
2300000000	503769
2400000000	503202
2500000000	502926
2600000000	503850
2700000000	503199
2800000000	503164
2900000000	502372
3000000000	502505
3100000000	503409
3200000000	503562
3300000000	501821
3400000000	503543
3500000000	504270
3600000000	503021
3700000000	503611
3800000000	503472
3900000000	503103
4000000000	503699
4100000000	501988
4200000000	504479
4300000000	502947
4400000000	503825
4500000000	503545
4600000000	503645
4700000000	502473
4800000000	504238
4900000000	502910
5000000000	504306
5100000000	502801
5200000000	504572
5300000000	503614
5400000000	503740
5500000000	503970
5600000000	503962
5700000000	504215
5800000000	503144
5900000000	504737
6000000000	504856
6100000000	503308
6200000000	504314
6300000000	503600
6400000000	502472
6500000000	503550
6600000000	503420
6700000000	503896
6800000000	502817
6900000000	502873
7000000000	503636
7100000000	503563
7200000000	504902
7300000000	504328
7400000000	502835
7500000000	502740
7600000000	503278
7700000000	503014
7800000000	501872
7900000000	503083
8000000000	502880
8100000000	503613
8200000000	503848
8300000000	503012
8400000000	503515
8500000000	501933
8600000000	503309
8700000000	503777
8800000000	502838
8900000000	504178
9000000000	503281
9100000000	504007
9200000000	504079
9300000000	503702
9400000000	503628
9500000000	503692
9600000000	503109
9700000000	503714
9800000000	502812
9900000000	502271
10000000000	503945
10100000000	504260
10200000000	503559
10300000000	502475
10400000000	504173
10500000000	503596
10600000000	503193
10700000000	503360
10800000000	503802
10900000000	504177
11000000000	503210
11100000000	504822
11200000000	503831
11300000000	502636
11400000000	504376
11500000000	502647
11600000000	503646
11700000000	504854
11800000000	505018
11900000000	503189
12000000000	503698
12100000000	502360
12200000000	503460
12300000000	502236
12400000000	503194
12500000000	502722
12600000000	503433
12700000000	503566
12800000000	503288
12900000000	503816
13000000000	503395
13100000000	503118
13200000000	503951
13300000000	504476
13400000000	502578
13500000000	503810
13600000000	503664
13700000000	502905
13800000000	504611
13900000000	502633
14000000000	503146
14100000000	504055
14200000000	503110
14300000000	503039
14400000000	503347
14500000000	503089
14600000000	502959
14700000000	503762
14800000000	503889
14900000000	504198
15000000000	502828
15100000000	503296
15200000000	502369
15300000000	504869
15400000000	503314
15500000000	502244
15600000000	503409
15700000000	503237
15800000000	503238
15900000000	503616
16000000000	503376
16100000000	503688
16200000000	503502
16300000000	503872
16400000000	502460
16500000000	503640
16600000000	503797
16700000000	504129
16800000000	503109
16900000000	502701
17000000000	503035
17100000000	503484
17200000000	503839
17300000000	503903
17400000000	504309
17500000000	503726
17600000000	503223
17700000000	503370
17800000000	502999
17900000000	503509
18000000000	503657
18100000000	502216
18200000000	503867
18300000000	504156
18400000000	503038
18500000000	503092
18600000000	503505
18700000000	503828
18800000000	503439
18900000000	503695
19000000000	503013
19100000000	503693
19200000000	504119
19300000000	503496
19400000000	502720
19500000000	503558
19600000000	503302
19700000000	502622
19800000000	503603
19900000000	504161
20000000000	503322
20100000000	503032
20200000000	504557
20300000000	503198
20400000000	503512
20500000000	503993
20600000000	503244
20700000000	502890
20800000000	503894
20900000000	503461
21000000000	503588
21100000000	503969
21200000000	503605
21300000000	503513
21400000000	502725
21500000000	503533
21600000000	503528
21700000000	503890
21800000000	503664
21900000000	504296
22000000000	502661
22100000000	503530
22200000000	504323
22300000000	502923
22400000000	503388
22500000000	503758
22600000000	502703
22700000000	503912
22800000000	503957
22900000000	502935
23000000000	504658
23100000000	503538
23200000000	503811
23300000000	503167
23400000000	502459
23500000000	503509
23600000000	503899
23700000000	502580
23800000000	504307
23900000000	503652
24000000000	504034
24100000000	502932
24200000000	503164
24300000000	504262
24400000000	502536
24500000000	502943
24600000000	503919
24700000000	504522
24800000000	503416
24900000000	504862
25000000000	503302
25100000000	502143
25200000000	501629
25300000000	503299
25400000000	502365
25500000000	502378
25600000000	502765
25700000000	502073
25800000000	502742
25900000000	501502
26000000000	501683
26100000000	500013
26200000000	502624
26300000000	502134
26400000000	500349
26500000000	501408
26600000000	501658
26700000000	501174
26800000000	501878
26900000000	501753
27000000000	502080
27100000000	502716
27200000000	500741
27300000000	501743
27400000000	501572
27500000000	501879
27600000000	502449
27700000000	501368
27800000000	501706
27900000000	501817
28000000000	501240
28100000000	501005
28200000000	501172
28300000000	502246
28400000000	502494
28500000000	501117
28600000000	502066
28700000000	501004
28800000000	501221
28900000000	501224
29000000000	501991
29100000000	501675
29200000000	501645
29300000000	502748
29400000000	501145
29500000000	501611
29600000000	501035
29700000000	501872
29800000000	502472
29900000000	501903
30000000000	500238
30100000000	500361
30200000000	501757
30300000000	500309
30400000000	500835
30500000000	500939
30600000000	501333
30700000000	501440
30800000000	500639
30900000000	501641
31000000000	501023
31100000000	501046
31200000000	501519
31300000000	501885
31400000000	501619
31500000000	501113
31600000000	502062
31700000000	501051
31800000000	501288
31900000000	501115
32000000000	500952
32100000000	501997
32200000000	500550
32300000000	501892
32400000000	501372
32500000000	500441
32600000000	501702
32700000000	500850
32800000000	502404
32900000000	501129
33000000000	501635
33100000000	501977
33200000000	501421
33300000000	501226
33400000000	500502
33500000000	501197
33600000000	501364
33700000000	500187
33800000000	500432
33900000000	500820
34000000000	499663
34100000000	500865
34200000000	501493
34300000000	501765
34400000000	500437
34500000000	500813
34600000000	501164
34700000000	500156
34800000000	500407
34900000000	500097
35000000000	501030
35100000000	501529
35200000000	500745
35300000000	501225
35400000000	501028
35500000000	500953
35600000000	502485
35700000000	501809
35800000000	500840
35900000000	500509
36000000000	501127
36100000000	499805
36200000000	501499
36300000000	500433
36400000000	499367
36500000000	500828
36600000000	502265
36700000000	500021
36800000000	500520
36900000000	502187
37000000000	501273
37100000000	501756
37200000000	500756
37300000000	500746
37400000000	501105
37500000000	500945
37600000000	500509
37700000000	500897
37800000000	501525
37900000000	501003
38000000000	501137
38100000000	500515
38200000000	500991
38300000000	501533
38400000000	500606
38500000000	500464
38600000000	500786
38700000000	499560
38800000000	500322
38900000000	501498
39000000000	500989
39100000000	501546
39200000000	500348
39300000000	501117
39400000000	501848
39500000000	499995
39600000000	501191
39700000000	501346
39800000000	502889
39900000000	500812
40000000000	501567
40100000000	499662
40200000000	500077
40300000000	501473
40400000000	499983
40500000000	500720
40600000000	501948
40700000000	500361
40800000000	501026
40900000000	501185
41000000000	500424
41100000000	500373
41200000000	500642
41300000000	500312
41400000000	499962
41500000000	501056
41600000000	500951
41700000000	500859
41800000000	500921
41900000000	500771
42000000000	500217
42100000000	501325
42200000000	500858
42300000000	500961
42400000000	501867
42500000000	502112
42600000000	501020
42700000000	501147
42800000000	500240
42900000000	499495
43000000000	501746
43100000000	500236
43200000000	501137
43300000000	500433
43400000000	501015
43500000000	500470
43600000000	501898
43700000000	501495
43800000000	500332
43900000000	500467
44000000000	500306
44100000000	500756
44200000000	499663
44300000000	500902
44400000000	499113
44500000000	501769
44600000000	500866
44700000000	501786
44800000000	502695
44900000000	499897
45000000000	500220
45100000000	500545
45200000000	499597
45300000000	499922
45400000000	500162
45500000000	500680
45600000000	501426
45700000000	500828
45800000000	500948
45900000000	500021
46000000000	500231
46100000000	500319
46200000000	501870
46300000000	501688
46400000000	501418
46500000000	499916
46600000000	499910
46700000000	500459
46800000000	500562
46900000000	501358
47000000000	498810
47100000000	500751
47200000000	500026
47300000000	500845
47400000000	499927
47500000000	500182
47600000000	500431
47700000000	499686
47800000000	501670
47900000000	500114
48000000000	500178
48100000000	500248
48200000000	501505
48300000000	500785
48400000000	500187
48500000000	499932
48600000000	500314
48700000000	500348
48800000000	500794
48900000000	500780
49000000000	501036
49100000000	500912
49200000000	500212
49300000000	500875
49400000000	501795
49500000000	500056
49600000000	501366
49700000000	500366
49800000000	499361
49900000000	500876
50000000000	501632
50100000000	502451
50200000000	502424
50300000000	503115
50400000000	502313
50500000000	503391
50600000000	503734
50700000000	502988
50800000000	503042
50900000000	503320
51000000000	503938
51100000000	502996
51200000000	502797
51300000000	502040
51400000000	503010
51500000000	503318
51600000000	501353
51700000000	503686
51800000000	502300
51900000000	502295
52000000000	502944
52100000000	504180
52200000000	503925
52300000000	503330
52400000000	502898
52500000000	502495
52600000000	503570
52700000000	502831
52800000000	502804
52900000000	502109
53000000000	502163
53100000000	502816
53200000000	503418
53300000000	501501
53400000000	502826
53500000000	504437
53600000000	502580
53700000000	503388
53800000000	503035
53900000000	502718
54000000000	503360
54100000000	501651
54200000000	504056
54300000000	502649
54400000000	503385
54500000000	503214
54600000000	503186
54700000000	502456
54800000000	503604
54900000000	502669
55000000000	503965
55100000000	502431
55200000000	504356
55300000000	503319
55400000000	503297
55500000000	503505
55600000000	503669
55700000000	503866
55800000000	502920
55900000000	504223
56000000000	504789
56100000000	502837
56200000000	504031
56300000000	503254
56400000000	502127
56500000000	503204
56600000000	502729
56700000000	503604
56800000000	502485
56900000000	502724
57000000000	503311
57100000000	503091
57200000000	504522
57300000000	503918
57400000000	502581
57500000000	502399
57600000000	503024
57700000000	502645
57800000000	501625
57900000000	502667
58000000000	502435
58100000000	503321
58200000000	503591
58300000000	502773
58400000000	502943
58500000000	501736
58600000000	503043
58700000000	503288
58800000000	502416
58900000000	503896
59000000000	502872
59100000000	503763
59200000000	503813
59300000000	503347
59400000000	503116
59500000000	503608
59600000000	502767
59700000000	503170
59800000000	502640
59900000000	501825
60000000000	503584
60100000000	503821
60200000000	503325
60300000000	502116
60400000000	503804
60500000000	503204
60600000000	502775
60700000000	503087
60800000000	503489
60900000000	504161
61000000000	502629
61100000000	504608
61200000000	503410
61300000000	502296
61400000000	504244
61500000000	502182
61600000000	503110
61700000000	504707
61800000000	504435
61900000000	503200
62000000000	503240
62100000000	502108
62200000000	502970
62300000000	502052
62400000000	502787
62500000000	502347
62600000000	503256
62700000000	503055
62800000000	502905
62900000000	503503
63000000000	503239
63100000000	502828
63200000000	503392
63300000000	504195
63400000000	502165
63500000000	503559
63600000000	503184
63700000000	502757
63800000000	504010
63900000000	502486
64000000000	502833
64100000000	503399
64200000000	502994
64300000000	502707
64400000000	502964
64500000000	502701
64600000000	502717
64700000000	503505
64800000000	503359
64900000000	503918
65000000000	502722
65100000000	502586
65200000000	502157
65300000000	504660
65400000000	502741
65500000000	502102
65600000000	503141
65700000000	502840
65800000000	502769
65900000000	503307
66000000000	503086
66100000000	503469
66200000000	503087
66300000000	503395
66400000000	502075
66500000000	503369
66600000000	503533
66700000000	503980
66800000000	502215
66900000000	502516
67000000000	502719
67100000000	503231
67200000000	503370
67300000000	503564
67400000000	504126
67500000000	503367
67600000000	502881
67700000000	503311
67800000000	502374
67900000000	502917
68000000000	503622
68100000000	501814
68200000000	503412
68300000000	503955
68400000000	502492
68500000000	502899
68600000000	503162
68700000000	503404
68800000000	503275
68900000000	503249
69000000000	502691
69100000000	503384
69200000000	503676
69300000000	503114
69400000000	502440
69500000000	503276
69600000000	502961
69700000000	502453
69800000000	503053
69900000000	503660
70000000000	503140
70100000000	502690
70200000000	504153
70300000000	503085
70400000000	503013
70500000000	503677
70600000000	502898
70700000000	502453
70800000000	503721
70900000000	503023
71000000000	503370
71100000000	503464
71200000000	503328
71300000000	503257
71400000000	502327
71500000000	503148
71600000000	503088
71700000000	503471
71800000000	503525
71900000000	503869
72000000000	502428
72100000000	503139
72200000000	503804
72300000000	502480
72400000000	503057
72500000000	503426
72600000000	502499
72700000000	503569
72800000000	503795
72900000000	502438
73000000000	504393
73100000000	503322
73200000000	503363
73300000000	503071
73400000000	501879
73500000000	502949
73600000000	503745
73700000000	502238
73800000000	503762
73900000000	503303
74000000000	503819
74100000000	502629
74200000000	502849
74300000000	503730
74400000000	502244
74500000000	502721
74600000000	503539
74700000000	504016
74800000000	503082
74900000000	504345
75000000000	503255
75100000000	501840
75200000000	501132
75300000000	503182
75400000000	502076
75500000000	501950
75600000000	502074
75700000000	501945
75800000000	502330
75900000000	501319
76000000000	501256
76100000000	499778
76200000000	502013
76300000000	502042
76400000000	499913
76500000000	501025
76600000000	501347
76700000000	500941
76800000000	501374
76900000000	501682
77000000000	501453
77100000000	502525
77200000000	500450
77300000000	501352
77400000000	501210
77500000000	501586
77600000000	501936
77700000000	500975
77800000000	501695
77900000000	501327
78000000000	500802
78100000000	500713
78200000000	500714
78300000000	502075
78400000000	502071
78500000000	500908
78600000000	501378
78700000000	500908
78800000000	500907
78900000000	500726
79000000000	501724
79100000000	501507
79200000000	501218
79300000000	502293
79400000000	500811
79500000000	501438
79600000000	500519
79700000000	501450
79800000000	502463
79900000000	501275
80000000000	500009
80100000000	500110
80200000000	501449
80300000000	499879
80400000000	500228
80500000000	500826
80600000000	501062
80700000000	501059
80800000000	500192
80900000000	501314
81000000000	500962
81100000000	500349
81200000000	501373
81300000000	501515
81400000000	501173
81500000000	500647
81600000000	501742
81700000000	501105
81800000000	500728
81900000000	500792
82000000000	500649
82100000000	501660
82200000000	500462
82300000000	501097
82400000000	501241
82500000000	500084
82600000000	501288
82700000000	500483
82800000000	502096
82900000000	500638
83000000000	501488
83100000000	501459
83200000000	501163
83300000000	500986
83400000000	500172
83500000000	500713
83600000000	501063
83700000000	499865
83800000000	500097
83900000000	500377
84000000000	499573
84100000000	500422
84200000000	501105
84300000000	501537
84400000000	499948
84500000000	500455
84600000000	500776
84700000000	499889
84800000000	500033
84900000000	499720
85000000000	500700
85100000000	501335
85200000000	500221
85300000000	500794
85400000000	500541
85500000000	500922
85600000000	502254
85700000000	501272
85800000000	500647
85900000000	500067
86000000000	500836
86100000000	499342
86200000000	501188
86300000000	500143
86400000000	499142
86500000000	500345
86600000000	501722
86700000000	499890
86800000000	499933
86900000000	502010
87000000000	500640
87100000000	501812
87200000000	500392
87300000000	500171
87400000000	500762
87500000000	500648
87600000000	500257
87700000000	500728
87800000000	500989
87900000000	500561
88000000000	500957
88100000000	500045
88200000000	500735
88300000000	501209
88400000000	500299
88500000000	500138
88600000000	500401
88700000000	499113
88800000000	500150
88900000000	501232
89000000000	500718
89100000000	501232
89200000000	499861
89300000000	500747
89400000000	501597
89500000000	499823
89600000000	500458
89700000000	501234
89800000000	502667
89900000000	500211
90000000000	501265
90100000000	499400
90200000000	499772
90300000000	501239
90400000000	499562
90500000000	500613
90600000000	501139
90700000000	500063
90800000000	500806
90900000000	500994
91000000000	499831
91100000000	500112
91200000000	500392
91300000000	499890
91400000000	499727
91500000000	500301
91600000000	500946
91700000000	500455
91800000000	500585
91900000000	500572
92000000000	499804
92100000000	500762
92200000000	500619
92300000000	500435
92400000000	501692
92500000000	501861
92600000000	500709
92700000000	500651
92800000000	499829
92900000000	499484
93000000000	501276
93100000000	499748
93200000000	501035
93300000000	499998
93400000000	500519
93500000000	500281
93600000000	501523
93700000000	500984
93800000000	500132
93900000000	500123
94000000000	499953
94100000000	500487
94200000000	499291
94300000000	500518
94400000000	498876
94500000000	501341
94600000000	500580
94700000000	501285
94800000000	502188
94900000000	499729
95000000000	500095
95100000000	499972
95200000000	499402
95300000000	499483
95400000000	499886
95500000000	500356
95600000000	501060
95700000000	500605
95800000000	500608
95900000000	499547
96000000000	499933
96100000000	499883
96200000000	501244
96300000000	501498
96400000000	501175
96500000000	499412
96600000000	499766
96700000000	500036
96800000000	500253
96900000000	500982
97000000000	498436
97100000000	500372
97200000000	499766
97300000000	500432
97400000000	499642
97500000000	499991
97600000000	499978
97700000000	499269
97800000000	501267
97900000000	499760
98000000000	499841
98100000000	499931
98200000000	501328
98300000000	500315
98400000000	499797
98500000000	499763
98600000000	499898
98700000000	499995
98800000000	500614
98900000000	500114
99000000000	500719
99100000000	500641
99200000000	499796
99300000000	500871
99400000000	501414
99500000000	499639
99600000000	501139
99700000000	499896
99800000000	499098
99900000000	500462
