"Time (ps)"	"Counts per bin"
0	56
1000000	42
2000000	17
3000000	7
4000000	0
5000000	0
6000000	0
7000000	2
8000000	1
9000000	0
10000000	0
11000000	0
12000000	0
13000000	2
14000000	1
15000000	0
16000000	0
17000000	1
18000000	0
19000000	0
20000000	0
21000000	2
22000000	0
23000000	3
24000000	0
25000000	0
26000000	0
27000000	0
28000000	3
29000000	2
30000000	0
31000000	1
32000000	0
33000000	0
34000000	0
35000000	0
36000000	2
37000000	2
38000000	0
39000000	0
40000000	0
41000000	1
42000000	1
43000000	0
44000000	2
45000000	1
46000000	0
47000000	0
48000000	0
49000000	0
50000000	0
51000000	1
52000000	1
53000000	1
54000000	1
55000000	0
56000000	0
57000000	0
58000000	0
59000000	0
60000000	0
61000000	0
62000000	0
63000000	2
64000000	2
65000000	0
66000000	0
67000000	1
68000000	2
69000000	0
70000000	0
71000000	0
72000000	2
73000000	0
74000000	0
75000000	2
76000000	0
77000000	0
78000000	3
79000000	0
80000000	1
81000000	1
82000000	0
83000000	0
84000000	4
85000000	3
86000000	0
87000000	0
88000000	1
89000000	1
90000000	0
91000000	2
92000000	0
93000000	0
94000000	1
95000000	3
96000000	1
97000000	1
98000000	1
99000000	0
100000000	0
101000000	2
102000000	0
103000000	1
104000000	3
105000000	1
106000000	0
107000000	1
108000000	3
109000000	0
110000000	1
111000000	0
112000000	1
113000000	0
114000000	0
115000000	1
116000000	1
117000000	1
118000000	3
119000000	0
120000000	0
121000000	0
122000000	0
123000000	0
124000000	0
125000000	0
126000000	0
127000000	2
128000000	0
129000000	1
130000000	1
131000000	0
132000000	1
133000000	2
134000000	2
135000000	0
136000000	3
137000000	1
138000000	1
139000000	1
140000000	1
141000000	1
142000000	1
143000000	0
144000000	0
145000000	0
146000000	0
147000000	0
148000000	0
149000000	0
150000000	2
151000000	0
152000000	1
153000000	0
154000000	1
155000000	0
156000000	0
157000000	2
158000000	0
159000000	2
160000000	4
161000000	0
162000000	1
163000000	1
164000000	1
165000000	0
166000000	0
167000000	1
168000000	0
169000000	0
170000000	0
171000000	0
172000000	0
173000000	2
174000000	3
175000000	1
176000000	1
177000000	1
178000000	1
179000000	0
180000000	1
181000000	0
182000000	0
183000000	0
184000000	0
185000000	1
186000000	2
187000000	1
188000000	1
189000000	2
190000000	1
191000000	1
192000000	0
193000000	1
194000000	1
195000000	0
196000000	1
197000000	0
198000000	0
199000000	0
200000000	0
201000000	1
202000000	2
203000000	0
204000000	1
205000000	0
206000000	1
207000000	0
208000000	0
209000000	0
210000000	1
211000000	0
212000000	0
213000000	0
214000000	0
215000000	1
216000000	1
217000000	1
218000000	0
219000000	0
220000000	0
221000000	0
222000000	3
223000000	0
224000000	1
225000000	1
226000000	2
227000000	2
228000000	0
229000000	0
230000000	0
231000000	2
232000000	0
233000000	2
234000000	0
235000000	0
236000000	1
237000000	1
238000000	0
239000000	1
240000000	1
241000000	0
242000000	0
243000000	2
244000000	0
245000000	1
246000000	1
247000000	0
248000000	0
249000000	2
250000000	0
251000000	1
252000000	1
253000000	0
254000000	0
255000000	0
256000000	0
257000000	0
258000000	1
259000000	0
260000000	0
261000000	0
262000000	3
263000000	0
264000000	0
265000000	1
266000000	1
267000000	2
268000000	0
269000000	3
270000000	1
271000000	3
272000000	1
273000000	1
274000000	0
275000000	1
276000000	0
277000000	0
278000000	1
279000000	0
280000000	0
281000000	0
282000000	1
283000000	2
284000000	1
285000000	1
286000000	3
287000000	1
288000000	0
289000000	1
290000000	1
291000000	0
292000000	0
293000000	0
294000000	2
295000000	0
296000000	0
297000000	1
298000000	2
299000000	0
300000000	1
301000000	0
302000000	0
303000000	0
304000000	2
305000000	0
306000000	0
307000000	2
308000000	0
309000000	1
310000000	0
311000000	2
312000000	0
313000000	0
314000000	1
315000000	2
316000000	1
317000000	0
318000000	1
319000000	1
320000000	0
321000000	0
322000000	0
323000000	0
324000000	2
325000000	0
326000000	0
327000000	0
328000000	0
329000000	0
330000000	0
331000000	1
332000000	1
333000000	0
334000000	1
335000000	0
336000000	2
337000000	1
338000000	0
339000000	0
340000000	1
341000000	3
342000000	3
343000000	0
344000000	2
345000000	0
346000000	0
347000000	0
348000000	0
349000000	0
350000000	1
351000000	0
352000000	0
353000000	0
354000000	0
355000000	0
356000000	0
357000000	0
358000000	1
359000000	1
360000000	0
361000000	2
362000000	1
363000000	0
364000000	0
365000000	1
366000000	2
367000000	0
368000000	0
369000000	0
370000000	2
371000000	1
372000000	0
373000000	0
374000000	0
375000000	0
376000000	1
377000000	1
378000000	2
379000000	2
380000000	1
381000000	0
382000000	0
383000000	0
384000000	2
385000000	1
386000000	1
387000000	1
388000000	0
389000000	0
390000000	0
391000000	2
392000000	0
393000000	3
394000000	1
395000000	3
396000000	1
397000000	0
398000000	0
399000000	0
400000000	0
401000000	0
402000000	0
403000000	2
404000000	0
405000000	0
406000000	2
407000000	1
408000000	0
409000000	0
410000000	0
411000000	0
412000000	1
413000000	0
414000000	3
415000000	1
416000000	0
417000000	0
418000000	0
419000000	0
420000000	0
421000000	0
422000000	0
423000000	0
424000000	0
425000000	0
426000000	2
427000000	1
428000000	0
429000000	2
430000000	0
431000000	0
432000000	2
433000000	2
434000000	0
435000000	1
436000000	1
437000000	0
438000000	2
439000000	0
440000000	1
441000000	1
442000000	1
443000000	0
444000000	3
445000000	3
446000000	0
447000000	2
448000000	1
449000000	1
450000000	1
451000000	0
452000000	1
453000000	0
454000000	1
455000000	0
456000000	1
457000000	0
458000000	2
459000000	0
460000000	0
461000000	1
462000000	0
463000000	4
464000000	1
465000000	0
466000000	1
467000000	3
468000000	0
469000000	0
470000000	0
471000000	1
472000000	1
473000000	2
474000000	0
475000000	0
476000000	0
477000000	0
478000000	0
479000000	2
480000000	1
481000000	0
482000000	0
483000000	4
484000000	3
485000000	1
486000000	2
487000000	0
488000000	1
489000000	0
490000000	0
491000000	0
492000000	0
493000000	1
494000000	1
495000000	2
496000000	0
497000000	2
498000000	0
499000000	0
500000000	0
501000000	0
502000000	2
503000000	0
504000000	0
505000000	1
506000000	1
507000000	0
508000000	0
509000000	0
510000000	0
511000000	0
512000000	1
513000000	0
514000000	0
515000000	2
516000000	0
517000000	1
518000000	0
519000000	0
520000000	0
521000000	0
522000000	1
523000000	2
524000000	0
525000000	0
526000000	0
527000000	0
528000000	0
529000000	0
530000000	1
531000000	0
532000000	1
533000000	0
534000000	0
535000000	0
536000000	0
537000000	0
538000000	1
539000000	0
540000000	2
541000000	0
542000000	0
543000000	0
544000000	0
545000000	0
546000000	1
547000000	2
548000000	3
549000000	1
550000000	0
551000000	0
552000000	0
553000000	2
554000000	1
555000000	2
556000000	1
557000000	1
558000000	1
559000000	0
560000000	2
561000000	0
562000000	1
563000000	1
564000000	1
565000000	0
566000000	1
567000000	1
568000000	0
569000000	0
570000000	1
571000000	0
572000000	0
573000000	1
574000000	1
575000000	0
576000000	0
577000000	2
578000000	0
579000000	1
580000000	2
581000000	1
582000000	1
583000000	1
584000000	2
585000000	1
586000000	1
587000000	1
588000000	0
589000000	2
590000000	1
591000000	1
592000000	0
593000000	2
594000000	0
595000000	0
596000000	1
597000000	2
598000000	0
599000000	1
600000000	1
601000000	0
602000000	0
603000000	0
604000000	0
605000000	0
606000000	0
607000000	0
608000000	0
609000000	0
610000000	0
611000000	0
612000000	3
613000000	0
614000000	0
615000000	0
616000000	0
617000000	0
618000000	3
619000000	0
620000000	2
621000000	0
622000000	0
623000000	1
624000000	2
625000000	0
626000000	0
627000000	0
628000000	1
629000000	1
630000000	1
631000000	0
632000000	0
633000000	0
634000000	1
635000000	1
636000000	1
637000000	0
638000000	0
639000000	3
640000000	1
641000000	2
642000000	2
643000000	1
644000000	0
645000000	1
646000000	0
647000000	1
648000000	0
649000000	1
650000000	2
651000000	2
652000000	1
653000000	4
654000000	0
655000000	0
656000000	0
657000000	0
658000000	3
659000000	0
660000000	0
661000000	2
662000000	1
663000000	0
664000000	0
665000000	0
666000000	1
667000000	1
668000000	0
669000000	0
670000000	0
671000000	0
672000000	0
673000000	0
674000000	1
675000000	1
676000000	1
677000000	2
678000000	0
679000000	1
680000000	0
681000000	0
682000000	2
683000000	0
684000000	0
685000000	0
686000000	2
687000000	1
688000000	1
689000000	0
690000000	3
691000000	0
692000000	0
693000000	1
694000000	1
695000000	2
696000000	0
697000000	0
698000000	0
699000000	2
700000000	0
701000000	1
702000000	0
703000000	1
704000000	0
705000000	1
706000000	1
707000000	1
708000000	0
709000000	2
710000000	0
711000000	1
712000000	3
713000000	2
714000000	0
715000000	0
716000000	1
717000000	1
718000000	0
719000000	0
720000000	0
721000000	0
722000000	2
723000000	0
724000000	0
725000000	1
726000000	0
727000000	1
728000000	2
729000000	0
730000000	0
731000000	0
732000000	0
733000000	1
734000000	1
735000000	1
736000000	0
737000000	1
738000000	0
739000000	0
740000000	2
741000000	2
742000000	0
743000000	0
744000000	0
745000000	0
746000000	1
747000000	1
748000000	2
749000000	0
750000000	1
751000000	1
752000000	0
753000000	0
754000000	0
755000000	1
756000000	2
757000000	1
758000000	0
759000000	0
760000000	2
761000000	3
762000000	1
763000000	1
764000000	1
765000000	1
766000000	1
767000000	0
768000000	1
769000000	1
770000000	0
771000000	0
772000000	0
773000000	0
774000000	0
775000000	1
776000000	0
777000000	0
778000000	0
779000000	0
780000000	1
781000000	0
782000000	0
783000000	0
784000000	0
785000000	0
786000000	0
787000000	1
788000000	0
789000000	0
790000000	1
791000000	1
792000000	1
793000000	3
794000000	0
795000000	0
796000000	1
797000000	0
798000000	1
799000000	0
800000000	1
801000000	1
802000000	1
803000000	1
804000000	1
805000000	1
806000000	0
807000000	2
808000000	1
809000000	0
810000000	1
811000000	1
812000000	1
813000000	2
814000000	0
815000000	0
816000000	0
817000000	1
818000000	0
819000000	0
820000000	0
821000000	1
822000000	2
823000000	0
824000000	1
825000000	0
826000000	1
827000000	0
828000000	0
829000000	2
830000000	0
831000000	0
832000000	1
833000000	0
834000000	1
835000000	2
836000000	2
837000000	0
838000000	0
839000000	0
840000000	3
841000000	1
842000000	2
843000000	2
844000000	1
845000000	1
846000000	0
847000000	0
848000000	0
849000000	2
850000000	2
851000000	0
852000000	1
853000000	1
854000000	0
855000000	1
856000000	0
857000000	0
858000000	1
859000000	1
860000000	1
861000000	1
862000000	0
863000000	2
864000000	2
865000000	0
866000000	1
867000000	0
868000000	1
869000000	0
870000000	1
871000000	1
872000000	1
873000000	0
874000000	1
875000000	0
876000000	0
877000000	0
878000000	1
879000000	0
880000000	1
881000000	2
882000000	0
883000000	2
884000000	1
885000000	1
886000000	0
887000000	0
888000000	0
889000000	0
890000000	0
891000000	2
892000000	1
893000000	0
894000000	0
895000000	1
896000000	0
897000000	1
898000000	1
899000000	0
900000000	0
901000000	1
902000000	0
903000000	0
904000000	0
905000000	0
906000000	0
907000000	1
908000000	0
909000000	1
910000000	1
911000000	0
912000000	0
913000000	1
914000000	1
915000000	0
916000000	1
917000000	0
918000000	0
919000000	0
920000000	1
921000000	0
922000000	2
923000000	1
924000000	2
925000000	0
926000000	1
927000000	1
928000000	1
929000000	0
930000000	0
931000000	0
932000000	1
933000000	0
934000000	1
935000000	2
936000000	1
937000000	0
938000000	1
939000000	0
940000000	1
941000000	1
942000000	3
943000000	0
944000000	1
945000000	1
946000000	0
947000000	0
948000000	0
949000000	1
950000000	0
951000000	1
952000000	1
953000000	1
954000000	0
955000000	0
956000000	0
957000000	0
958000000	1
959000000	0
960000000	2
961000000	0
962000000	0
963000000	3
964000000	0
965000000	0
966000000	0
967000000	2
968000000	0
969000000	2
970000000	1
971000000	3
972000000	0
973000000	0
974000000	0
975000000	0
976000000	0
977000000	1
978000000	0
979000000	0
980000000	0
981000000	2
982000000	0
983000000	0
984000000	0
985000000	0
986000000	1
987000000	0
988000000	0
989000000	0
990000000	1
991000000	0
992000000	0
993000000	0
994000000	0
995000000	1
996000000	1
997000000	0
998000000	0
999000000	1
