"Time (ps)"	"Counts per bin"
0	509643
100000000	514461
200000000	514958
300000000	516317
400000000	514507
500000000	514068
600000000	514932
700000000	514435
800000000	514377
900000000	514447
1000000000	514222
1100000000	513518
1200000000	515067
1300000000	512855
1400000000	513212
1500000000	512255
1600000000	511609
1700000000	512634
1800000000	510638
1900000000	511457
2000000000	513182
2100000000	512003
2200000000	510993
2300000000	510154
2400000000	510294
2500000000	511897
2600000000	511346
2700000000	510950
2800000000	512004
2900000000	511735
3000000000	510210
3100000000	510394
3200000000	510477
3300000000	510000
3400000000	511099
3500000000	511027
3600000000	510675
3700000000	511832
3800000000	510991
3900000000	511015
4000000000	510911
4100000000	512000
4200000000	511521
4300000000	511124
4400000000	513110
4500000000	512381
4600000000	511578
4700000000	513273
4800000000	514031
4900000000	514137
5000000000	512652
5100000000	514046
5200000000	512727
5300000000	514799
5400000000	514417
5500000000	513777
5600000000	513794
5700000000	512978
5800000000	516522
5900000000	515347
6000000000	515444
6100000000	516532
6200000000	515821
6300000000	516855
6400000000	515421
6500000000	516847
6600000000	516641
6700000000	516126
6800000000	516552
6900000000	514925
7000000000	516254
7100000000	516001
7200000000	515761
7300000000	515479
7400000000	515647
7500000000	515202
7600000000	514860
7700000000	514372
7800000000	514406
7900000000	513982
8000000000	514523
8100000000	513935
8200000000	512680
8300000000	513792
8400000000	513517
8500000000	512978
8600000000	513246
8700000000	512126
8800000000	512931
8900000000	512469
9000000000	511601
9100000000	512027
9200000000	511497
9300000000	512536
9400000000	510925
9500000000	510996
9600000000	512019
9700000000	511463
9800000000	511181
9900000000	511969
10000000000	511137
10100000000	512181
10200000000	512271
10300000000	511285
10400000000	511507
10500000000	511853
10600000000	511375
10700000000	511178
10800000000	512691
10900000000	512366
11000000000	512070
11100000000	511860
11200000000	512179
11300000000	512292
11400000000	511318
11500000000	511307
11600000000	511905
11700000000	513056
11800000000	514641
11900000000	513845
12000000000	512580
12100000000	513422
12200000000	514816
12300000000	514974
12400000000	514840
12500000000	514063
12600000000	514475
12700000000	515522
12800000000	516544
12900000000	516204
13000000000	516786
13100000000	515540
13200000000	516724
13300000000	516403
13400000000	515853
13500000000	516137
13600000000	517111
13700000000	517091
13800000000	516534
13900000000	517281
14000000000	515092
14100000000	516206
14200000000	517216
14300000000	516976
14400000000	516803
14500000000	515666
14600000000	516385
14700000000	515400
14800000000	514243
14900000000	515882
15000000000	516406
15100000000	514438
15200000000	515670
15300000000	514672
15400000000	513697
15500000000	513609
15600000000	513043
15700000000	513199
15800000000	513093
15900000000	513185
16000000000	513820
16100000000	511815
16200000000	511876
16300000000	512364
16400000000	512100
16500000000	511284
16600000000	511180
16700000000	511798
16800000000	512393
16900000000	511441
17000000000	511096
17100000000	510976
17200000000	511707
17300000000	510180
17400000000	510134
17500000000	510870
17600000000	510905
17700000000	511955
17800000000	512084
17900000000	512720
18000000000	511338
18100000000	511328
18200000000	511971
18300000000	511185
18400000000	512880
18500000000	510439
18600000000	512640
18700000000	514154
18800000000	511921
18900000000	513113
19000000000	512918
19100000000	514515
19200000000	515091
19300000000	514622
19400000000	513545
19500000000	513697
19600000000	513818
19700000000	514646
19800000000	513769
19900000000	514102
20000000000	514331
20100000000	514997
20200000000	515657
20300000000	514683
20400000000	515345
20500000000	515495
20600000000	516450
20700000000	515506
20800000000	515818
20900000000	518512
21000000000	516672
21100000000	518079
21200000000	517028
21300000000	517532
21400000000	516006
21500000000	516195
21600000000	518493
21700000000	517011
21800000000	515835
21900000000	515870
22000000000	515098
22100000000	515056
22200000000	513088
22300000000	514557
22400000000	514700
22500000000	514422
22600000000	514063
22700000000	512558
22800000000	514012
22900000000	512864
23000000000	513158
23100000000	513962
23200000000	512104
23300000000	512309
23400000000	513078
23500000000	512843
23600000000	512616
23700000000	512977
23800000000	512442
23900000000	511783
24000000000	510730
24100000000	512059
24200000000	512603
24300000000	511913
24400000000	511068
24500000000	511801
24600000000	511130
24700000000	512952
24800000000	511302
24900000000	511617
25000000000	511630
25100000000	509168
25200000000	506921
25300000000	506930
25400000000	505951
25500000000	505384
25600000000	505604
25700000000	504616
25800000000	505293
25900000000	506598
26000000000	505761
26100000000	505934
26200000000	506889
26300000000	506361
26400000000	506821
26500000000	506420
26600000000	505755
26700000000	506216
26800000000	508237
26900000000	506704
27000000000	505058
27100000000	505987
27200000000	506980
27300000000	506945
27400000000	506455
27500000000	507098
27600000000	508098
27700000000	508095
27800000000	509169
27900000000	508247
28000000000	508678
28100000000	508663
28200000000	507920
28300000000	507880
28400000000	507585
28500000000	507436
28600000000	508767
28700000000	505792
28800000000	507336
28900000000	506228
29000000000	504425
29100000000	507101
29200000000	505060
29300000000	505987
29400000000	504396
29500000000	504450
29600000000	503074
29700000000	505257
29800000000	503599
29900000000	501992
30000000000	501634
30100000000	503138
30200000000	502125
30300000000	502926
30400000000	502141
30500000000	501343
30600000000	501593
30700000000	501168
30800000000	502184
30900000000	499739
31000000000	501163
31100000000	499913
31200000000	499511
31300000000	499048
31400000000	499168
31500000000	498560
31600000000	499755
31700000000	501197
31800000000	501510
31900000000	500353
32000000000	499577
32100000000	499719
32200000000	499653
32300000000	500674
32400000000	500308
32500000000	500967
32600000000	501322
32700000000	501639
32800000000	502050
32900000000	501119
33000000000	501807
33100000000	500161
33200000000	501727
33300000000	502863
33400000000	503478
33500000000	503657
33600000000	502955
33700000000	502950
33800000000	503037
33900000000	502744
34000000000	501923
34100000000	502523
34200000000	502685
34300000000	504896
34400000000	504006
34500000000	504095
34600000000	505364
34700000000	505136
34800000000	504859
34900000000	503347
35000000000	503608
35100000000	504413
35200000000	503508
35300000000	504218
35400000000	505070
35500000000	504126
35600000000	503466
35700000000	503580
35800000000	504349
35900000000	502801
36000000000	503217
36100000000	502029
36200000000	501635
36300000000	501821
36400000000	500370
36500000000	500684
36600000000	501164
36700000000	501078
36800000000	501397
36900000000	500814
37000000000	500983
37100000000	499162
37200000000	501544
37300000000	498568
37400000000	500228
37500000000	500931
37600000000	500433
37700000000	499201
37800000000	499474
37900000000	499829
38000000000	499456
38100000000	500087
38200000000	498342
38300000000	499293
38400000000	498699
38500000000	499211
38600000000	499548
38700000000	497882
38800000000	498937
38900000000	497504
39000000000	498705
39100000000	498610
39200000000	500123
39300000000	500036
39400000000	500656
39500000000	498891
39600000000	499750
39700000000	499252
39800000000	500356
39900000000	499899
40000000000	499099
40100000000	500822
40200000000	499958
40300000000	501342
40400000000	500372
40500000000	500805
40600000000	500282
40700000000	502316
40800000000	501013
40900000000	501207
41000000000	501367
41100000000	502023
41200000000	502477
41300000000	501663
41400000000	502692
41500000000	503004
41600000000	502565
41700000000	502576
41800000000	502390
41900000000	504558
42000000000	503457
42100000000	505774
42200000000	506282
42300000000	504488
42400000000	503604
42500000000	503567
42600000000	503528
42700000000	501622
42800000000	503450
42900000000	503496
43000000000	503888
43100000000	502657
43200000000	503311
43300000000	501497
43400000000	503462
43500000000	501743
43600000000	503092
43700000000	503193
43800000000	501006
43900000000	500965
44000000000	500072
44100000000	501815
44200000000	500193
44300000000	500543
44400000000	501231
44500000000	499848
44600000000	500172
44700000000	498725
44800000000	499647
44900000000	499096
45000000000	499048
45100000000	498296
45200000000	498010
45300000000	498589
45400000000	498080
45500000000	496773
45600000000	498194
45700000000	498467
45800000000	499137
45900000000	498814
46000000000	497224
46100000000	497198
46200000000	497680
46300000000	498184
46400000000	498939
46500000000	497268
46600000000	497798
46700000000	498373
46800000000	497331
46900000000	498440
47000000000	497743
47100000000	498611
47200000000	498660
47300000000	499801
47400000000	498476
47500000000	500439
47600000000	498709
47700000000	499450
47800000000	499643
47900000000	500465
48000000000	500733
48100000000	500136
48200000000	500192
48300000000	500443
48400000000	502003
48500000000	500210
48600000000	501598
48700000000	500126
48800000000	501044
48900000000	501123
49000000000	501265
49100000000	501618
49200000000	502632
49300000000	502635
49400000000	503009
49500000000	502298
49600000000	502391
49700000000	503510
49800000000	503207
49900000000	502246
50000000000	509426
50100000000	514326
50200000000	514768
50300000000	516282
50400000000	514630
50500000000	513813
50600000000	515083
50700000000	514486
50800000000	514263
50900000000	514355
51000000000	514303
51100000000	513378
51200000000	515188
51300000000	512743
51400000000	513261
51500000000	511971
51600000000	511783
51700000000	512577
51800000000	510707
51900000000	511264
52000000000	513427
52100000000	511644
52200000000	511147
52300000000	509998
52400000000	510338
52500000000	511966
52600000000	511032
52700000000	511082
52800000000	511917
52900000000	511681
53000000000	510269
53100000000	510352
53200000000	510570
53300000000	509642
53400000000	511164
53500000000	510941
53600000000	510535
53700000000	511961
53800000000	510964
53900000000	510939
54000000000	510953
54100000000	511931
54200000000	511407
54300000000	511430
54400000000	512487
54500000000	512602
54600000000	511635
54700000000	512907
54800000000	514074
54900000000	514154
55000000000	512709
55100000000	513913
55200000000	512848
55300000000	514701
55400000000	514562
55500000000	513622
55600000000	513905
55700000000	512954
55800000000	516208
55900000000	515497
56000000000	515322
56100000000	516324
56200000000	515857
56300000000	516801
56400000000	515221
56500000000	516868
56600000000	516696
56700000000	516234
56800000000	516354
56900000000	514922
57000000000	516065
57100000000	516159
57200000000	515576
57300000000	515807
57400000000	515442
57500000000	515165
57600000000	514777
57700000000	514443
57800000000	514263
57900000000	514112
58000000000	514306
58100000000	513801
58200000000	512700
58300000000	513696
58400000000	513322
58500000000	513160
58600000000	513079
58700000000	512373
58800000000	512658
58900000000	512577
59000000000	511491
59100000000	511961
59200000000	511415
59300000000	512681
59400000000	510830
59500000000	511019
59600000000	511967
59700000000	511251
59800000000	511192
59900000000	511810
60000000000	510925
60100000000	512369
60200000000	512324
60300000000	511376
60400000000	511416
60500000000	511811
60600000000	511293
60700000000	510902
60800000000	512947
60900000000	512206
61000000000	512103
61100000000	511771
61200000000	512097
61300000000	512292
61400000000	511335
61500000000	511194
61600000000	511832
61700000000	513148
61800000000	514615
61900000000	513761
62000000000	512558
62100000000	513204
62200000000	514924
62300000000	514983
62400000000	514743
62500000000	513913
62600000000	514697
62700000000	515329
62800000000	516383
62900000000	516258
63000000000	516524
63100000000	515900
63200000000	516309
63300000000	516660
63400000000	515622
63500000000	516203
63600000000	517098
63700000000	516840
63800000000	516652
63900000000	517187
64000000000	515151
64100000000	516092
64200000000	517291
64300000000	516772
64400000000	516896
64500000000	515724
64600000000	516240
64700000000	515311
64800000000	514476
64900000000	515705
65000000000	516349
65100000000	514381
65200000000	515377
65300000000	514971
65400000000	513523
65500000000	513605
65600000000	513096
65700000000	513183
65800000000	512878
65900000000	513360
66000000000	513444
66100000000	511886
66200000000	511861
66300000000	512444
66400000000	512242
66500000000	511345
66600000000	510792
66700000000	511907
66800000000	512276
66900000000	511415
67000000000	511047
67100000000	511016
67200000000	511662
67300000000	510165
67400000000	509847
67500000000	510977
67600000000	510885
67700000000	511675
67800000000	512135
67900000000	512895
68000000000	511444
68100000000	511273
68200000000	511792
68300000000	511130
68400000000	512971
68500000000	510249
68600000000	512426
68700000000	514359
68800000000	511774
68900000000	513190
69000000000	512872
69100000000	514422
69200000000	515000
69300000000	514764
69400000000	513523
69500000000	513312
69600000000	514087
69700000000	514601
69800000000	513773
69900000000	513895
70000000000	514244
70100000000	514993
70200000000	515836
70300000000	514452
70400000000	515232
70500000000	515463
70600000000	516432
70700000000	515788
70800000000	515392
70900000000	518624
71000000000	516625
71100000000	517913
71200000000	516943
71300000000	517581
71400000000	516201
71500000000	516105
71600000000	518261
71700000000	517057
71800000000	515738
71900000000	515874
72000000000	514898
72100000000	515289
72200000000	513076
72300000000	514378
72400000000	514715
72500000000	514314
72600000000	514042
72700000000	512663
72800000000	513672
72900000000	513111
73000000000	512952
73100000000	513788
73200000000	512239
73300000000	512282
73400000000	513016
73500000000	512816
73600000000	512453
73700000000	513259
73800000000	512193
73900000000	511930
74000000000	510505
74100000000	512039
74200000000	512630
74300000000	511840
74400000000	511016
74500000000	511709
74600000000	511104
74700000000	513092
74800000000	511118
74900000000	511825
75000000000	511480
75100000000	508887
75200000000	507178
75300000000	506855
75400000000	505929
75500000000	505192
75600000000	505714
75700000000	504483
75800000000	505454
75900000000	506228
76000000000	505807
76100000000	506139
76200000000	506717
76300000000	506390
76400000000	506725
76500000000	506370
76600000000	505632
76700000000	506241
76800000000	508195
76900000000	506666
77000000000	505341
77100000000	505673
77200000000	506847
77300000000	506975
77400000000	506301
77500000000	507082
77600000000	508172
77700000000	508104
77800000000	508969
77900000000	508110
78000000000	508827
78100000000	508609
78200000000	508078
78300000000	507731
78400000000	507513
78500000000	507449
78600000000	508615
78700000000	505792
78800000000	507237
78900000000	506290
79000000000	504304
79100000000	507190
79200000000	504860
79300000000	506052
79400000000	504287
79500000000	504605
79600000000	502932
79700000000	505457
79800000000	503575
79900000000	501851
80000000000	501633
80100000000	502887
80200000000	502069
80300000000	503112
80400000000	502149
80500000000	501058
80600000000	501507
80700000000	501338
80800000000	502017
80900000000	499736
81000000000	501167
81100000000	500058
81200000000	499545
81300000000	498857
81400000000	498935
81500000000	498629
81600000000	499783
81700000000	501014
81800000000	501540
81900000000	500472
82000000000	499598
82100000000	499436
82200000000	499799
82300000000	500562
82400000000	500331
82500000000	500934
82600000000	501102
82700000000	501950
82800000000	501588
82900000000	501251
83000000000	501810
83100000000	500040
83200000000	501720
83300000000	502841
83400000000	503571
83500000000	503486
83600000000	502845
83700000000	502738
83800000000	503195
83900000000	502641
84000000000	502080
84100000000	502449
84200000000	502666
84300000000	504735
84400000000	504066
84500000000	503987
84600000000	505250
84700000000	505383
84800000000	504578
84900000000	503274
85000000000	503448
85100000000	504851
85200000000	503450
85300000000	503957
85400000000	505069
85500000000	503901
85600000000	503566
85700000000	503528
85800000000	504193
85900000000	503032
86000000000	503169
86100000000	502036
86200000000	501522
86300000000	501709
86400000000	500398
86500000000	500615
86600000000	501339
86700000000	500957
86800000000	501125
86900000000	500991
87000000000	501035
87100000000	499136
87200000000	501233
87300000000	498614
87400000000	500249
87500000000	501018
87600000000	500237
87700000000	499241
87800000000	499297
87900000000	499798
88000000000	499689
88100000000	499886
88200000000	498202
88300000000	499446
88400000000	498748
88500000000	498984
88600000000	499365
88700000000	497901
88800000000	498933
88900000000	497518
89000000000	498763
89100000000	498446
89200000000	499970
89300000000	500092
89400000000	500648
89500000000	499022
89600000000	499572
89700000000	499298
89800000000	500221
89900000000	500005
90000000000	499151
90100000000	500525
90200000000	500092
90300000000	501178
90400000000	500462
90500000000	500691
90600000000	500263
90700000000	502253
90800000000	500873
90900000000	501364
91000000000	501481
91100000000	501936
91200000000	502141
91300000000	501893
91400000000	502418
91500000000	503238
91600000000	502578
91700000000	502331
91800000000	502501
91900000000	504228
92000000000	503513
92100000000	505755
92200000000	506365
92300000000	504367
92400000000	503713
92500000000	503436
92600000000	503321
92700000000	501816
92800000000	503376
92900000000	503592
93000000000	503750
93100000000	502626
93200000000	503022
93300000000	501689
93400000000	503528
93500000000	501771
93600000000	502851
93700000000	502954
93800000000	501380
93900000000	500639
94000000000	499963
94100000000	501899
94200000000	500240
94300000000	500339
94400000000	501377
94500000000	499753
94600000000	500129
94700000000	498660
94800000000	499599
94900000000	499330
95000000000	498719
95100000000	498330
95200000000	498007
95300000000	498372
95400000000	498229
95500000000	496713
95600000000	498055
95700000000	498500
95800000000	498891
95900000000	499178
96000000000	497097
96100000000	497215
96200000000	497725
96300000000	498027
96400000000	498850
96500000000	497374
96600000000	497918
96700000000	497943
96800000000	497572
96900000000	498217
97000000000	497560
97100000000	498753
97200000000	498607
97300000000	499762
97400000000	498351
97500000000	500521
97600000000	498521
97700000000	499378
97800000000	499703
97900000000	500383
98000000000	500688
98100000000	500133
98200000000	500139
98300000000	500208
98400000000	502009
98500000000	500208
98600000000	501623
98700000000	499923
98800000000	501078
98900000000	500960
99000000000	501404
99100000000	501486
99200000000	502580
99300000000	502538
99400000000	503149
99500000000	502327
99600000000	502239
99700000000	503539
99800000000	503333
99900000000	501826
