"Time (ps)"	"Counts per bin"
0	296587
100000000	300342
200000000	301666
300000000	301051
400000000	300945
500000000	301741
600000000	302008
700000000	301376
800000000	301750
900000000	301927
1000000000	302715
1100000000	300532
1200000000	301361
1300000000	301979
1400000000	301114
1500000000	302031
1600000000	301686
1700000000	302337
1800000000	302658
1900000000	302171
2000000000	301195
2100000000	302416
2200000000	301106
2300000000	301379
2400000000	301618
2500000000	301202
2600000000	301638
2700000000	302763
2800000000	302871
2900000000	301545
3000000000	301968
3100000000	300717
3200000000	301403
3300000000	302201
3400000000	301875
3500000000	301460
3600000000	302032
3700000000	301951
3800000000	301313
3900000000	301655
4000000000	302575
4100000000	301546
4200000000	301786
4300000000	302008
4400000000	302058
4500000000	301624
4600000000	301150
4700000000	301309
4800000000	300975
4900000000	302124
5000000000	301950
5100000000	301071
5200000000	300841
5300000000	302207
5400000000	302660
5500000000	301538
5600000000	302033
5700000000	302589
5800000000	302059
5900000000	302533
6000000000	301443
6100000000	301920
6200000000	301285
6300000000	301160
6400000000	301873
6500000000	301904
6600000000	302547
6700000000	301322
6800000000	302204
6900000000	302620
7000000000	302228
7100000000	302190
7200000000	302368
7300000000	301357
7400000000	302816
7500000000	302820
7600000000	301452
7700000000	302001
7800000000	301235
7900000000	302249
8000000000	301774
8100000000	301404
8200000000	302002
8300000000	302367
8400000000	301597
8500000000	302505
8600000000	302294
8700000000	301150
8800000000	301547
8900000000	303030
9000000000	302139
9100000000	301859
9200000000	301975
9300000000	301659
9400000000	303022
9500000000	301942
9600000000	301595
9700000000	302990
9800000000	301921
9900000000	302626
10000000000	301501
10100000000	302301
10200000000	301106
10300000000	301995
10400000000	301253
10500000000	302304
10600000000	301406
10700000000	301018
10800000000	301675
10900000000	301339
11000000000	301598
11100000000	302035
11200000000	301432
11300000000	301154
11400000000	302372
11500000000	301279
11600000000	301189
11700000000	301440
11800000000	302378
11900000000	301167
12000000000	301760
12100000000	302078
12200000000	301905
12300000000	302642
12400000000	301248
12500000000	301711
12600000000	301255
12700000000	301262
12800000000	301501
12900000000	301988
13000000000	302190
13100000000	301069
13200000000	301141
13300000000	301929
13400000000	302616
13500000000	301449
13600000000	302057
13700000000	301716
13800000000	300607
13900000000	302046
14000000000	301040
14100000000	301178
14200000000	302591
14300000000	301658
14400000000	302361
14500000000	301730
14600000000	301167
14700000000	302721
14800000000	301767
14900000000	301596
15000000000	301615
15100000000	301705
15200000000	301871
15300000000	301212
15400000000	301705
15500000000	301752
15600000000	301733
15700000000	301890
15800000000	302170
15900000000	301683
16000000000	301556
16100000000	301605
16200000000	301861
16300000000	301758
16400000000	301741
16500000000	301525
16600000000	302538
16700000000	302079
16800000000	302085
16900000000	301676
17000000000	301692
17100000000	301322
17200000000	302468
17300000000	301500
17400000000	301461
17500000000	301564
17600000000	302451
17700000000	301769
17800000000	301971
17900000000	301919
18000000000	302332
18100000000	301448
18200000000	302907
18300000000	301675
18400000000	301281
18500000000	302338
18600000000	301492
18700000000	300809
18800000000	302087
18900000000	301371
19000000000	301945
19100000000	301480
19200000000	302421
19300000000	302112
19400000000	302003
19500000000	302552
19600000000	301615
19700000000	302180
19800000000	302915
19900000000	302022
20000000000	302688
20100000000	301691
20200000000	301273
20300000000	301557
20400000000	302878
20500000000	301143
20600000000	302406
20700000000	302012
20800000000	301773
20900000000	302785
21000000000	302312
21100000000	303279
21200000000	302761
21300000000	302858
21400000000	301751
21500000000	302741
21600000000	301968
21700000000	301961
21800000000	301915
21900000000	302642
22000000000	301695
22100000000	302833
22200000000	302069
22300000000	301479
22400000000	302320
22500000000	301670
22600000000	302406
22700000000	301359
22800000000	301518
22900000000	302589
23000000000	301866
23100000000	300831
23200000000	300609
23300000000	300900
23400000000	300465
23500000000	301166
23600000000	302693
23700000000	302524
23800000000	301479
23900000000	301910
24000000000	301774
24100000000	302518
24200000000	302013
24300000000	301043
24400000000	301428
24500000000	302192
24600000000	300967
24700000000	302598
24800000000	302604
24900000000	300499
25000000000	300695
25100000000	299664
25200000000	297851
25300000000	298291
25400000000	298324
25500000000	298061
25600000000	298294
25700000000	298305
25800000000	297556
25900000000	297936
26000000000	296782
26100000000	297628
26200000000	296464
26300000000	296983
26400000000	296990
26500000000	296851
26600000000	296916
26700000000	297016
26800000000	295983
26900000000	296147
27000000000	295518
27100000000	295868
27200000000	296903
27300000000	297079
27400000000	295808
27500000000	297196
27600000000	295971
27700000000	296373
27800000000	296449
27900000000	295931
28000000000	296643
28100000000	295967
28200000000	297142
28300000000	296149
28400000000	296571
28500000000	295837
28600000000	296171
28700000000	295509
28800000000	295582
28900000000	296272
29000000000	295071
29100000000	295841
29200000000	295214
29300000000	295780
29400000000	296061
29500000000	294695
29600000000	295934
29700000000	295478
29800000000	295433
29900000000	293994
30000000000	294682
30100000000	295085
30200000000	294873
30300000000	295142
30400000000	294980
30500000000	295343
30600000000	294579
30700000000	293860
30800000000	294992
30900000000	295379
31000000000	293918
31100000000	294524
31200000000	294708
31300000000	294570
31400000000	294703
31500000000	294585
31600000000	294729
31700000000	294588
31800000000	294788
31900000000	293757
32000000000	294748
32100000000	294783
32200000000	294435
32300000000	293985
32400000000	295474
32500000000	294208
32600000000	294491
32700000000	294042
32800000000	294640
32900000000	294159
33000000000	294103
33100000000	293914
33200000000	294711
33300000000	293911
33400000000	294728
33500000000	293817
33600000000	294748
33700000000	294250
33800000000	294299
33900000000	295069
34000000000	295094
34100000000	294478
34200000000	293023
34300000000	294064
34400000000	293589
34500000000	294602
34600000000	293825
34700000000	294442
34800000000	293539
34900000000	294564
35000000000	293716
35100000000	294222
35200000000	295236
35300000000	294152
35400000000	295475
35500000000	294573
35600000000	294798
35700000000	293503
35800000000	294277
35900000000	293890
36000000000	293291
36100000000	292870
36200000000	293807
36300000000	294380
36400000000	294847
36500000000	293740
36600000000	294888
36700000000	295984
36800000000	294321
36900000000	294277
37000000000	295365
37100000000	293105
37200000000	293942
37300000000	294974
37400000000	293955
37500000000	293808
37600000000	294144
37700000000	293272
37800000000	294125
37900000000	293973
38000000000	293155
38100000000	292765
38200000000	292981
38300000000	294961
38400000000	293467
38500000000	294314
38600000000	293557
38700000000	292956
38800000000	294072
38900000000	294071
39000000000	294465
39100000000	293512
39200000000	293016
39300000000	293375
39400000000	294526
39500000000	293870
39600000000	292884
39700000000	294697
39800000000	293192
39900000000	292847
40000000000	293726
40100000000	294715
40200000000	293620
40300000000	294330
40400000000	292776
40500000000	293110
40600000000	294431
40700000000	292889
40800000000	293181
40900000000	292827
41000000000	292905
41100000000	293204
41200000000	294129
41300000000	292754
41400000000	293238
41500000000	293132
41600000000	294353
41700000000	293086
41800000000	293552
41900000000	292466
42000000000	292638
42100000000	293925
42200000000	293118
42300000000	293394
42400000000	293269
42500000000	292531
42600000000	292493
42700000000	292913
42800000000	293659
42900000000	292686
43000000000	293287
43100000000	293290
43200000000	292819
43300000000	293240
43400000000	293513
43500000000	292434
43600000000	291938
43700000000	293749
43800000000	293687
43900000000	292825
44000000000	292951
44100000000	293428
44200000000	293557
44300000000	293184
44400000000	293740
44500000000	292531
44600000000	294158
44700000000	293839
44800000000	291815
44900000000	292683
45000000000	293238
45100000000	293259
45200000000	293353
45300000000	292986
45400000000	293588
45500000000	293203
45600000000	292655
45700000000	294035
45800000000	293084
45900000000	293903
46000000000	293010
46100000000	293408
46200000000	293191
46300000000	292709
46400000000	292576
46500000000	293142
46600000000	293043
46700000000	292482
46800000000	292873
46900000000	293144
47000000000	294011
47100000000	292828
47200000000	291663
47300000000	292616
47400000000	293220
47500000000	293461
47600000000	292476
47700000000	292091
47800000000	293347
47900000000	291836
48000000000	291782
48100000000	293601
48200000000	292530
48300000000	294112
48400000000	292855
48500000000	292084
48600000000	293041
48700000000	293252
48800000000	294192
48900000000	292591
49000000000	293387
49100000000	292888
49200000000	292972
49300000000	292460
49400000000	292683
49500000000	293656
49600000000	292678
49700000000	293570
49800000000	293018
49900000000	292621
50000000000	296379
50100000000	300310
50200000000	301569
50300000000	301089
50400000000	300984
50500000000	301606
50600000000	301928
50700000000	301519
50800000000	301670
50900000000	301909
51000000000	302650
51100000000	300592
51200000000	301234
51300000000	301968
51400000000	301045
51500000000	301955
51600000000	301658
51700000000	302515
51800000000	302414
51900000000	302035
52000000000	301410
52100000000	302307
52200000000	301319
52300000000	301061
52400000000	301706
52500000000	300845
52600000000	301807
52700000000	302858
52800000000	302742
52900000000	301641
53000000000	301811
53100000000	300757
53200000000	301277
53300000000	302237
53400000000	301983
53500000000	301220
53600000000	302079
53700000000	301915
53800000000	301223
53900000000	301683
54000000000	302475
54100000000	301543
54200000000	301671
54300000000	302013
54400000000	302217
54500000000	301425
54600000000	301078
54700000000	301392
54800000000	300994
54900000000	302102
55000000000	301891
55100000000	300961
55200000000	300774
55300000000	302235
55400000000	302742
55500000000	301359
55600000000	302182
55700000000	302427
55800000000	302070
55900000000	302380
56000000000	301547
56100000000	301874
56200000000	301233
56300000000	301139
56400000000	301822
56500000000	301847
56600000000	302602
56700000000	301313
56800000000	302199
56900000000	302306
57000000000	302345
57100000000	302300
57200000000	302312
57300000000	301388
57400000000	302773
57500000000	302813
57600000000	301274
57700000000	302168
57800000000	301132
57900000000	302061
58000000000	301837
58100000000	301489
58200000000	301940
58300000000	302407
58400000000	301447
58500000000	302455
58600000000	302261
58700000000	301192
58800000000	301599
58900000000	302865
59000000000	302139
59100000000	301778
59200000000	302032
59300000000	301652
59400000000	302880
59500000000	301919
59600000000	301678
59700000000	302994
59800000000	301751
59900000000	302728
60000000000	301161
60100000000	302379
60200000000	301271
60300000000	301861
60400000000	301267
60500000000	302157
60600000000	301472
60700000000	301016
60800000000	301553
60900000000	301394
61000000000	301525
61100000000	302206
61200000000	301273
61300000000	301124
61400000000	302349
61500000000	301315
61600000000	301003
61700000000	301351
61800000000	302367
61900000000	301348
62000000000	301701
62100000000	301912
62200000000	301808
62300000000	302801
62400000000	301219
62500000000	301731
62600000000	301115
62700000000	301339
62800000000	301392
62900000000	301906
63000000000	302203
63100000000	300914
63200000000	301230
63300000000	301891
63400000000	302643
63500000000	301359
63600000000	301991
63700000000	301759
63800000000	300472
63900000000	302167
64000000000	300868
64100000000	301237
64200000000	302691
64300000000	301460
64400000000	302255
64500000000	301824
64600000000	301151
64700000000	302685
64800000000	301765
64900000000	301512
65000000000	301670
65100000000	301639
65200000000	301926
65300000000	301152
65400000000	301676
65500000000	301631
65600000000	301819
65700000000	301666
65800000000	302306
65900000000	301593
66000000000	301469
66100000000	301476
66200000000	301968
66300000000	301490
66400000000	302023
66500000000	301350
66600000000	302465
66700000000	302144
66800000000	302016
66900000000	301676
67000000000	301656
67100000000	301245
67200000000	302386
67300000000	301335
67400000000	301492
67500000000	301540
67600000000	302502
67700000000	301663
67800000000	302207
67900000000	301904
68000000000	301938
68100000000	301598
68200000000	302959
68300000000	301607
68400000000	301148
68500000000	302313
68600000000	301439
68700000000	301098
68800000000	301815
68900000000	301312
69000000000	301944
69100000000	301626
69200000000	302380
69300000000	302022
69400000000	301884
69500000000	302672
69600000000	301537
69700000000	302110
69800000000	302789
69900000000	301995
70000000000	302772
70100000000	301807
70200000000	301144
70300000000	301712
70400000000	302707
70500000000	300978
70600000000	302316
70700000000	302090
70800000000	301923
70900000000	302582
71000000000	302252
71100000000	303238
71200000000	302741
71300000000	302988
71400000000	301527
71500000000	302796
71600000000	301912
71700000000	301875
71800000000	302010
71900000000	302509
72000000000	301728
72100000000	302770
72200000000	302069
72300000000	301526
72400000000	302271
72500000000	301703
72600000000	302414
72700000000	301296
72800000000	301297
72900000000	302561
73000000000	301886
73100000000	300700
73200000000	300807
73300000000	300852
73400000000	300363
73500000000	301077
73600000000	302686
73700000000	302593
73800000000	301437
73900000000	301848
74000000000	301787
74100000000	302260
74200000000	302245
74300000000	300805
74400000000	301372
74500000000	302231
74600000000	301146
74700000000	302408
74800000000	302607
74900000000	300354
75000000000	300984
75100000000	299579
75200000000	297757
75300000000	298196
75400000000	298413
75500000000	298014
75600000000	298276
75700000000	298220
75800000000	297568
75900000000	297719
76000000000	296972
76100000000	297455
76200000000	296572
76300000000	297120
76400000000	296924
76500000000	296774
76600000000	296875
76700000000	296818
76800000000	296085
76900000000	296226
77000000000	295478
77100000000	295763
77200000000	296764
77300000000	297241
77400000000	295787
77500000000	297245
77600000000	295872
77700000000	296320
77800000000	296285
77900000000	296081
78000000000	296476
78100000000	296097
78200000000	296965
78300000000	296248
78400000000	296481
78500000000	295769
78600000000	296213
78700000000	295499
78800000000	295626
78900000000	296308
79000000000	294929
79100000000	295818
79200000000	295201
79300000000	295715
79400000000	295971
79500000000	294900
79600000000	295746
79700000000	295527
79800000000	295298
79900000000	293969
80000000000	294729
80100000000	295037
80200000000	294798
80300000000	295223
80400000000	294835
80500000000	295369
80600000000	294631
80700000000	293711
80800000000	294981
80900000000	295363
81000000000	293847
81100000000	294447
81200000000	294803
81300000000	294566
81400000000	294613
81500000000	294714
81600000000	294596
81700000000	294618
81800000000	294700
81900000000	293674
82000000000	294675
82100000000	294857
82200000000	294325
82300000000	294054
82400000000	295310
82500000000	294190
82600000000	294450
82700000000	294162
82800000000	294608
82900000000	294192
83000000000	293969
83100000000	294082
83200000000	294477
83300000000	294085
83400000000	294547
83500000000	293723
83600000000	294793
83700000000	294300
83800000000	294155
83900000000	295128
84000000000	295008
84100000000	294464
84200000000	293000
84300000000	293908
84400000000	293707
84500000000	294511
84600000000	293910
84700000000	294293
84800000000	293601
84900000000	294538
85000000000	293582
85100000000	294244
85200000000	295177
85300000000	294196
85400000000	295300
85500000000	294705
85600000000	294772
85700000000	293533
85800000000	294083
85900000000	293896
86000000000	293377
86100000000	292832
86200000000	293701
86300000000	294399
86400000000	294748
86500000000	293722
86600000000	294873
86700000000	295869
86800000000	294270
86900000000	294299
87000000000	295301
87100000000	293201
87200000000	293736
87300000000	294967
87400000000	293971
87500000000	293929
87600000000	293939
87700000000	293280
87800000000	294144
87900000000	294028
88000000000	292972
88100000000	292814
88200000000	292985
88300000000	294775
88400000000	293444
88500000000	294523
88600000000	293416
88700000000	292914
88800000000	293822
88900000000	294205
89000000000	294422
89100000000	293498
89200000000	292960
89300000000	293331
89400000000	294537
89500000000	293886
89600000000	292931
89700000000	294448
89800000000	293303
89900000000	292832
90000000000	293716
90100000000	294778
90200000000	293503
90300000000	294254
90400000000	292698
90500000000	293117
90600000000	294517
90700000000	292916
90800000000	293021
90900000000	292854
91000000000	292899
91100000000	293168
91200000000	293947
91300000000	292757
91400000000	293297
91500000000	293214
91600000000	294222
91700000000	293089
91800000000	293566
91900000000	292519
92000000000	292436
92100000000	293941
92200000000	293192
92300000000	293107
92400000000	293450
92500000000	292488
92600000000	292354
92700000000	292896
92800000000	293814
92900000000	292526
93000000000	293038
93100000000	293505
93200000000	292753
93300000000	293217
93400000000	293518
93500000000	292506
93600000000	291935
93700000000	293551
93800000000	293856
93900000000	292776
94000000000	292725
94100000000	293400
94200000000	293570
94300000000	293281
94400000000	293569
94500000000	292674
94600000000	294087
94700000000	293782
94800000000	291806
94900000000	292726
95000000000	293024
95100000000	293305
95200000000	293298
95300000000	292902
95400000000	293676
95500000000	293104
95600000000	292740
95700000000	294113
95800000000	293006
95900000000	293670
96000000000	293012
96100000000	293417
96200000000	293315
96300000000	292576
96400000000	292338
96500000000	293324
96600000000	292819
96700000000	292602
96800000000	292892
96900000000	293163
97000000000	293840
97100000000	292929
97200000000	291520
97300000000	292678
97400000000	293163
97500000000	293397
97600000000	292529
97700000000	292024
97800000000	293211
97900000000	291966
98000000000	291806
98100000000	293425
98200000000	292441
98300000000	294209
98400000000	292819
98500000000	292030
98600000000	293089
98700000000	293181
98800000000	294019
98900000000	292592
99000000000	293486
99100000000	292750
99200000000	293118
99300000000	292210
99400000000	292823
99500000000	293564
99600000000	292580
99700000000	293458
99800000000	293280
99900000000	292466
