"Time (ps)"	"Counts per bin"
0	270258
20000000	276229
40000000	277633
60000000	278474
80000000	278255
100000000	280405
120000000	280367
140000000	279908
160000000	280649
180000000	280775
200000000	280409
220000000	280353
240000000	281397
260000000	280438
280000000	280649
300000000	280198
320000000	280289
340000000	280806
360000000	280588
380000000	280465
400000000	279438
420000000	280946
440000000	280258
460000000	280235
480000000	279389
500000000	280519
520000000	280280
540000000	280892
560000000	280890
580000000	279920
600000000	280606
620000000	279637
640000000	279443
660000000	279426
680000000	280290
700000000	280908
720000000	280398
740000000	280032
760000000	280999
780000000	280761
800000000	280144
820000000	280271
840000000	281156
860000000	280569
880000000	281043
900000000	280612
920000000	279609
940000000	279681
960000000	280423
980000000	280111
1000000000	280454
1020000000	279758
1040000000	279526
1060000000	280890
1080000000	280466
1100000000	279352
1120000000	279777
1140000000	281269
1160000000	280344
1180000000	280403
1200000000	279957
1220000000	279544
1240000000	279605
1260000000	279981
1280000000	279819
1300000000	280213
1320000000	280313
1340000000	280673
1360000000	280064
1380000000	280140
1400000000	280143
1420000000	280313
1440000000	281203
1460000000	280426
1480000000	280904
1500000000	280326
1520000000	280789
1540000000	279771
1560000000	279494
1580000000	280279
1600000000	279677
1620000000	279878
1640000000	279362
1660000000	280404
1680000000	279810
1700000000	280905
1720000000	280763
1740000000	280627
1760000000	280462
1780000000	281357
1800000000	279464
1820000000	279722
1840000000	280347
1860000000	279790
1880000000	280650
1900000000	279652
1920000000	280754
1940000000	279981
1960000000	280435
1980000000	281518
2000000000	280240
2020000000	280389
2040000000	280477
2060000000	279804
2080000000	280430
2100000000	280341
2120000000	280525
2140000000	279805
2160000000	280520
2180000000	280265
2200000000	279767
2220000000	279694
2240000000	279592
2260000000	280658
2280000000	279829
2300000000	279863
2320000000	280822
2340000000	280205
2360000000	280422
2380000000	280535
2400000000	280054
2420000000	280420
2440000000	280054
2460000000	279205
2480000000	279851
2500000000	279004
2520000000	280280
2540000000	278458
2560000000	279933
2580000000	279859
2600000000	280191
2620000000	280234
2640000000	280815
2660000000	279624
2680000000	280613
2700000000	280002
2720000000	279595
2740000000	280231
2760000000	280037
2780000000	280136
2800000000	280215
2820000000	279925
2840000000	280053
2860000000	279663
2880000000	280014
2900000000	280285
2920000000	280084
2940000000	279812
2960000000	280208
2980000000	281558
3000000000	280479
3020000000	280575
3040000000	279981
3060000000	280866
3080000000	280457
3100000000	279898
3120000000	279618
3140000000	279333
3160000000	279833
3180000000	279541
3200000000	280080
3220000000	279880
3240000000	279830
3260000000	280538
3280000000	278774
3300000000	280841
3320000000	279932
3340000000	280512
3360000000	279973
3380000000	280566
3400000000	280098
3420000000	280311
3440000000	279666
3460000000	280539
3480000000	280179
3500000000	279888
3520000000	280292
3540000000	280371
3560000000	280514
3580000000	279377
3600000000	280102
3620000000	279703
3640000000	279971
3660000000	280539
3680000000	279882
3700000000	280060
3720000000	279487
3740000000	280119
3760000000	279502
3780000000	279968
3800000000	279662
3820000000	279845
3840000000	280260
3860000000	280765
3880000000	280867
3900000000	280150
3920000000	279642
3940000000	278883
3960000000	279973
3980000000	279488
4000000000	280321
4020000000	279999
4040000000	280690
4060000000	280868
4080000000	280187
4100000000	280806
4120000000	280154
4140000000	279765
4160000000	279963
4180000000	279728
4200000000	281169
4220000000	280650
4240000000	279420
4260000000	279454
4280000000	280232
4300000000	280136
4320000000	279332
4340000000	281123
4360000000	280063
4380000000	279449
4400000000	281259
4420000000	279288
4440000000	281429
4460000000	279334
4480000000	280052
4500000000	280256
4520000000	279706
4540000000	281283
4560000000	280633
4580000000	279554
4600000000	280263
4620000000	280397
4640000000	279541
4660000000	279950
4680000000	280263
4700000000	279116
4720000000	280469
4740000000	280681
4760000000	279997
4780000000	280546
4800000000	279291
4820000000	279750
4840000000	280496
4860000000	278940
4880000000	280231
4900000000	280057
4920000000	280668
4940000000	280167
4960000000	279469
4980000000	279834
5000000000	280047
5020000000	278522
5040000000	277190
5060000000	275607
5080000000	275166
5100000000	274510
5120000000	273759
5140000000	273574
5160000000	273749
5180000000	272972
5200000000	273319
5220000000	273373
5240000000	272466
5260000000	273223
5280000000	272136
5300000000	273219
5320000000	272955
5340000000	272207
5360000000	272381
5380000000	271921
5400000000	272608
5420000000	271819
5440000000	272246
5460000000	272156
5480000000	272878
5500000000	272373
5520000000	272087
5540000000	272316
5560000000	272379
5580000000	271927
5600000000	272030
5620000000	272249
5640000000	272629
5660000000	271930
5680000000	272731
5700000000	272346
5720000000	272111
5740000000	272348
5760000000	272335
5780000000	271686
5800000000	270776
5820000000	272704
5840000000	272033
5860000000	271646
5880000000	271602
5900000000	272028
5920000000	271007
5940000000	271372
5960000000	272400
5980000000	271554
6000000000	271842
6020000000	270922
6040000000	271351
6060000000	270899
6080000000	271206
6100000000	271107
6120000000	270692
6140000000	272246
6160000000	271501
6180000000	270747
6200000000	271734
6220000000	271449
6240000000	270724
6260000000	269708
6280000000	271278
6300000000	271244
6320000000	271068
6340000000	270942
6360000000	270174
6380000000	270884
6400000000	270160
6420000000	270591
6440000000	270394
6460000000	271195
6480000000	270486
6500000000	270548
6520000000	269777
6540000000	270938
6560000000	270404
6580000000	270406
6600000000	269899
6620000000	270809
6640000000	270391
6660000000	270128
6680000000	271367
6700000000	270975
6720000000	271089
6740000000	269851
6760000000	270152
6780000000	269730
6800000000	270387
6820000000	270883
6840000000	271006
6860000000	270851
6880000000	269605
6900000000	270972
6920000000	270809
6940000000	270365
6960000000	269974
6980000000	270010
7000000000	270808
7020000000	270177
7040000000	270179
7060000000	270163
7080000000	270208
7100000000	270288
7120000000	270230
7140000000	270364
7160000000	270044
7180000000	269811
7200000000	270202
7220000000	269406
7240000000	269681
7260000000	269480
7280000000	269038
7300000000	268825
7320000000	269216
7340000000	269670
7360000000	270722
7380000000	269874
7400000000	270060
7420000000	271205
7440000000	270124
7460000000	268774
7480000000	269651
7500000000	269355
7520000000	269980
7540000000	268102
7560000000	269470
7580000000	270717
7600000000	269333
7620000000	270034
7640000000	270366
7660000000	270519
7680000000	269759
7700000000	270144
7720000000	269674
7740000000	269774
7760000000	268858
7780000000	269654
7800000000	269668
7820000000	269499
7840000000	269979
7860000000	270328
7880000000	270673
7900000000	271012
7920000000	270264
7940000000	269536
7960000000	270074
7980000000	269242
8000000000	269312
8020000000	270233
8040000000	269172
8060000000	269044
8080000000	269834
8100000000	269059
8120000000	268905
8140000000	268807
8160000000	270198
8180000000	269091
8200000000	269366
8220000000	268367
8240000000	269283
8260000000	269349
8280000000	268531
8300000000	269330
8320000000	269226
8340000000	268656
8360000000	269342
8380000000	268753
8400000000	267802
8420000000	267860
8440000000	269375
8460000000	269083
8480000000	269312
8500000000	267930
8520000000	268314
8540000000	269653
8560000000	268420
8580000000	269246
8600000000	269328
8620000000	269346
8640000000	269715
8660000000	269090
8680000000	268961
8700000000	268490
8720000000	268754
8740000000	269567
8760000000	269347
8780000000	268473
8800000000	268810
8820000000	267987
8840000000	269273
8860000000	268312
8880000000	267629
8900000000	269183
8920000000	268896
8940000000	269461
8960000000	267683
8980000000	269395
9000000000	268767
9020000000	269878
9040000000	269536
9060000000	268649
9080000000	269816
9100000000	269816
9120000000	268562
9140000000	268300
9160000000	268792
9180000000	269358
9200000000	268822
9220000000	269029
9240000000	269319
9260000000	268634
9280000000	269696
9300000000	268797
9320000000	268626
9340000000	268221
9360000000	268832
9380000000	269704
9400000000	268819
9420000000	269058
9440000000	269500
9460000000	268838
9480000000	267864
9500000000	268540
9520000000	269492
9540000000	268723
9560000000	269547
9580000000	268268
9600000000	268641
9620000000	268281
9640000000	268554
9660000000	268639
9680000000	268731
9700000000	268596
9720000000	269496
9740000000	267574
9760000000	268593
9780000000	269949
9800000000	267711
9820000000	267423
9840000000	267988
9860000000	268096
9880000000	268191
9900000000	268260
9920000000	268000
9940000000	268304
9960000000	269072
9980000000	268144
10000000000	269979
10020000000	276110
10040000000	277660
10060000000	278525
10080000000	278117
10100000000	280374
10120000000	280263
10140000000	279925
10160000000	280607
10180000000	280859
10200000000	280461
10220000000	280149
10240000000	281388
10260000000	280509
10280000000	280603
10300000000	280287
10320000000	280204
10340000000	280618
10360000000	280765
10380000000	280490
10400000000	279372
10420000000	281035
10440000000	280058
10460000000	280304
10480000000	279404
10500000000	280481
10520000000	280245
10540000000	281027
10560000000	280760
10580000000	279892
10600000000	280618
10620000000	279734
10640000000	279353
10660000000	279447
10680000000	280334
10700000000	280776
10720000000	280277
10740000000	280016
10760000000	281060
10780000000	280724
10800000000	280210
10820000000	280239
10840000000	281166
10860000000	280600
10880000000	280959
10900000000	280677
10920000000	279529
10940000000	279711
10960000000	280229
10980000000	280440
11000000000	280206
11020000000	279689
11040000000	279431
11060000000	280867
11080000000	280721
11100000000	279229
11120000000	279847
11140000000	281081
11160000000	280417
11180000000	280507
11200000000	279930
11220000000	279446
11240000000	279487
11260000000	279952
11280000000	280048
11300000000	280068
11320000000	280429
11340000000	280505
11360000000	280143
11380000000	280072
11400000000	280194
11420000000	280203
11440000000	281198
11460000000	280526
11480000000	280587
11500000000	280531
11520000000	280917
11540000000	279611
11560000000	279612
11580000000	280293
11600000000	279601
11620000000	279905
11640000000	279255
11660000000	280334
11680000000	279929
11700000000	280736
11720000000	280692
11740000000	280763
11760000000	280396
11780000000	281317
11800000000	279534
11820000000	279736
11840000000	280232
11860000000	279920
11880000000	280702
11900000000	279613
11920000000	280731
11940000000	280043
11960000000	280228
11980000000	281461
12000000000	280303
12020000000	280345
12040000000	280367
12060000000	279804
12080000000	280487
12100000000	280448
12120000000	280480
12140000000	279817
12160000000	280325
12180000000	280378
12200000000	279938
12220000000	279507
12240000000	279575
12260000000	280536
12280000000	279798
12300000000	280017
12320000000	280684
12340000000	280353
12360000000	280261
12380000000	280668
12400000000	279874
12420000000	280577
12440000000	280242
12460000000	278723
12480000000	279999
12500000000	279058
12520000000	280266
12540000000	278435
12560000000	279920
12580000000	279725
12600000000	280299
12620000000	280191
12640000000	280772
12660000000	279648
12680000000	280534
12700000000	280007
12720000000	279622
12740000000	280293
12760000000	279923
12780000000	280162
12800000000	280237
12820000000	279802
12840000000	280044
12860000000	279649
12880000000	280140
12900000000	280038
12920000000	280312
12940000000	279853
12960000000	279936
12980000000	281600
13000000000	280623
13020000000	280435
13040000000	279977
13060000000	280957
13080000000	280348
13100000000	279955
13120000000	279566
13140000000	279441
13160000000	279709
13180000000	279633
13200000000	279843
13220000000	279881
13240000000	280009
13260000000	280274
13280000000	278959
13300000000	280930
13320000000	279780
13340000000	280534
13360000000	279937
13380000000	280547
13400000000	280170
13420000000	280141
13440000000	279706
13460000000	280595
13480000000	280011
13500000000	279937
13520000000	280364
13540000000	280164
13560000000	280497
13580000000	279540
13600000000	280117
13620000000	279785
13640000000	279682
13660000000	280647
13680000000	280042
13700000000	279988
13720000000	279374
13740000000	280074
13760000000	279516
13780000000	280017
13800000000	279680
13820000000	279872
13840000000	280270
13860000000	280434
13880000000	281044
13900000000	280051
13920000000	279626
13940000000	279063
13960000000	279885
13980000000	279557
14000000000	280230
14020000000	280037
14040000000	280703
14060000000	280787
14080000000	280079
14100000000	280750
14120000000	280315
14140000000	279643
14160000000	279906
14180000000	279667
14200000000	281317
14220000000	280615
14240000000	279463
14260000000	279288
14280000000	280251
14300000000	280208
14320000000	279244
14340000000	281106
14360000000	280086
14380000000	279329
14400000000	281280
14420000000	279459
14440000000	281405
14460000000	279310
14480000000	279949
14500000000	280295
14520000000	279695
14540000000	281321
14560000000	280558
14580000000	279636
14600000000	280141
14620000000	280319
14640000000	279659
14660000000	279955
14680000000	280117
14700000000	279174
14720000000	280396
14740000000	280616
14760000000	280159
14780000000	280513
14800000000	279140
14820000000	279798
14840000000	280664
14860000000	278732
14880000000	280110
14900000000	280166
14920000000	280742
14940000000	280013
14960000000	279556
14980000000	279877
15000000000	280099
15020000000	278418
15040000000	277270
15060000000	275581
15080000000	275088
15100000000	274553
15120000000	273847
15140000000	273637
15160000000	273690
15180000000	273109
15200000000	273109
15220000000	273259
15240000000	272590
15260000000	273131
15280000000	272110
15300000000	273374
15320000000	272859
15340000000	272218
15360000000	272271
15380000000	271969
15400000000	272545
15420000000	271805
15440000000	272274
15460000000	272156
15480000000	272938
15500000000	272283
15520000000	272066
15540000000	272348
15560000000	272416
15580000000	271959
15600000000	271884
15620000000	272390
15640000000	272483
15660000000	271889
15680000000	272878
15700000000	272243
15720000000	272137
15740000000	272332
15760000000	272226
15780000000	271742
15800000000	270674
15820000000	272692
15840000000	272105
15860000000	271504
15880000000	271734
15900000000	271966
15920000000	271145
15940000000	271233
15960000000	272525
15980000000	271501
16000000000	271796
16020000000	270827
16040000000	271477
16060000000	270834
16080000000	271266
16100000000	271191
16120000000	270449
16140000000	272104
16160000000	271759
16180000000	270693
16200000000	271821
16220000000	271279
16240000000	270793
16260000000	269565
16280000000	271342
16300000000	271091
16320000000	271306
16340000000	270945
16360000000	269997
16380000000	270969
16400000000	270183
16420000000	270481
16440000000	270418
16460000000	271242
16480000000	270390
16500000000	270590
16520000000	269738
16540000000	270812
16560000000	270403
16580000000	270287
16600000000	270240
16620000000	270610
16640000000	270507
16660000000	270011
16680000000	271270
16700000000	271055
16720000000	270967
16740000000	270166
16760000000	269999
16780000000	269662
16800000000	270235
16820000000	270970
16840000000	270909
16860000000	270865
16880000000	269690
16900000000	271018
16920000000	270686
16940000000	270394
16960000000	270070
16980000000	269858
17000000000	270837
17020000000	270218
17040000000	270072
17060000000	270208
17080000000	270198
17100000000	270287
17120000000	270052
17140000000	270379
17160000000	270128
17180000000	269795
17200000000	270283
17220000000	269216
17240000000	269654
17260000000	269598
17280000000	269097
17300000000	268714
17320000000	269315
17340000000	269518
17360000000	270763
17380000000	269756
17400000000	270114
17420000000	271153
17440000000	270166
17460000000	268798
17480000000	269624
17500000000	269285
17520000000	269952
17540000000	268334
17560000000	269348
17580000000	270615
17600000000	269386
17620000000	269902
17640000000	270446
17660000000	270500
17680000000	269678
17700000000	270091
17720000000	269927
17740000000	269568
17760000000	268959
17780000000	269533
17800000000	269810
17820000000	269332
17840000000	269973
17860000000	270367
17880000000	270690
17900000000	271009
17920000000	270226
17940000000	269529
17960000000	270035
17980000000	269347
18000000000	269278
18020000000	270109
18040000000	269072
18060000000	269257
18080000000	269734
18100000000	269024
18120000000	268935
18140000000	268781
18160000000	270129
18180000000	269188
18200000000	269459
18220000000	268205
18240000000	269215
18260000000	269457
18280000000	268587
18300000000	269251
18320000000	269257
18340000000	268621
18360000000	269269
18380000000	268806
18400000000	267802
18420000000	267732
18440000000	269325
18460000000	269236
18480000000	269243
18500000000	267946
18520000000	268341
18540000000	269579
18560000000	268426
18580000000	269043
18600000000	269487
18620000000	269313
18640000000	269628
18660000000	269227
18680000000	268897
18700000000	268469
18720000000	268819
18740000000	269458
18760000000	269282
18780000000	268499
18800000000	268823
18820000000	267975
18840000000	269242
18860000000	268306
18880000000	267705
18900000000	269080
18920000000	268734
18940000000	269658
18960000000	267598
18980000000	269533
19000000000	268641
19020000000	269764
19040000000	269538
19060000000	268726
19080000000	269718
19100000000	269984
19120000000	268378
19140000000	268545
19160000000	268744
19180000000	269258
19200000000	268753
19220000000	269042
19240000000	269137
19260000000	268776
19280000000	269677
19300000000	268734
19320000000	268742
19340000000	268158
19360000000	268678
19380000000	269840
19400000000	268804
19420000000	269047
19440000000	269496
19460000000	268797
19480000000	267786
19500000000	268594
19520000000	269508
19540000000	268696
19560000000	269342
19580000000	268537
19600000000	268597
19620000000	268270
19640000000	268469
19660000000	268739
19680000000	268514
19700000000	268767
19720000000	269345
19740000000	267671
19760000000	268527
19780000000	269851
19800000000	267806
19820000000	267345
19840000000	268023
19860000000	268072
19880000000	268115
19900000000	268194
19920000000	268153
19940000000	268322
19960000000	268990
19980000000	268238
