"Time (ps)"	"Counts per bin"
0	227098
100000000	229046
200000000	228867
300000000	228673
400000000	229703
500000000	229314
600000000	228995
700000000	228824
800000000	229300
900000000	228580
1000000000	229204
1100000000	229057
1200000000	229657
1300000000	230186
1400000000	229685
1500000000	229722
1600000000	229364
1700000000	228436
1800000000	229180
1900000000	228538
2000000000	228982
2100000000	229439
2200000000	229340
2300000000	228908
2400000000	229025
2500000000	228279
2600000000	228996
2700000000	229424
2800000000	229392
2900000000	229444
3000000000	228614
3100000000	228749
3200000000	228215
3300000000	229197
3400000000	229069
3500000000	228804
3600000000	228607
3700000000	229331
3800000000	229994
3900000000	229199
4000000000	229146
4100000000	229275
4200000000	230081
4300000000	229546
4400000000	229028
4500000000	229390
4600000000	229939
4700000000	229676
4800000000	228648
4900000000	228095
5000000000	228465
5100000000	229292
5200000000	228983
5300000000	228559
5400000000	229106
5500000000	229111
5600000000	228316
5700000000	228688
5800000000	230225
5900000000	228906
6000000000	229486
6100000000	228620
6200000000	228777
6300000000	229083
6400000000	228618
6500000000	228816
6600000000	229402
6700000000	228796
6800000000	229530
6900000000	228579
7000000000	228522
7100000000	229344
7200000000	228857
7300000000	228874
7400000000	228982
7500000000	228524
7600000000	229014
7700000000	228993
7800000000	228825
7900000000	228983
8000000000	229152
8100000000	228692
8200000000	229288
8300000000	228585
8400000000	229137
8500000000	229042
8600000000	229576
8700000000	229289
8800000000	228759
8900000000	229220
9000000000	228966
9100000000	229455
9200000000	229473
9300000000	228993
9400000000	229530
9500000000	228292
9600000000	228813
9700000000	229430
9800000000	228635
9900000000	229072
10000000000	228944
10100000000	228452
10200000000	229287
10300000000	229103
10400000000	229880
10500000000	228832
10600000000	228967
10700000000	229287
10800000000	229338
10900000000	228769
11000000000	229296
11100000000	228418
11200000000	229784
11300000000	228876
11400000000	229155
11500000000	229248
11600000000	229009
11700000000	229702
11800000000	229842
11900000000	229276
12000000000	228667
12100000000	230118
12200000000	228413
12300000000	229350
12400000000	228582
12500000000	228760
12600000000	228882
12700000000	229329
12800000000	228662
12900000000	227979
13000000000	229738
13100000000	229557
13200000000	229055
13300000000	229213
13400000000	228493
13500000000	228917
13600000000	229033
13700000000	228928
13800000000	229112
13900000000	228907
14000000000	229499
14100000000	228823
14200000000	228882
14300000000	228712
14400000000	228328
14500000000	228985
14600000000	228720
14700000000	228903
14800000000	229772
14900000000	228629
15000000000	229608
15100000000	229931
15200000000	228412
15300000000	228951
15400000000	228382
15500000000	228959
15600000000	228306
15700000000	229243
15800000000	229169
15900000000	228819
16000000000	229062
16100000000	229114
16200000000	228903
16300000000	229340
16400000000	229192
16500000000	228463
16600000000	229295
16700000000	229343
16800000000	228947
16900000000	229283
17000000000	229514
17100000000	229178
17200000000	229140
17300000000	229244
17400000000	228671
17500000000	229897
17600000000	229137
17700000000	229241
17800000000	229106
17900000000	229478
18000000000	228581
18100000000	229059
18200000000	228944
18300000000	229059
18400000000	229576
18500000000	229294
18600000000	229403
18700000000	229087
18800000000	229435
18900000000	229571
19000000000	229330
19100000000	229013
19200000000	229184
19300000000	228713
19400000000	229270
19500000000	229395
19600000000	229799
19700000000	228680
19800000000	229249
19900000000	228702
20000000000	228666
20100000000	229472
20200000000	229840
20300000000	229066
20400000000	229984
20500000000	228403
20600000000	228634
20700000000	229289
20800000000	228987
20900000000	229483
21000000000	229729
21100000000	228765
21200000000	229221
21300000000	228998
21400000000	229815
21500000000	228689
21600000000	229272
21700000000	228700
21800000000	228910
21900000000	229403
22000000000	228707
22100000000	228844
22200000000	228650
22300000000	229333
22400000000	229982
22500000000	229230
22600000000	229347
22700000000	228875
22800000000	229035
22900000000	229159
23000000000	228599
23100000000	229086
23200000000	229071
23300000000	229468
23400000000	230717
23500000000	229888
23600000000	229191
23700000000	229817
23800000000	229346
23900000000	229506
24000000000	229209
24100000000	229093
24200000000	229714
24300000000	228909
24400000000	229450
24500000000	229480
24600000000	228581
24700000000	229494
24800000000	228733
24900000000	229815
25000000000	228728
25100000000	228256
25200000000	227471
25300000000	227742
25400000000	227528
25500000000	227826
25600000000	226584
25700000000	226927
25800000000	228243
25900000000	227757
26000000000	227134
26100000000	227046
26200000000	227268
26300000000	227391
26400000000	226857
26500000000	226922
26600000000	227223
26700000000	227179
26800000000	226572
26900000000	226024
27000000000	227314
27100000000	226548
27200000000	228139
27300000000	226755
27400000000	226320
27500000000	227881
27600000000	227109
27700000000	226178
27800000000	226638
27900000000	226766
28000000000	226704
28100000000	226837
28200000000	225785
28300000000	226455
28400000000	225727
28500000000	226112
28600000000	226689
28700000000	226673
28800000000	226108
28900000000	225943
29000000000	226624
29100000000	227521
29200000000	227166
29300000000	226299
29400000000	227273
29500000000	225433
29600000000	226903
29700000000	225950
29800000000	226455
29900000000	226064
30000000000	226133
30100000000	226743
30200000000	224775
30300000000	225570
30400000000	225461
30500000000	225841
30600000000	225741
30700000000	225688
30800000000	226511
30900000000	226654
31000000000	226882
31100000000	226362
31200000000	225912
31300000000	225703
31400000000	226291
31500000000	226375
31600000000	226268
31700000000	226290
31800000000	226954
31900000000	225942
32000000000	225498
32100000000	226703
32200000000	225950
32300000000	226192
32400000000	226623
32500000000	224833
32600000000	226024
32700000000	225795
32800000000	226250
32900000000	225479
33000000000	225772
33100000000	225822
33200000000	225555
33300000000	226089
33400000000	226449
33500000000	225720
33600000000	225431
33700000000	225664
33800000000	226363
33900000000	226320
34000000000	225868
34100000000	226089
34200000000	226255
34300000000	226321
34400000000	225140
34500000000	226011
34600000000	225409
34700000000	225830
34800000000	226440
34900000000	225943
35000000000	225791
35100000000	226595
35200000000	225595
35300000000	225911
35400000000	226626
35500000000	225945
35600000000	225886
35700000000	225490
35800000000	226053
35900000000	226173
36000000000	225867
36100000000	225456
36200000000	225379
36300000000	225535
36400000000	225514
36500000000	225337
36600000000	225579
36700000000	225096
36800000000	225647
36900000000	225382
37000000000	225943
37100000000	225180
37200000000	225127
37300000000	225784
37400000000	224567
37500000000	224844
37600000000	225299
37700000000	225891
37800000000	225150
37900000000	226024
38000000000	225802
38100000000	225046
38200000000	226151
38300000000	225569
38400000000	225079
38500000000	225755
38600000000	225200
38700000000	226266
38800000000	223516
38900000000	225100
39000000000	225848
39100000000	225924
39200000000	225287
39300000000	224923
39400000000	225160
39500000000	225472
39600000000	225292
39700000000	224266
39800000000	226142
39900000000	225720
40000000000	224987
40100000000	224933
40200000000	224981
40300000000	224570
40400000000	225036
40500000000	224611
40600000000	224923
40700000000	226011
40800000000	226083
40900000000	225267
41000000000	225177
41100000000	225541
41200000000	225620
41300000000	224537
41400000000	225763
41500000000	226520
41600000000	226108
41700000000	225330
41800000000	225233
41900000000	225643
42000000000	226168
42100000000	226021
42200000000	225388
42300000000	226466
42400000000	225846
42500000000	224554
42600000000	225968
42700000000	225249
42800000000	225137
42900000000	225401
43000000000	225398
43100000000	225204
43200000000	225785
43300000000	225888
43400000000	225026
43500000000	225410
43600000000	226106
43700000000	224858
43800000000	225464
43900000000	224388
44000000000	225702
44100000000	225424
44200000000	225374
44300000000	226048
44400000000	225198
44500000000	225202
44600000000	225652
44700000000	225864
44800000000	224863
44900000000	226117
45000000000	225327
45100000000	225105
45200000000	225347
45300000000	225240
45400000000	226057
45500000000	225469
45600000000	225048
45700000000	224596
45800000000	225155
45900000000	224998
46000000000	224757
46100000000	225432
46200000000	224961
46300000000	225236
46400000000	225469
46500000000	225010
46600000000	226094
46700000000	225469
46800000000	225727
46900000000	226148
47000000000	225522
47100000000	225037
47200000000	225160
47300000000	225076
47400000000	225839
47500000000	225289
47600000000	225381
47700000000	225943
47800000000	225039
47900000000	225999
48000000000	225441
48100000000	225054
48200000000	225393
48300000000	224875
48400000000	225815
48500000000	225648
48600000000	225115
48700000000	226042
48800000000	225654
48900000000	225984
49000000000	225301
49100000000	225455
49200000000	225181
49300000000	225259
49400000000	225503
49500000000	224869
49600000000	224485
49700000000	224961
49800000000	224875
49900000000	225526
50000000000	227321
50100000000	228968
50200000000	228759
50300000000	228772
50400000000	229508
50500000000	229212
50600000000	228905
50700000000	228961
50800000000	229117
50900000000	228560
51000000000	229337
51100000000	228995
51200000000	229471
51300000000	230170
51400000000	229764
51500000000	229676
51600000000	229168
51700000000	228457
51800000000	229248
51900000000	228452
52000000000	228829
52100000000	229636
52200000000	229151
52300000000	228856
52400000000	228969
52500000000	228304
52600000000	228838
52700000000	229564
52800000000	229249
52900000000	229483
53000000000	228423
53100000000	228768
53200000000	228247
53300000000	229259
53400000000	229133
53500000000	228679
53600000000	228548
53700000000	229217
53800000000	230015
53900000000	229287
54000000000	229019
54100000000	229184
54200000000	230024
54300000000	229529
54400000000	229004
54500000000	229475
54600000000	229717
54700000000	229874
54800000000	228480
54900000000	228022
55000000000	228606
55100000000	229114
55200000000	228949
55300000000	228641
55400000000	228986
55500000000	229119
55600000000	228255
55700000000	228673
55800000000	230145
55900000000	228885
56000000000	229245
56100000000	228889
56200000000	228749
56300000000	228799
56400000000	228663
56500000000	228764
56600000000	229361
56700000000	228771
56800000000	229676
56900000000	228415
57000000000	228525
57100000000	229213
57200000000	228923
57300000000	228725
57400000000	228948
57500000000	228575
57600000000	229129
57700000000	228882
57800000000	228767
57900000000	228771
58000000000	229294
58100000000	228593
58200000000	229220
58300000000	228585
58400000000	229164
58500000000	228947
58600000000	229567
58700000000	229117
58800000000	228849
58900000000	229145
59000000000	228970
59100000000	229514
59200000000	229268
59300000000	229027
59400000000	229525
59500000000	228116
59600000000	228949
59700000000	229348
59800000000	228486
59900000000	229192
60000000000	228857
60100000000	228384
60200000000	229324
60300000000	229102
60400000000	229814
60500000000	228737
60600000000	229068
60700000000	229141
60800000000	229274
60900000000	228736
61000000000	229341
61100000000	228256
61200000000	229708
61300000000	228929
61400000000	229210
61500000000	229013
61600000000	229027
61700000000	229826
61800000000	229721
61900000000	229325
62000000000	228632
62100000000	229986
62200000000	228408
62300000000	229248
62400000000	228711
62500000000	228590
62600000000	228871
62700000000	229422
62800000000	228559
62900000000	227922
63000000000	229660
63100000000	229540
63200000000	229131
63300000000	229149
63400000000	228348
63500000000	228916
63600000000	229101
63700000000	228853
63800000000	228972
63900000000	229051
64000000000	229281
64100000000	228879
64200000000	228746
64300000000	228636
64400000000	228462
64500000000	229039
64600000000	228369
64700000000	229064
64800000000	229529
64900000000	228724
65000000000	229480
65100000000	230095
65200000000	228439
65300000000	228792
65400000000	228311
65500000000	229041
65600000000	228069
65700000000	229385
65800000000	229038
65900000000	228803
66000000000	228933
66100000000	229096
66200000000	228949
66300000000	229277
66400000000	229231
66500000000	228341
66600000000	229194
66700000000	229421
66800000000	228871
66900000000	229377
67000000000	229345
67100000000	229242
67200000000	229116
67300000000	229088
67400000000	228795
67500000000	229772
67600000000	228863
67700000000	229225
67800000000	229309
67900000000	229290
68000000000	228623
68100000000	228997
68200000000	228871
68300000000	229047
68400000000	229534
68500000000	229244
68600000000	229381
68700000000	229181
68800000000	229205
68900000000	229622
69000000000	229336
69100000000	229022
69200000000	229098
69300000000	228691
69400000000	229284
69500000000	229216
69600000000	229827
69700000000	228640
69800000000	229314
69900000000	228607
70000000000	228581
70100000000	229597
70200000000	229711
70300000000	228915
70400000000	230096
70500000000	228283
70600000000	228603
70700000000	229091
70800000000	228951
70900000000	229547
71000000000	229665
71100000000	228844
71200000000	229038
71300000000	229070
71400000000	229807
71500000000	228510
71600000000	229289
71700000000	228732
71800000000	229050
71900000000	229170
72000000000	228689
72100000000	228796
72200000000	228626
72300000000	229249
72400000000	229896
72500000000	229235
72600000000	229403
72700000000	228838
72800000000	229113
72900000000	229041
73000000000	228537
73100000000	228950
73200000000	229032
73300000000	229588
73400000000	230604
73500000000	229941
73600000000	229045
73700000000	229880
73800000000	229257
73900000000	229495
74000000000	229128
74100000000	229202
74200000000	229627
74300000000	228769
74400000000	229509
74500000000	229386
74600000000	228626
74700000000	229371
74800000000	228789
74900000000	229830
75000000000	228603
75100000000	228279
75200000000	227466
75300000000	227551
75400000000	227572
75500000000	227855
75600000000	226519
75700000000	226952
75800000000	228260
75900000000	227587
76000000000	227074
76100000000	227036
76200000000	227250
76300000000	227333
76400000000	226762
76500000000	226959
76600000000	227203
76700000000	227064
76800000000	226511
76900000000	226116
77000000000	227201
77100000000	226643
77200000000	228020
77300000000	226649
77400000000	226340
77500000000	227939
77600000000	227012
77700000000	226249
77800000000	226486
77900000000	226711
78000000000	226626
78100000000	226814
78200000000	225888
78300000000	226504
78400000000	225669
78500000000	225911
78600000000	226653
78700000000	226641
78800000000	226144
78900000000	225843
79000000000	226556
79100000000	227537
79200000000	227163
79300000000	226316
79400000000	227197
79500000000	225319
79600000000	227017
79700000000	225918
79800000000	226459
79900000000	226014
80000000000	225975
80100000000	226765
80200000000	224775
80300000000	225510
80400000000	225460
80500000000	225664
80600000000	225798
80700000000	225690
80800000000	226404
80900000000	226624
81000000000	226979
81100000000	226212
81200000000	225882
81300000000	225688
81400000000	226451
81500000000	226005
81600000000	226312
81700000000	226378
81800000000	226817
81900000000	226089
82000000000	225264
82100000000	226694
82200000000	225892
82300000000	226262
82400000000	226614
82500000000	224848
82600000000	225749
82700000000	225930
82800000000	226362
82900000000	225179
83000000000	225964
83100000000	225718
83200000000	225422
83300000000	226056
83400000000	226419
83500000000	225649
83600000000	225615
83700000000	225454
83800000000	226354
83900000000	226226
84000000000	225961
84100000000	225968
84200000000	226250
84300000000	226153
84400000000	225167
84500000000	226041
84600000000	225391
84700000000	225814
84800000000	226262
84900000000	225971
85000000000	225771
85100000000	226491
85200000000	225614
85300000000	225931
85400000000	226571
85500000000	225892
85600000000	225945
85700000000	225317
85800000000	226046
85900000000	226118
86000000000	225931
86100000000	225478
86200000000	225259
86300000000	225468
86400000000	225473
86500000000	225289
86600000000	225624
86700000000	225044
86800000000	225497
86900000000	225581
87000000000	225691
87100000000	225264
87200000000	225052
87300000000	225713
87400000000	224619
87500000000	224783
87600000000	225300
87700000000	225719
87800000000	225219
87900000000	226057
88000000000	225584
88100000000	225043
88200000000	226072
88300000000	225775
88400000000	224837
88500000000	225837
88600000000	225188
88700000000	226292
88800000000	223478
88900000000	225157
89000000000	225613
89100000000	225779
89200000000	225327
89300000000	224821
89400000000	225221
89500000000	225487
89600000000	225082
89700000000	224432
89800000000	226009
89900000000	225669
90000000000	224957
90100000000	224970
90200000000	224883
90300000000	224690
90400000000	224929
90500000000	224640
90600000000	224853
90700000000	225977
90800000000	226088
90900000000	225112
91000000000	225208
91100000000	225482
91200000000	225622
91300000000	224602
91400000000	225551
91500000000	226539
91600000000	226142
91700000000	225306
91800000000	225065
91900000000	225701
92000000000	226081
92100000000	226043
92200000000	225273
92300000000	226417
92400000000	225754
92500000000	224710
92600000000	225869
92700000000	225287
92800000000	225062
92900000000	225359
93000000000	225250
93100000000	225267
93200000000	225879
93300000000	225717
93400000000	224983
93500000000	225464
93600000000	225963
93700000000	224892
93800000000	225575
93900000000	224244
94000000000	225650
94100000000	225316
94200000000	225366
94300000000	225889
94400000000	225450
94500000000	225024
94600000000	225477
94700000000	225984
94800000000	224779
94900000000	225970
95000000000	225357
95100000000	225152
95200000000	225108
95300000000	225478
95400000000	226049
95500000000	225472
95600000000	224945
95700000000	224420
95800000000	225204
95900000000	225112
96000000000	224659
96100000000	225246
96200000000	224907
96300000000	225256
96400000000	225539
96500000000	224932
96600000000	226043
96700000000	225423
96800000000	225704
96900000000	226017
97000000000	225668
97100000000	225110
97200000000	224990
97300000000	225112
97400000000	225676
97500000000	225296
97600000000	225383
97700000000	225746
97800000000	225233
97900000000	225873
98000000000	225305
98100000000	225124
98200000000	225300
98300000000	224835
98400000000	225612
98500000000	225852
98600000000	224991
98700000000	226081
98800000000	225694
98900000000	226019
99000000000	224991
99100000000	225439
99200000000	225344
99300000000	225131
99400000000	225458
99500000000	224836
99600000000	224638
99700000000	224842
99800000000	224847
99900000000	225372
