"Time (ps)"	"Counts per bin"
0	163
100000	130
200000	142
300000	143
400000	140
500000	143
600000	143
700000	155
800000	124
900000	139
1000000	145
1100000	156
1200000	141
1300000	146
1400000	149
1500000	130
1600000	132
1700000	142
1800000	137
1900000	123
2000000	153
2100000	135
2200000	134
2300000	138
2400000	135
2500000	141
2600000	172
2700000	136
2800000	138
2900000	136
3000000	166
3100000	128
3200000	148
3300000	142
3400000	139
3500000	162
3600000	134
3700000	126
3800000	152
3900000	132
4000000	147
4100000	132
4200000	130
4300000	140
4400000	129
4500000	143
4600000	138
4700000	150
4800000	132
4900000	140
5000000	121
5100000	123
5200000	150
5300000	136
5400000	130
5500000	141
5600000	130
5700000	147
5800000	138
5900000	132
6000000	143
6100000	144
6200000	155
6300000	131
6400000	137
6500000	136
6600000	139
6700000	147
6800000	142
6900000	113
7000000	135
7100000	129
7200000	152
7300000	133
7400000	127
7500000	148
7600000	124
7700000	139
7800000	143
7900000	156
8000000	121
8100000	134
8200000	128
8300000	115
8400000	126
8500000	142
8600000	121
8700000	119
8800000	133
8900000	149
9000000	120
9100000	142
9200000	134
9300000	135
9400000	109
9500000	136
9600000	147
9700000	125
9800000	121
9900000	109
10000000	107
10100000	112
10200000	122
10300000	119
10400000	129
10500000	138
10600000	116
10700000	117
10800000	130
10900000	122
11000000	125
11100000	114
11200000	128
11300000	132
11400000	108
11500000	150
11600000	134
11700000	138
11800000	147
11900000	115
12000000	103
12100000	120
12200000	136
12300000	110
12400000	108
12500000	125
12600000	123
12700000	135
12800000	131
12900000	127
13000000	126
13100000	117
13200000	109
13300000	127
13400000	108
13500000	128
13600000	114
13700000	131
13800000	117
13900000	104
14000000	134
14100000	119
14200000	115
14300000	130
14400000	105
14500000	120
14600000	144
14700000	123
14800000	105
14900000	127
15000000	118
15100000	108
15200000	99
15300000	108
15400000	117
15500000	124
15600000	114
15700000	106
15800000	117
15900000	115
16000000	106
16100000	113
16200000	106
16300000	102
16400000	96
16500000	124
16600000	106
16700000	126
16800000	119
16900000	105
17000000	115
17100000	122
17200000	114
17300000	126
17400000	82
17500000	112
17600000	108
17700000	130
17800000	115
17900000	99
18000000	121
18100000	103
18200000	116
18300000	94
18400000	90
18500000	107
18600000	90
18700000	85
18800000	95
18900000	124
19000000	87
19100000	103
19200000	117
19300000	102
19400000	93
19500000	110
19600000	110
19700000	105
19800000	99
19900000	102
20000000	122
20100000	98
20200000	101
20300000	112
20400000	115
20500000	99
20600000	117
20700000	72
20800000	90
20900000	117
21000000	107
21100000	109
21200000	86
21300000	107
21400000	106
21500000	109
21600000	110
21700000	113
21800000	101
21900000	93
22000000	89
22100000	104
22200000	88
22300000	115
22400000	94
22500000	90
22600000	89
22700000	112
22800000	105
22900000	104
23000000	92
23100000	88
23200000	91
23300000	118
23400000	96
23500000	101
23600000	124
23700000	103
23800000	103
23900000	108
24000000	103
24100000	104
24200000	89
24300000	101
24400000	106
24500000	90
24600000	82
24700000	108
24800000	91
24900000	115
25000000	88
25100000	92
25200000	86
25300000	105
25400000	83
25500000	96
25600000	83
25700000	102
25800000	105
25900000	101
26000000	82
26100000	69
26200000	92
26300000	90
26400000	99
26500000	90
26600000	107
26700000	90
26800000	78
26900000	86
27000000	89
27100000	97
27200000	76
27300000	85
27400000	81
27500000	101
27600000	78
27700000	88
27800000	99
27900000	80
28000000	89
28100000	105
28200000	115
28300000	92
28400000	100
28500000	100
28600000	85
28700000	81
28800000	84
28900000	89
29000000	78
29100000	83
29200000	88
29300000	95
29400000	98
29500000	94
29600000	90
29700000	102
29800000	88
29900000	80
30000000	88
30100000	89
30200000	83
30300000	78
30400000	81
30500000	100
30600000	100
30700000	82
30800000	98
30900000	95
31000000	81
31100000	101
31200000	92
31300000	100
31400000	93
31500000	97
31600000	88
31700000	88
31800000	79
31900000	100
32000000	83
32100000	71
32200000	91
32300000	85
32400000	87
32500000	100
32600000	78
32700000	94
32800000	86
32900000	98
33000000	79
33100000	81
33200000	98
33300000	75
33400000	88
33500000	85
33600000	94
33700000	95
33800000	85
33900000	86
34000000	89
34100000	71
34200000	83
34300000	99
34400000	86
34500000	89
34600000	84
34700000	82
34800000	74
34900000	78
35000000	68
35100000	85
35200000	87
35300000	85
35400000	82
35500000	82
35600000	86
35700000	85
35800000	82
35900000	83
36000000	62
36100000	78
36200000	88
36300000	85
36400000	77
36500000	63
36600000	97
36700000	102
36800000	78
36900000	84
37000000	75
37100000	80
37200000	70
37300000	76
37400000	84
37500000	78
37600000	76
37700000	82
37800000	81
37900000	83
38000000	85
38100000	70
38200000	61
38300000	86
38400000	74
38500000	100
38600000	68
38700000	83
38800000	83
38900000	86
39000000	74
39100000	76
39200000	84
39300000	82
39400000	106
39500000	80
39600000	91
39700000	79
39800000	92
39900000	68
40000000	72
40100000	72
40200000	94
40300000	92
40400000	71
40500000	77
40600000	75
40700000	74
40800000	80
40900000	84
41000000	84
41100000	76
41200000	75
41300000	77
41400000	64
41500000	83
41600000	79
41700000	76
41800000	73
41900000	81
42000000	59
42100000	85
42200000	70
42300000	75
42400000	78
42500000	88
42600000	81
42700000	86
42800000	60
42900000	80
43000000	76
43100000	79
43200000	87
43300000	82
43400000	81
43500000	93
43600000	78
43700000	81
43800000	88
43900000	80
44000000	73
44100000	77
44200000	65
44300000	71
44400000	64
44500000	74
44600000	76
44700000	61
44800000	80
44900000	76
45000000	69
45100000	56
45200000	70
45300000	75
45400000	66
45500000	60
45600000	75
45700000	73
45800000	81
45900000	78
46000000	72
46100000	90
46200000	73
46300000	69
46400000	68
46500000	81
46600000	67
46700000	84
46800000	76
46900000	80
47000000	79
47100000	85
47200000	67
47300000	50
47400000	73
47500000	84
47600000	60
47700000	89
47800000	86
47900000	87
48000000	53
48100000	78
48200000	69
48300000	71
48400000	77
48500000	80
48600000	69
48700000	55
48800000	68
48900000	80
49000000	66
49100000	68
49200000	69
49300000	75
49400000	74
49500000	78
49600000	73
49700000	75
49800000	68
49900000	76
50000000	70
50100000	78
50200000	83
50300000	63
50400000	80
50500000	51
50600000	88
50700000	74
50800000	68
50900000	64
51000000	68
51100000	73
51200000	72
51300000	78
51400000	62
51500000	70
51600000	72
51700000	73
51800000	54
51900000	59
52000000	61
52100000	65
52200000	59
52300000	72
52400000	59
52500000	60
52600000	61
52700000	52
52800000	55
52900000	70
53000000	60
53100000	62
53200000	66
53300000	72
53400000	60
53500000	59
53600000	71
53700000	64
53800000	77
53900000	75
54000000	61
54100000	68
54200000	64
54300000	64
54400000	80
54500000	63
54600000	81
54700000	71
54800000	60
54900000	71
55000000	54
55100000	70
55200000	60
55300000	71
55400000	66
55500000	66
55600000	59
55700000	63
55800000	74
55900000	67
56000000	70
56100000	60
56200000	62
56300000	56
56400000	54
56500000	90
56600000	63
56700000	64
56800000	64
56900000	78
57000000	63
57100000	53
57200000	58
57300000	59
57400000	60
57500000	61
57600000	65
57700000	61
57800000	58
57900000	63
58000000	65
58100000	64
58200000	66
58300000	50
58400000	63
58500000	69
58600000	63
58700000	64
58800000	61
58900000	69
59000000	57
59100000	66
59200000	66
59300000	65
59400000	63
59500000	62
59600000	61
59700000	64
59800000	48
59900000	66
60000000	65
60100000	60
60200000	63
60300000	70
60400000	54
60500000	56
60600000	58
60700000	56
60800000	59
60900000	59
61000000	54
61100000	59
61200000	60
61300000	62
61400000	66
61500000	53
61600000	66
61700000	69
61800000	56
61900000	58
62000000	66
62100000	59
62200000	67
62300000	67
62400000	60
62500000	62
62600000	52
62700000	67
62800000	56
62900000	60
63000000	62
63100000	73
63200000	55
63300000	51
63400000	47
63500000	54
63600000	72
63700000	49
63800000	49
63900000	55
64000000	58
64100000	59
64200000	51
64300000	52
64400000	59
64500000	58
64600000	65
64700000	77
64800000	46
64900000	44
65000000	47
65100000	70
65200000	57
65300000	58
65400000	75
65500000	62
65600000	65
65700000	62
65800000	54
65900000	61
66000000	53
66100000	64
66200000	64
66300000	46
66400000	57
66500000	61
66600000	53
66700000	74
66800000	50
66900000	64
67000000	57
67100000	53
67200000	46
67300000	59
67400000	42
67500000	43
67600000	61
67700000	49
67800000	58
67900000	55
68000000	55
68100000	57
68200000	64
68300000	53
68400000	45
68500000	63
68600000	66
68700000	64
68800000	70
68900000	65
69000000	60
69100000	55
69200000	62
69300000	57
69400000	52
69500000	53
69600000	39
69700000	53
69800000	49
69900000	60
70000000	48
70100000	53
70200000	39
70300000	53
70400000	57
70500000	54
70600000	41
70700000	62
70800000	59
70900000	46
71000000	49
71100000	55
71200000	53
71300000	53
71400000	48
71500000	49
71600000	52
71700000	43
71800000	52
71900000	58
72000000	53
72100000	74
72200000	56
72300000	43
72400000	46
72500000	57
72600000	53
72700000	51
72800000	56
72900000	69
73000000	53
73100000	54
73200000	37
73300000	68
73400000	51
73500000	50
73600000	48
73700000	44
73800000	62
73900000	49
74000000	46
74100000	54
74200000	36
74300000	37
74400000	43
74500000	54
74600000	52
74700000	51
74800000	56
74900000	52
75000000	49
75100000	48
75200000	48
75300000	60
75400000	64
75500000	56
75600000	56
75700000	49
75800000	53
75900000	52
76000000	45
76100000	57
76200000	53
76300000	55
76400000	47
76500000	51
76600000	59
76700000	53
76800000	51
76900000	67
77000000	51
77100000	51
77200000	45
77300000	53
77400000	70
77500000	54
77600000	42
77700000	59
77800000	56
77900000	54
78000000	45
78100000	58
78200000	51
78300000	46
78400000	51
78500000	46
78600000	57
78700000	30
78800000	68
78900000	34
79000000	41
79100000	50
79200000	67
79300000	46
79400000	37
79500000	49
79600000	56
79700000	42
79800000	56
79900000	58
80000000	45
80100000	32
80200000	57
80300000	55
80400000	44
80500000	53
80600000	38
80700000	60
80800000	47
80900000	63
81000000	36
81100000	47
81200000	50
81300000	40
81400000	40
81500000	47
81600000	45
81700000	48
81800000	53
81900000	49
82000000	47
82100000	52
82200000	43
82300000	48
82400000	45
82500000	35
82600000	47
82700000	59
82800000	57
82900000	56
83000000	56
83100000	51
83200000	52
83300000	56
83400000	40
83500000	58
83600000	45
83700000	44
83800000	63
83900000	39
84000000	49
84100000	45
84200000	47
84300000	37
84400000	47
84500000	42
84600000	53
84700000	47
84800000	60
84900000	30
85000000	49
85100000	45
85200000	50
85300000	36
85400000	44
85500000	53
85600000	38
85700000	47
85800000	49
85900000	41
86000000	46
86100000	48
86200000	56
86300000	45
86400000	39
86500000	33
86600000	43
86700000	57
86800000	39
86900000	64
87000000	44
87100000	43
87200000	43
87300000	39
87400000	44
87500000	42
87600000	39
87700000	38
87800000	44
87900000	47
88000000	45
88100000	39
88200000	43
88300000	48
88400000	36
88500000	46
88600000	51
88700000	40
88800000	41
88900000	48
89000000	63
89100000	36
89200000	31
89300000	38
89400000	42
89500000	51
89600000	48
89700000	43
89800000	52
89900000	48
90000000	40
90100000	31
90200000	37
90300000	47
90400000	43
90500000	45
90600000	41
90700000	45
90800000	46
90900000	42
91000000	56
91100000	36
91200000	33
91300000	37
91400000	44
91500000	43
91600000	42
91700000	47
91800000	42
91900000	42
92000000	48
92100000	49
92200000	36
92300000	41
92400000	34
92500000	40
92600000	60
92700000	38
92800000	33
92900000	25
93000000	30
93100000	48
93200000	41
93300000	43
93400000	40
93500000	44
93600000	40
93700000	37
93800000	29
93900000	39
94000000	39
94100000	53
94200000	39
94300000	49
94400000	49
94500000	44
94600000	31
94700000	35
94800000	32
94900000	43
95000000	41
95100000	38
95200000	47
95300000	41
95400000	44
95500000	59
95600000	31
95700000	58
95800000	32
95900000	40
96000000	30
96100000	42
96200000	46
96300000	40
96400000	32
96500000	32
96600000	27
96700000	37
96800000	38
96900000	45
97000000	43
97100000	30
97200000	34
97300000	49
97400000	40
97500000	50
97600000	33
97700000	45
97800000	39
97900000	40
98000000	44
98100000	41
98200000	42
98300000	38
98400000	47
98500000	36
98600000	44
98700000	37
98800000	35
98900000	35
99000000	38
99100000	44
99200000	39
99300000	37
99400000	40
99500000	44
99600000	28
99700000	43
99800000	41
99900000	46
