"Time (ps)"	"Counts per bin"
0	1207802
5000000	1208965
10000000	1207031
15000000	1206477
20000000	1208543
25000000	1205922
30000000	1208637
35000000	1208883
40000000	1208346
45000000	1209342
50000000	1209626
55000000	1209573
60000000	1207872
65000000	1210751
70000000	1208609
75000000	1209495
80000000	1209219
85000000	1208971
90000000	1208221
95000000	1208468
100000000	1208216
105000000	1210531
110000000	1210178
115000000	1208714
120000000	1210440
125000000	1210364
130000000	1209864
135000000	1209177
140000000	1210858
145000000	1208559
150000000	1209715
155000000	1209973
160000000	1210441
165000000	1210582
170000000	1207868
175000000	1210306
180000000	1209986
185000000	1211129
190000000	1208801
195000000	1208954
200000000	1207826
205000000	1210808
210000000	1210620
215000000	1209387
220000000	1208544
225000000	1209106
230000000	1211513
235000000	1210060
240000000	1211702
245000000	1212016
250000000	1210761
255000000	1210412
260000000	1211536
265000000	1208876
270000000	1209806
275000000	1210951
280000000	1211007
285000000	1211564
290000000	1209426
295000000	1210319
300000000	1211180
305000000	1210787
310000000	1210612
315000000	1209863
320000000	1211042
325000000	1210032
330000000	1210488
335000000	1208913
340000000	1209810
345000000	1209678
350000000	1211090
355000000	1208314
360000000	1209422
365000000	1212225
370000000	1209938
375000000	1210235
380000000	1210475
385000000	1209820
390000000	1210935
395000000	1211742
400000000	1210427
405000000	1212759
410000000	1210313
415000000	1209340
420000000	1210701
425000000	1210467
430000000	1210136
435000000	1211805
440000000	1210086
445000000	1210214
450000000	1210454
455000000	1209548
460000000	1208828
465000000	1210884
470000000	1210936
475000000	1213380
480000000	1209547
485000000	1211445
490000000	1211071
495000000	1210396
500000000	1212270
505000000	1213006
510000000	1210438
515000000	1209504
520000000	1211623
525000000	1208933
530000000	1210204
535000000	1211307
540000000	1212620
545000000	1210809
550000000	1210065
555000000	1210093
560000000	1208960
565000000	1211565
570000000	1212306
575000000	1209791
580000000	1207994
585000000	1211006
590000000	1210563
595000000	1209478
600000000	1211810
605000000	1209163
610000000	1211121
615000000	1211757
620000000	1211930
625000000	1211494
630000000	1212449
635000000	1212184
640000000	1209631
645000000	1209171
650000000	1210646
655000000	1210757
660000000	1210850
665000000	1210977
670000000	1212082
675000000	1210846
680000000	1211632
685000000	1210031
690000000	1209526
695000000	1210713
700000000	1210434
705000000	1212212
710000000	1209623
715000000	1213053
720000000	1210691
725000000	1210932
730000000	1211918
735000000	1210887
740000000	1208722
745000000	1210673
750000000	1208419
755000000	1208771
760000000	1210684
765000000	1212172
770000000	1210042
775000000	1212216
780000000	1211519
785000000	1209820
790000000	1211723
795000000	1210093
800000000	1210203
805000000	1209948
810000000	1211911
815000000	1212186
820000000	1211063
825000000	1211574
830000000	1211247
835000000	1209755
840000000	1210361
845000000	1210640
850000000	1210776
855000000	1210332
860000000	1209550
865000000	1208954
870000000	1210169
875000000	1213849
880000000	1210109
885000000	1211132
890000000	1210748
895000000	1210976
900000000	1212910
905000000	1212835
910000000	1210833
915000000	1209753
920000000	1209356
925000000	1211028
930000000	1209259
935000000	1210246
940000000	1211078
945000000	1212786
950000000	1210963
955000000	1211480
960000000	1211525
965000000	1211657
970000000	1210375
975000000	1210110
980000000	1211250
985000000	1210222
990000000	1211789
995000000	1210325
1000000000	1209594
1005000000	1210677
1010000000	1209931
1015000000	1211749
1020000000	1210177
1025000000	1210592
1030000000	1209057
1035000000	1208693
1040000000	1210953
1045000000	1210718
1050000000	1212065
1055000000	1210666
1060000000	1209877
1065000000	1208079
1070000000	1211297
1075000000	1210117
1080000000	1209476
1085000000	1208870
1090000000	1209146
1095000000	1210320
1100000000	1208210
1105000000	1206940
1110000000	1208244
1115000000	1207501
1120000000	1211118
1125000000	1210387
1130000000	1207600
1135000000	1209734
1140000000	1209061
1145000000	1209307
1150000000	1208381
1155000000	1208807
1160000000	1207454
1165000000	1207808
1170000000	1207242
1175000000	1207456
1180000000	1207068
1185000000	1208595
1190000000	1207346
1195000000	1207540
1200000000	1208475
1205000000	1206105
1210000000	1208110
1215000000	1209899
1220000000	1208692
1225000000	1207836
1230000000	1208596
1235000000	1207007
1240000000	1207578
1245000000	1207246
1250000000	1208340
1255000000	1207755
1260000000	1207310
1265000000	1209016
1270000000	1206950
1275000000	1207986
1280000000	1207928
1285000000	1206218
1290000000	1208156
1295000000	1207192
1300000000	1209324
1305000000	1206390
1310000000	1208367
1315000000	1207583
1320000000	1206617
1325000000	1205502
1330000000	1207963
1335000000	1207206
1340000000	1208223
1345000000	1207682
1350000000	1207395
1355000000	1207801
1360000000	1208446
1365000000	1208768
1370000000	1208559
1375000000	1206672
1380000000	1206336
1385000000	1206751
1390000000	1206059
1395000000	1206323
1400000000	1204124
1405000000	1205468
1410000000	1207526
1415000000	1207582
1420000000	1209480
1425000000	1207919
1430000000	1208391
1435000000	1207666
1440000000	1208090
1445000000	1206335
1450000000	1208704
1455000000	1210021
1460000000	1206164
1465000000	1207364
1470000000	1207601
1475000000	1207690
1480000000	1207182
1485000000	1206774
1490000000	1206414
1495000000	1208415
1500000000	1207080
1505000000	1208410
1510000000	1206018
1515000000	1206814
1520000000	1208671
1525000000	1208014
1530000000	1208094
1535000000	1206699
1540000000	1207904
1545000000	1208056
1550000000	1206738
1555000000	1207752
1560000000	1208033
1565000000	1208067
1570000000	1207200
1575000000	1207372
1580000000	1207395
1585000000	1207155
1590000000	1206788
1595000000	1206631
1600000000	1206309
1605000000	1208109
1610000000	1206533
1615000000	1206960
1620000000	1206131
1625000000	1208521
1630000000	1208059
1635000000	1207731
1640000000	1206548
1645000000	1205949
1650000000	1207356
1655000000	1207409
1660000000	1205814
1665000000	1204955
1670000000	1205410
1675000000	1207601
1680000000	1206459
1685000000	1205063
1690000000	1206863
1695000000	1207095
1700000000	1207636
1705000000	1207242
1710000000	1206682
1715000000	1207510
1720000000	1206946
1725000000	1207328
1730000000	1206197
1735000000	1209000
1740000000	1207076
1745000000	1206780
1750000000	1206746
1755000000	1205115
1760000000	1205309
1765000000	1205891
1770000000	1205673
1775000000	1208282
1780000000	1207067
1785000000	1207175
1790000000	1208229
1795000000	1206370
1800000000	1206048
1805000000	1205170
1810000000	1207041
1815000000	1208055
1820000000	1204976
1825000000	1205301
1830000000	1205606
1835000000	1208088
1840000000	1206516
1845000000	1208121
1850000000	1207135
1855000000	1206010
1860000000	1207080
1865000000	1207731
1870000000	1206945
1875000000	1205560
1880000000	1205801
1885000000	1206133
1890000000	1205875
1895000000	1204848
1900000000	1207167
1905000000	1208866
1910000000	1206433
1915000000	1204482
1920000000	1206332
1925000000	1205864
1930000000	1205293
1935000000	1205467
1940000000	1207581
1945000000	1204693
1950000000	1205863
1955000000	1205270
1960000000	1206697
1965000000	1207714
1970000000	1205984
1975000000	1207757
1980000000	1206233
1985000000	1206348
1990000000	1209818
1995000000	1205173
2000000000	1207747
2005000000	1208906
2010000000	1207012
2015000000	1206988
2020000000	1208099
2025000000	1205890
2030000000	1208840
2035000000	1208568
2040000000	1208434
2045000000	1209532
2050000000	1209759
2055000000	1209518
2060000000	1207703
2065000000	1210642
2070000000	1208570
2075000000	1209707
2080000000	1209024
2085000000	1208966
2090000000	1208106
2095000000	1208982
2100000000	1207820
2105000000	1210295
2110000000	1210665
2115000000	1208406
2120000000	1210662
2125000000	1210153
2130000000	1210030
2135000000	1209100
2140000000	1210600
2145000000	1208821
2150000000	1209709
2155000000	1210102
2160000000	1210203
2165000000	1210866
2170000000	1207962
2175000000	1209967
2180000000	1209963
2185000000	1211307
2190000000	1208670
2195000000	1209119
2200000000	1207897
2205000000	1210621
2210000000	1210541
2215000000	1210021
2220000000	1207937
2225000000	1208866
2230000000	1211620
2235000000	1209872
2240000000	1212085
2245000000	1211784
2250000000	1211013
2255000000	1210092
2260000000	1211745
2265000000	1208721
2270000000	1210008
2275000000	1210847
2280000000	1211166
2285000000	1211459
2290000000	1209615
2295000000	1210082
2300000000	1211399
2305000000	1210724
2310000000	1210286
2315000000	1210334
2320000000	1210628
2325000000	1210002
2330000000	1210797
2335000000	1208781
2340000000	1209460
2345000000	1210059
2350000000	1211012
2355000000	1208458
2360000000	1209399
2365000000	1212092
2370000000	1209934
2375000000	1210197
2380000000	1210377
2385000000	1210059
2390000000	1210728
2395000000	1211843
2400000000	1210270
2405000000	1213075
2410000000	1210044
2415000000	1209539
2420000000	1210283
2425000000	1210773
2430000000	1210018
2435000000	1211737
2440000000	1210111
2445000000	1210293
2450000000	1210537
2455000000	1209723
2460000000	1208797
2465000000	1211014
2470000000	1210662
2475000000	1213204
2480000000	1209479
2485000000	1211779
2490000000	1210819
2495000000	1210770
2500000000	1211882
2505000000	1213133
2510000000	1210630
2515000000	1209263
2520000000	1211844
2525000000	1208798
2530000000	1210252
2535000000	1211191
2540000000	1212570
2545000000	1210694
2550000000	1210271
2555000000	1209676
2560000000	1209616
2565000000	1211110
2570000000	1212404
2575000000	1209731
2580000000	1208144
2585000000	1210785
2590000000	1210652
2595000000	1209817
2600000000	1211422
2605000000	1209477
2610000000	1210882
2615000000	1211713
2620000000	1212161
2625000000	1211419
2630000000	1212135
2635000000	1212616
2640000000	1209353
2645000000	1209433
2650000000	1210520
2655000000	1211037
2660000000	1210483
2665000000	1211042
2670000000	1212092
2675000000	1210839
2680000000	1211451
2685000000	1210155
2690000000	1209440
2695000000	1210796
2700000000	1210449
2705000000	1211893
2710000000	1210011
2715000000	1212856
2720000000	1210435
2725000000	1211257
2730000000	1212024
2735000000	1210976
2740000000	1208940
2745000000	1210352
2750000000	1208525
2755000000	1208727
2760000000	1210640
2765000000	1211874
2770000000	1210300
2775000000	1212222
2780000000	1211499
2785000000	1209895
2790000000	1211552
2795000000	1210258
2800000000	1209966
2805000000	1209926
2810000000	1212265
2815000000	1212215
2820000000	1210854
2825000000	1211372
2830000000	1211443
2835000000	1209628
2840000000	1210442
2845000000	1210915
2850000000	1210477
2855000000	1210371
2860000000	1209453
2865000000	1208730
2870000000	1210289
2875000000	1213841
2880000000	1210355
2885000000	1211213
2890000000	1210680
2895000000	1210937
2900000000	1213089
2905000000	1212695
2910000000	1210686
2915000000	1209858
2920000000	1209322
2925000000	1211049
2930000000	1209053
2935000000	1210357
2940000000	1211058
2945000000	1212730
2950000000	1211177
2955000000	1211261
2960000000	1211617
2965000000	1211886
2970000000	1210218
2975000000	1209987
2980000000	1211345
2985000000	1209992
2990000000	1211748
2995000000	1210860
3000000000	1209331
3005000000	1210517
3010000000	1210117
3015000000	1211564
3020000000	1210101
3025000000	1210879
3030000000	1208862
3035000000	1208645
3040000000	1210995
3045000000	1210909
3050000000	1212004
3055000000	1210517
3060000000	1210344
3065000000	1207661
3070000000	1211438
3075000000	1210010
3080000000	1209317
3085000000	1209012
3090000000	1209017
3095000000	1210506
3100000000	1208197
3105000000	1207172
3110000000	1208206
3115000000	1207170
3120000000	1211324
3125000000	1210658
3130000000	1207239
3135000000	1209627
3140000000	1208957
3145000000	1209424
3150000000	1208524
3155000000	1208738
3160000000	1207634
3165000000	1207856
3170000000	1206929
3175000000	1207694
3180000000	1207106
3185000000	1208394
3190000000	1207150
3195000000	1208021
3200000000	1208131
3205000000	1205764
3210000000	1208794
3215000000	1209403
3220000000	1208916
3225000000	1207908
3230000000	1208567
3235000000	1206990
3240000000	1207440
3245000000	1207143
3250000000	1208442
3255000000	1207907
3260000000	1207418
3265000000	1208777
3270000000	1207115
3275000000	1207964
3280000000	1207685
3285000000	1206507
3290000000	1207863
3295000000	1207074
3300000000	1209915
3305000000	1206213
3310000000	1208384
3315000000	1207290
3320000000	1206514
3325000000	1206009
3330000000	1207423
3335000000	1207415
3340000000	1208217
3345000000	1208055
3350000000	1207239
3355000000	1207848
3360000000	1208086
3365000000	1208876
3370000000	1208617
3375000000	1206636
3380000000	1206363
3385000000	1206625
3390000000	1206424
3395000000	1206171
3400000000	1204239
3405000000	1205404
3410000000	1207292
3415000000	1207763
3420000000	1209449
3425000000	1207978
3430000000	1208147
3435000000	1207511
3440000000	1208304
3445000000	1206497
3450000000	1208502
3455000000	1209923
3460000000	1206234
3465000000	1207430
3470000000	1207533
3475000000	1207537
3480000000	1207559
3485000000	1206578
3490000000	1206406
3495000000	1208451
3500000000	1207212
3505000000	1208264
3510000000	1205923
3515000000	1206874
3520000000	1208468
3525000000	1208384
3530000000	1208174
3535000000	1206480
3540000000	1207953
3545000000	1208050
3550000000	1206906
3555000000	1207478
3560000000	1208121
3565000000	1207893
3570000000	1207137
3575000000	1207708
3580000000	1207226
3585000000	1207126
3590000000	1206872
3595000000	1206477
3600000000	1206369
3605000000	1207925
3610000000	1207019
3615000000	1206543
3620000000	1206362
3625000000	1208381
3630000000	1208226
3635000000	1207466
3640000000	1206842
3645000000	1205768
3650000000	1207235
3655000000	1207497
3660000000	1206060
3665000000	1204853
3670000000	1205636
3675000000	1207127
3680000000	1206582
3685000000	1205082
3690000000	1206816
3695000000	1207241
3700000000	1207625
3705000000	1207197
3710000000	1206845
3715000000	1207318
3720000000	1207081
3725000000	1207141
3730000000	1206500
3735000000	1208841
3740000000	1207059
3745000000	1206682
3750000000	1206657
3755000000	1205181
3760000000	1205451
3765000000	1205931
3770000000	1205701
3775000000	1208170
3780000000	1207011
3785000000	1207212
3790000000	1208299
3795000000	1206395
3800000000	1206119
3805000000	1205197
3810000000	1206913
3815000000	1207919
3820000000	1205016
3825000000	1205185
3830000000	1205619
3835000000	1208330
3840000000	1206499
3845000000	1207983
3850000000	1207266
3855000000	1205934
3860000000	1206987
3865000000	1207757
3870000000	1206946
3875000000	1205404
3880000000	1206021
3885000000	1206367
3890000000	1205717
3895000000	1204656
3900000000	1207249
3905000000	1208680
3910000000	1206588
3915000000	1204442
3920000000	1206489
3925000000	1205604
3930000000	1205756
3935000000	1205048
3940000000	1207662
3945000000	1204734
3950000000	1205938
3955000000	1204858
3960000000	1206983
3965000000	1207567
3970000000	1205987
3975000000	1207688
3980000000	1206434
3985000000	1206427
3990000000	1210093
3995000000	1204785
4000000000	1207619
4005000000	1208919
4010000000	1207391
4015000000	1206487
4020000000	1208057
4025000000	1206026
4030000000	1208790
4035000000	1208682
4040000000	1208248
4045000000	1209939
4050000000	1209739
4055000000	1209240
4060000000	1207641
4065000000	1210672
4070000000	1208847
4075000000	1209716
4080000000	1208869
4085000000	1208926
4090000000	1208314
4095000000	1208863
4100000000	1207731
4105000000	1210484
4110000000	1210271
4115000000	1208753
4120000000	1210383
4125000000	1210405
4130000000	1209896
4135000000	1209102
4140000000	1210628
4145000000	1208934
4150000000	1209629
4155000000	1209770
4160000000	1210352
4165000000	1210809
4170000000	1208371
4175000000	1209569
4180000000	1210143
4185000000	1211337
4190000000	1208594
4195000000	1209140
4200000000	1207607
4205000000	1210978
4210000000	1210302
4215000000	1209819
4220000000	1208172
4225000000	1209021
4230000000	1211376
4235000000	1209996
4240000000	1212111
4245000000	1211659
4250000000	1210949
4255000000	1210408
4260000000	1211624
4265000000	1208822
4270000000	1209828
4275000000	1210869
4280000000	1211079
4285000000	1211720
4290000000	1209411
4295000000	1210248
4300000000	1211324
4305000000	1210526
4310000000	1210429
4315000000	1210457
4320000000	1210549
4325000000	1210148
4330000000	1210606
4335000000	1208787
4340000000	1209776
4345000000	1209714
4350000000	1211179
4355000000	1208514
4360000000	1209332
4365000000	1211972
4370000000	1209880
4375000000	1210300
4380000000	1210165
4385000000	1210252
4390000000	1210745
4395000000	1211760
4400000000	1210201
4405000000	1213402
4410000000	1209662
4415000000	1209698
4420000000	1210347
4425000000	1210625
4430000000	1209730
4435000000	1212208
4440000000	1209967
4445000000	1210336
4450000000	1210361
4455000000	1209798
4460000000	1208771
4465000000	1210864
4470000000	1211107
4475000000	1213075
4480000000	1209394
4485000000	1211793
4490000000	1210778
4495000000	1210554
4500000000	1211949
4505000000	1213381
4510000000	1210957
4515000000	1208892
4520000000	1211483
4525000000	1209311
4530000000	1209918
4535000000	1211333
4540000000	1212517
4545000000	1210827
4550000000	1210328
4555000000	1209596
4560000000	1209449
4565000000	1211314
4570000000	1212493
4575000000	1209386
4580000000	1208230
4585000000	1210632
4590000000	1210806
4595000000	1209636
4600000000	1211867
4605000000	1209267
4610000000	1210897
4615000000	1211445
4620000000	1212318
4625000000	1211519
4630000000	1212103
4635000000	1212762
4640000000	1209153
4645000000	1209550
4650000000	1210533
4655000000	1210733
4660000000	1210826
4665000000	1210869
4670000000	1212215
4675000000	1210841
4680000000	1211488
4685000000	1210086
4690000000	1209478
4695000000	1210283
4700000000	1210921
4705000000	1211976
4710000000	1209928
4715000000	1212907
4720000000	1209947
4725000000	1211552
4730000000	1212144
4735000000	1210770
4740000000	1209374
4745000000	1209931
4750000000	1208714
4755000000	1208629
4760000000	1210945
4765000000	1211666
4770000000	1210422
4775000000	1211920
4780000000	1211582
4785000000	1209798
4790000000	1212041
4795000000	1209771
4800000000	1209958
4805000000	1209899
4810000000	1212342
4815000000	1212372
4820000000	1210734
4825000000	1211377
4830000000	1211047
4835000000	1210302
4840000000	1209956
4845000000	1211048
4850000000	1210625
4855000000	1210410
4860000000	1209105
4865000000	1208938
4870000000	1210417
4875000000	1213598
4880000000	1210468
4885000000	1211090
4890000000	1210756
4895000000	1210790
4900000000	1213375
4905000000	1212659
4910000000	1210871
4915000000	1209860
4920000000	1209009
4925000000	1210959
4930000000	1209391
4935000000	1210093
4940000000	1211194
4945000000	1212553
4950000000	1211217
4955000000	1211424
4960000000	1211425
4965000000	1211775
4970000000	1210548
4975000000	1210064
4980000000	1210948
4985000000	1210309
4990000000	1211474
4995000000	1211127
