"Time (ps)"	"Counts per bin"
0	49
20000000	55
40000000	70
60000000	40
80000000	59
100000000	59
120000000	49
140000000	54
160000000	54
180000000	53
200000000	67
220000000	54
240000000	50
260000000	47
280000000	47
300000000	63
320000000	57
340000000	57
360000000	57
380000000	51
400000000	50
420000000	46
440000000	33
460000000	47
480000000	51
500000000	54
520000000	50
540000000	43
560000000	46
580000000	52
600000000	45
620000000	39
640000000	55
660000000	59
680000000	59
700000000	60
720000000	66
740000000	50
760000000	52
780000000	54
800000000	58
820000000	57
840000000	52
860000000	59
880000000	51
900000000	59
920000000	50
940000000	56
960000000	44
980000000	43
1000000000	60
1020000000	46
1040000000	43
1060000000	52
1080000000	50
1100000000	54
1120000000	54
1140000000	54
1160000000	55
1180000000	50
1200000000	73
1220000000	57
1240000000	47
1260000000	59
1280000000	41
1300000000	65
1320000000	56
1340000000	61
1360000000	35
1380000000	48
1400000000	48
1420000000	45
1440000000	54
1460000000	62
1480000000	50
1500000000	57
1520000000	43
1540000000	56
1560000000	56
1580000000	40
1600000000	68
1620000000	51
1640000000	48
1660000000	48
1680000000	55
1700000000	51
1720000000	70
1740000000	34
1760000000	53
1780000000	58
1800000000	40
1820000000	44
1840000000	54
1860000000	53
1880000000	56
1900000000	60
1920000000	54
1940000000	47
1960000000	57
1980000000	63
2000000000	50
2020000000	66
2040000000	42
2060000000	54
2080000000	40
2100000000	47
2120000000	58
2140000000	61
2160000000	57
2180000000	52
2200000000	63
2220000000	75
2240000000	57
2260000000	38
2280000000	45
2300000000	52
2320000000	59
2340000000	55
2360000000	59
2380000000	55
2400000000	58
2420000000	45
2440000000	53
2460000000	54
2480000000	49
2500000000	51
2520000000	41
2540000000	56
2560000000	57
2580000000	53
2600000000	53
2620000000	53
2640000000	46
2660000000	42
2680000000	46
2700000000	66
2720000000	60
2740000000	59
2760000000	42
2780000000	56
2800000000	54
2820000000	50
2840000000	70
2860000000	62
2880000000	45
2900000000	57
2920000000	47
2940000000	44
2960000000	56
2980000000	57
3000000000	49
3020000000	44
3040000000	58
3060000000	61
3080000000	59
3100000000	53
3120000000	47
3140000000	42
3160000000	51
3180000000	56
3200000000	50
3220000000	59
3240000000	52
3260000000	41
3280000000	47
3300000000	49
3320000000	50
3340000000	41
3360000000	59
3380000000	55
3400000000	45
3420000000	68
3440000000	48
3460000000	57
3480000000	48
3500000000	43
3520000000	59
3540000000	50
3560000000	49
3580000000	52
3600000000	48
3620000000	48
3640000000	53
3660000000	65
3680000000	44
3700000000	53
3720000000	57
3740000000	66
3760000000	56
3780000000	48
3800000000	65
3820000000	54
3840000000	50
3860000000	65
3880000000	52
3900000000	42
3920000000	49
3940000000	40
3960000000	53
3980000000	62
4000000000	44
4020000000	37
4040000000	44
4060000000	46
4080000000	60
4100000000	49
4120000000	58
4140000000	41
4160000000	38
4180000000	58
4200000000	51
4220000000	51
4240000000	53
4260000000	57
4280000000	56
4300000000	54
4320000000	44
4340000000	59
4360000000	44
4380000000	56
4400000000	61
4420000000	51
4440000000	69
4460000000	40
4480000000	56
4500000000	57
4520000000	52
4540000000	52
4560000000	55
4580000000	47
4600000000	58
4620000000	55
4640000000	52
4660000000	64
4680000000	52
4700000000	38
4720000000	44
4740000000	63
4760000000	44
4780000000	54
4800000000	58
4820000000	55
4840000000	59
4860000000	46
4880000000	52
4900000000	56
4920000000	54
4940000000	54
4960000000	59
4980000000	62
5000000000	38
5020000000	60
5040000000	46
5060000000	63
5080000000	53
5100000000	54
5120000000	46
5140000000	62
5160000000	51
5180000000	52
5200000000	61
5220000000	56
5240000000	58
5260000000	47
5280000000	45
5300000000	63
5320000000	47
5340000000	50
5360000000	58
5380000000	52
5400000000	62
5420000000	59
5440000000	43
5460000000	55
5480000000	57
5500000000	50
5520000000	46
5540000000	53
5560000000	55
5580000000	72
5600000000	55
5620000000	44
5640000000	60
5660000000	50
5680000000	59
5700000000	64
5720000000	67
5740000000	45
5760000000	58
5780000000	57
5800000000	59
5820000000	54
5840000000	55
5860000000	58
5880000000	62
5900000000	56
5920000000	60
5940000000	47
5960000000	45
5980000000	57
6000000000	50
6020000000	41
6040000000	53
6060000000	59
6080000000	58
6100000000	54
6120000000	43
6140000000	54
6160000000	50
6180000000	49
6200000000	53
6220000000	58
6240000000	40
6260000000	60
6280000000	55
6300000000	42
6320000000	72
6340000000	47
6360000000	43
6380000000	45
6400000000	61
6420000000	38
6440000000	37
6460000000	55
6480000000	47
6500000000	47
6520000000	52
6540000000	56
6560000000	47
6580000000	55
6600000000	53
6620000000	57
6640000000	54
6660000000	53
6680000000	40
6700000000	50
6720000000	45
6740000000	65
6760000000	64
6780000000	50
6800000000	48
6820000000	66
6840000000	47
6860000000	51
6880000000	60
6900000000	58
6920000000	43
6940000000	47
6960000000	54
6980000000	62
7000000000	43
7020000000	48
7040000000	71
7060000000	54
7080000000	49
7100000000	44
7120000000	58
7140000000	51
7160000000	53
7180000000	58
7200000000	47
7220000000	58
7240000000	48
7260000000	66
7280000000	62
7300000000	57
7320000000	56
7340000000	45
7360000000	47
7380000000	53
7400000000	66
7420000000	55
7440000000	53
7460000000	51
7480000000	44
7500000000	60
7520000000	60
7540000000	58
7560000000	48
7580000000	42
7600000000	46
7620000000	62
7640000000	56
7660000000	39
7680000000	45
7700000000	51
7720000000	51
7740000000	59
7760000000	45
7780000000	51
7800000000	56
7820000000	40
7840000000	64
7860000000	50
7880000000	40
7900000000	46
7920000000	49
7940000000	51
7960000000	56
7980000000	56
8000000000	63
8020000000	51
8040000000	44
8060000000	58
8080000000	62
8100000000	53
8120000000	48
8140000000	49
8160000000	55
8180000000	55
8200000000	45
8220000000	41
8240000000	52
8260000000	63
8280000000	49
8300000000	41
8320000000	49
8340000000	64
8360000000	60
8380000000	62
8400000000	43
8420000000	56
8440000000	67
8460000000	55
8480000000	47
8500000000	49
8520000000	56
8540000000	38
8560000000	52
8580000000	53
8600000000	61
8620000000	49
8640000000	50
8660000000	49
8680000000	63
8700000000	51
8720000000	58
8740000000	51
8760000000	62
8780000000	47
8800000000	63
8820000000	45
8840000000	55
8860000000	63
8880000000	49
8900000000	57
8920000000	66
8940000000	61
8960000000	48
8980000000	46
9000000000	71
9020000000	44
9040000000	54
9060000000	46
9080000000	44
9100000000	55
9120000000	56
9140000000	48
9160000000	67
9180000000	42
9200000000	43
9220000000	62
9240000000	41
9260000000	56
9280000000	58
9300000000	54
9320000000	65
9340000000	39
9360000000	47
9380000000	57
9400000000	43
9420000000	52
9440000000	49
9460000000	39
9480000000	52
9500000000	49
9520000000	45
9540000000	56
9560000000	57
9580000000	57
9600000000	53
9620000000	41
9640000000	59
9660000000	55
9680000000	62
9700000000	60
9720000000	63
9740000000	49
9760000000	51
9780000000	67
9800000000	51
9820000000	50
9840000000	65
9860000000	56
9880000000	49
9900000000	53
9920000000	57
9940000000	39
9960000000	52
9980000000	46
10000000000	46
10020000000	57
10040000000	69
10060000000	42
10080000000	57
10100000000	60
10120000000	48
10140000000	56
10160000000	53
10180000000	54
10200000000	64
10220000000	57
10240000000	47
10260000000	47
10280000000	47
10300000000	64
10320000000	59
10340000000	56
10360000000	58
10380000000	50
10400000000	50
10420000000	46
10440000000	34
10460000000	45
10480000000	53
10500000000	53
10520000000	49
10540000000	45
10560000000	45
10580000000	50
10600000000	45
10620000000	40
10640000000	56
10660000000	56
10680000000	62
10700000000	61
10720000000	65
10740000000	51
10760000000	51
10780000000	54
10800000000	54
10820000000	62
10840000000	51
10860000000	59
10880000000	52
10900000000	58
10920000000	51
10940000000	56
10960000000	42
10980000000	42
11000000000	60
11020000000	48
11040000000	44
11060000000	50
11080000000	52
11100000000	52
11120000000	54
11140000000	56
11160000000	54
11180000000	50
11200000000	74
11220000000	56
11240000000	48
11260000000	59
11280000000	41
11300000000	62
11320000000	59
11340000000	61
11360000000	34
11380000000	48
11400000000	46
11420000000	43
11440000000	58
11460000000	61
11480000000	51
11500000000	56
11520000000	45
11540000000	55
11560000000	55
11580000000	42
11600000000	66
11620000000	52
11640000000	46
11660000000	51
11680000000	53
11700000000	52
11720000000	70
11740000000	35
11760000000	49
11780000000	61
11800000000	40
11820000000	45
11840000000	51
11860000000	55
11880000000	54
11900000000	61
11920000000	56
11940000000	45
11960000000	58
11980000000	61
12000000000	52
12020000000	65
12040000000	43
12060000000	53
12080000000	42
12100000000	46
12120000000	57
12140000000	63
12160000000	55
12180000000	53
12200000000	60
12220000000	79
12240000000	57
12260000000	37
12280000000	46
12300000000	52
12320000000	58
12340000000	50
12360000000	64
12380000000	55
12400000000	58
12420000000	45
12440000000	53
12460000000	55
12480000000	46
12500000000	50
12520000000	45
12540000000	52
12560000000	60
12580000000	53
12600000000	53
12620000000	51
12640000000	47
12660000000	44
12680000000	45
12700000000	66
12720000000	60
12740000000	59
12760000000	42
12780000000	57
12800000000	52
12820000000	51
12840000000	70
12860000000	61
12880000000	47
12900000000	55
12920000000	47
12940000000	45
12960000000	56
12980000000	57
13000000000	48
13020000000	44
13040000000	57
13060000000	61
13080000000	61
13100000000	52
13120000000	49
13140000000	42
13160000000	49
13180000000	56
13200000000	52
13220000000	59
13240000000	52
13260000000	41
13280000000	45
13300000000	50
13320000000	51
13340000000	40
13360000000	59
13380000000	55
13400000000	45
13420000000	64
13440000000	52
13460000000	55
13480000000	50
13500000000	44
13520000000	58
13540000000	49
13560000000	51
13580000000	52
13600000000	48
13620000000	47
13640000000	53
13660000000	65
13680000000	43
13700000000	54
13720000000	56
13740000000	67
13760000000	55
13780000000	50
13800000000	64
13820000000	53
13840000000	52
13860000000	63
13880000000	51
13900000000	42
13920000000	49
13940000000	43
13960000000	50
13980000000	64
14000000000	44
14020000000	38
14040000000	44
14060000000	43
14080000000	60
14100000000	52
14120000000	54
14140000000	44
14160000000	38
14180000000	56
14200000000	52
14220000000	53
14240000000	52
14260000000	56
14280000000	58
14300000000	53
14320000000	44
14340000000	58
14360000000	46
14380000000	52
14400000000	63
14420000000	51
14440000000	70
14460000000	41
14480000000	53
14500000000	58
14520000000	52
14540000000	53
14560000000	56
14580000000	46
14600000000	58
14620000000	56
14640000000	52
14660000000	62
14680000000	51
14700000000	40
14720000000	44
14740000000	63
14760000000	41
14780000000	58
14800000000	57
14820000000	55
14840000000	59
14860000000	46
14880000000	52
14900000000	56
14920000000	54
14940000000	52
14960000000	62
14980000000	61
15000000000	39
15020000000	57
15040000000	49
15060000000	57
15080000000	59
15100000000	52
15120000000	47
15140000000	62
15160000000	52
15180000000	51
15200000000	62
15220000000	56
15240000000	57
15260000000	48
15280000000	44
15300000000	63
15320000000	47
15340000000	50
15360000000	58
15380000000	53
15400000000	59
15420000000	60
15440000000	43
15460000000	54
15480000000	56
15500000000	49
15520000000	49
15540000000	52
15560000000	56
15580000000	71
15600000000	55
15620000000	44
15640000000	62
15660000000	48
15680000000	58
15700000000	65
15720000000	67
15740000000	45
15760000000	59
15780000000	55
15800000000	60
15820000000	55
15840000000	56
15860000000	57
15880000000	63
15900000000	56
15920000000	58
15940000000	49
15960000000	43
15980000000	56
16000000000	53
16020000000	40
16040000000	54
16060000000	58
16080000000	58
16100000000	51
16120000000	45
16140000000	53
16160000000	53
16180000000	49
16200000000	53
16220000000	57
16240000000	40
16260000000	60
16280000000	55
16300000000	42
16320000000	71
16340000000	46
16360000000	45
16380000000	44
16400000000	62
16420000000	38
16440000000	37
16460000000	55
16480000000	47
16500000000	46
16520000000	51
16540000000	59
16560000000	47
16580000000	53
16600000000	54
16620000000	57
16640000000	54
16660000000	53
16680000000	39
16700000000	52
16720000000	43
16740000000	64
16760000000	67
16780000000	48
16800000000	49
16820000000	63
16840000000	48
16860000000	53
16880000000	60
16900000000	58
16920000000	43
16940000000	47
16960000000	54
16980000000	61
17000000000	43
17020000000	49
17040000000	71
17060000000	52
17080000000	52
17100000000	43
17120000000	58
17140000000	52
17160000000	53
17180000000	58
17200000000	47
17220000000	57
17240000000	49
17260000000	65
17280000000	62
17300000000	57
17320000000	55
17340000000	45
17360000000	49
17380000000	53
17400000000	62
17420000000	58
17440000000	52
17460000000	52
17480000000	44
17500000000	59
17520000000	61
17540000000	56
17560000000	51
17580000000	42
17600000000	43
17620000000	64
17640000000	55
17660000000	41
17680000000	42
17700000000	50
17720000000	52
17740000000	61
17760000000	46
17780000000	46
17800000000	61
17820000000	38
17840000000	62
17860000000	53
17880000000	40
17900000000	45
17920000000	49
17940000000	51
17960000000	57
17980000000	56
18000000000	63
18020000000	51
18040000000	44
18060000000	57
18080000000	63
18100000000	52
18120000000	49
18140000000	48
18160000000	55
18180000000	57
18200000000	43
18220000000	42
18240000000	52
18260000000	64
18280000000	49
18300000000	41
18320000000	49
18340000000	63
18360000000	57
18380000000	64
18400000000	45
18420000000	56
18440000000	66
18460000000	56
18480000000	47
18500000000	48
18520000000	54
18540000000	39
18560000000	54
18580000000	52
18600000000	62
18620000000	49
18640000000	49
18660000000	47
18680000000	64
18700000000	53
18720000000	57
18740000000	52
18760000000	62
18780000000	43
18800000000	67
18820000000	44
18840000000	55
18860000000	63
18880000000	50
18900000000	57
18920000000	65
18940000000	61
18960000000	48
18980000000	47
19000000000	69
19020000000	43
19040000000	57
19060000000	46
19080000000	40
19100000000	57
19120000000	58
19140000000	46
19160000000	67
19180000000	42
19200000000	45
19220000000	62
19240000000	41
19260000000	54
19280000000	58
19300000000	54
19320000000	66
19340000000	39
19360000000	46
19380000000	59
19400000000	43
19420000000	50
19440000000	50
19460000000	40
19480000000	52
19500000000	48
19520000000	46
19540000000	56
19560000000	56
19580000000	58
19600000000	53
19620000000	40
19640000000	59
19660000000	56
19680000000	60
19700000000	59
19720000000	63
19740000000	49
19760000000	52
19780000000	64
19800000000	52
19820000000	54
19840000000	63
19860000000	58
19880000000	49
19900000000	51
19920000000	58
19940000000	40
19960000000	51
19980000000	45
