"Time (ps)"	"Counts per bin"
0	1036
100000	1072
200000	1036
300000	967
400000	1070
500000	1025
600000	1000
700000	972
800000	1010
900000	1013
1000000	988
1100000	952
1200000	995
1300000	953
1400000	995
1500000	1024
1600000	1050
1700000	1008
1800000	1041
1900000	993
2000000	1039
2100000	999
2200000	1009
2300000	1002
2400000	998
2500000	1007
2600000	1037
2700000	951
2800000	1028
2900000	957
3000000	1044
3100000	1011
3200000	979
3300000	1042
3400000	1012
3500000	1046
3600000	999
3700000	1000
3800000	1004
3900000	1005
4000000	1039
4100000	985
4200000	977
4300000	1036
4400000	1018
4500000	933
4600000	997
4700000	979
4800000	964
4900000	1008
5000000	1022
5100000	980
5200000	958
5300000	956
5400000	1015
5500000	985
5600000	974
5700000	937
5800000	932
5900000	992
6000000	904
6100000	1006
6200000	980
6300000	1003
6400000	1026
6500000	977
6600000	1026
6700000	976
6800000	955
6900000	954
7000000	904
7100000	970
7200000	975
7300000	955
7400000	999
7500000	987
7600000	948
7700000	915
7800000	933
7900000	989
8000000	940
8100000	960
8200000	930
8300000	928
8400000	900
8500000	1024
8600000	939
8700000	907
8800000	926
8900000	958
9000000	971
9100000	908
9200000	968
9300000	934
9400000	930
9500000	968
9600000	954
9700000	969
9800000	939
9900000	914
10000000	911
10100000	944
10200000	933
10300000	963
10400000	957
10500000	932
10600000	961
10700000	912
10800000	947
10900000	959
11000000	930
11100000	921
11200000	927
11300000	916
11400000	913
11500000	922
11600000	929
11700000	895
11800000	948
11900000	926
12000000	941
12100000	905
12200000	930
12300000	915
12400000	932
12500000	907
12600000	944
12700000	923
12800000	874
12900000	937
13000000	869
13100000	893
13200000	889
13300000	932
13400000	910
13500000	938
13600000	959
13700000	866
13800000	910
13900000	894
14000000	877
14100000	943
14200000	945
14300000	846
14400000	849
14500000	865
14600000	890
14700000	916
14800000	855
14900000	880
15000000	851
15100000	880
15200000	873
15300000	897
15400000	893
15500000	882
15600000	894
15700000	917
15800000	874
15900000	912
16000000	909
16100000	822
16200000	881
16300000	903
16400000	840
16500000	888
16600000	918
16700000	863
16800000	863
16900000	883
17000000	860
17100000	869
17200000	822
17300000	855
17400000	906
17500000	886
17600000	908
17700000	844
17800000	818
17900000	874
18000000	879
18100000	829
18200000	856
18300000	867
18400000	851
18500000	808
18600000	863
18700000	834
18800000	798
18900000	850
19000000	880
19100000	876
19200000	875
19300000	881
19400000	828
19500000	849
19600000	825
19700000	842
19800000	842
19900000	862
20000000	825
20100000	821
20200000	820
20300000	821
20400000	852
20500000	810
20600000	858
20700000	854
20800000	836
20900000	830
21000000	831
21100000	832
21200000	828
21300000	841
21400000	825
21500000	827
21600000	826
21700000	800
21800000	801
21900000	827
22000000	887
22100000	812
22200000	835
22300000	805
22400000	802
22500000	812
22600000	803
22700000	776
22800000	830
22900000	871
23000000	775
23100000	831
23200000	814
23300000	839
23400000	784
23500000	803
23600000	803
23700000	799
23800000	787
23900000	771
24000000	827
24100000	821
24200000	825
24300000	813
24400000	814
24500000	816
24600000	800
24700000	777
24800000	799
24900000	817
25000000	786
25100000	842
25200000	797
25300000	826
25400000	810
25500000	826
25600000	758
25700000	772
25800000	838
25900000	783
26000000	786
26100000	815
26200000	732
26300000	794
26400000	780
26500000	778
26600000	780
26700000	811
26800000	744
26900000	790
27000000	837
27100000	821
27200000	820
27300000	808
27400000	812
27500000	733
27600000	756
27700000	746
27800000	805
27900000	759
28000000	798
28100000	775
28200000	831
28300000	772
28400000	766
28500000	776
28600000	787
28700000	754
28800000	736
28900000	764
29000000	802
29100000	784
29200000	719
29300000	732
29400000	766
29500000	768
29600000	705
29700000	746
29800000	758
29900000	755
30000000	772
30100000	737
30200000	760
30300000	813
30400000	786
30500000	779
30600000	734
30700000	776
30800000	743
30900000	780
31000000	740
31100000	744
31200000	741
31300000	754
31400000	717
31500000	773
31600000	732
31700000	737
31800000	776
31900000	756
32000000	773
32100000	769
32200000	751
32300000	762
32400000	702
32500000	746
32600000	739
32700000	741
32800000	740
32900000	708
33000000	767
33100000	728
33200000	747
33300000	754
33400000	718
33500000	740
33600000	710
33700000	742
33800000	744
33900000	756
34000000	694
34100000	739
34200000	746
34300000	749
34400000	763
34500000	760
34600000	784
34700000	733
34800000	739
34900000	758
35000000	744
35100000	733
35200000	744
35300000	752
35400000	706
35500000	732
35600000	725
35700000	749
35800000	774
35900000	725
36000000	717
36100000	709
36200000	761
36300000	689
36400000	692
36500000	689
36600000	703
36700000	719
36800000	697
36900000	661
37000000	698
37100000	753
37200000	689
37300000	746
37400000	703
37500000	705
37600000	729
37700000	682
37800000	719
37900000	714
38000000	698
38100000	699
38200000	686
38300000	695
38400000	701
38500000	684
38600000	713
38700000	740
38800000	663
38900000	729
39000000	680
39100000	706
39200000	754
39300000	711
39400000	717
39500000	723
39600000	677
39700000	723
39800000	691
39900000	723
40000000	699
40100000	664
40200000	694
40300000	701
40400000	715
40500000	682
40600000	664
40700000	691
40800000	671
40900000	711
41000000	695
41100000	635
41200000	685
41300000	709
41400000	662
41500000	695
41600000	702
41700000	686
41800000	644
41900000	652
42000000	648
42100000	684
42200000	710
42300000	678
42400000	672
42500000	701
42600000	688
42700000	690
42800000	654
42900000	669
43000000	704
43100000	652
43200000	710
43300000	669
43400000	648
43500000	682
43600000	689
43700000	675
43800000	716
43900000	666
44000000	688
44100000	686
44200000	670
44300000	653
44400000	725
44500000	687
44600000	675
44700000	646
44800000	672
44900000	661
45000000	625
45100000	673
45200000	692
45300000	600
45400000	700
45500000	649
45600000	666
45700000	673
45800000	684
45900000	619
46000000	673
46100000	667
46200000	622
46300000	675
46400000	663
46500000	693
46600000	656
46700000	706
46800000	652
46900000	652
47000000	652
47100000	654
47200000	665
47300000	624
47400000	664
47500000	666
47600000	662
47700000	663
47800000	677
47900000	646
48000000	662
48100000	666
48200000	662
48300000	726
48400000	656
48500000	643
48600000	645
48700000	578
48800000	631
48900000	593
49000000	672
49100000	639
49200000	635
49300000	654
49400000	653
49500000	650
49600000	640
49700000	614
49800000	657
49900000	637
50000000	606
50100000	636
50200000	600
50300000	622
50400000	624
50500000	650
50600000	625
50700000	645
50800000	658
50900000	660
51000000	625
51100000	644
51200000	600
51300000	574
51400000	602
51500000	600
51600000	637
51700000	582
51800000	572
51900000	601
52000000	620
52100000	663
52200000	636
52300000	616
52400000	632
52500000	590
52600000	613
52700000	641
52800000	627
52900000	619
53000000	600
53100000	594
53200000	629
53300000	654
53400000	578
53500000	582
53600000	596
53700000	603
53800000	623
53900000	580
54000000	564
54100000	603
54200000	591
54300000	612
54400000	581
54500000	593
54600000	662
54700000	634
54800000	595
54900000	621
55000000	617
55100000	634
55200000	607
55300000	610
55400000	611
55500000	549
55600000	591
55700000	589
55800000	581
55900000	589
56000000	552
56100000	598
56200000	584
56300000	615
56400000	575
56500000	556
56600000	572
56700000	581
56800000	571
56900000	618
57000000	609
57100000	589
57200000	634
57300000	553
57400000	594
57500000	625
57600000	595
57700000	614
57800000	604
57900000	599
58000000	603
58100000	614
58200000	592
58300000	613
58400000	579
58500000	579
58600000	552
58700000	603
58800000	622
58900000	600
59000000	592
59100000	630
59200000	577
59300000	614
59400000	583
59500000	587
59600000	612
59700000	546
59800000	592
59900000	565
60000000	620
60100000	579
60200000	590
60300000	600
60400000	583
60500000	577
60600000	579
60700000	582
60800000	585
60900000	574
61000000	598
61100000	593
61200000	576
61300000	561
61400000	548
61500000	570
61600000	587
61700000	544
61800000	566
61900000	572
62000000	612
62100000	591
62200000	572
62300000	567
62400000	592
62500000	596
62600000	555
62700000	580
62800000	566
62900000	568
63000000	547
63100000	576
63200000	557
63300000	567
63400000	535
63500000	550
63600000	578
63700000	649
63800000	557
63900000	549
64000000	534
64100000	590
64200000	564
64300000	570
64400000	543
64500000	569
64600000	584
64700000	569
64800000	544
64900000	549
65000000	583
65100000	526
65200000	587
65300000	592
65400000	576
65500000	534
65600000	551
65700000	615
65800000	599
65900000	574
66000000	549
66100000	546
66200000	514
66300000	570
66400000	519
66500000	562
66600000	556
66700000	587
66800000	572
66900000	572
67000000	562
67100000	503
67200000	566
67300000	549
67400000	560
67500000	575
67600000	561
67700000	566
67800000	567
67900000	548
68000000	534
68100000	603
68200000	570
68300000	516
68400000	526
68500000	478
68600000	529
68700000	553
68800000	563
68900000	537
69000000	530
69100000	535
69200000	537
69300000	568
69400000	581
69500000	534
69600000	542
69700000	529
69800000	581
69900000	543
70000000	559
70100000	566
70200000	502
70300000	497
70400000	477
70500000	501
70600000	525
70700000	526
70800000	547
70900000	511
71000000	499
71100000	489
71200000	490
71300000	517
71400000	501
71500000	492
71600000	546
71700000	537
71800000	526
71900000	504
72000000	546
72100000	561
72200000	507
72300000	514
72400000	528
72500000	554
72600000	525
72700000	476
72800000	562
72900000	508
73000000	539
73100000	512
73200000	534
73300000	547
73400000	533
73500000	480
73600000	530
73700000	516
73800000	530
73900000	502
74000000	508
74100000	541
74200000	512
74300000	500
74400000	519
74500000	512
74600000	503
74700000	512
74800000	548
74900000	552
75000000	485
75100000	482
75200000	514
75300000	514
75400000	507
75500000	530
75600000	490
75700000	526
75800000	482
75900000	503
76000000	533
76100000	506
76200000	509
76300000	555
76400000	474
76500000	458
76600000	515
76700000	525
76800000	506
76900000	511
77000000	493
77100000	472
77200000	490
77300000	514
77400000	523
77500000	488
77600000	500
77700000	477
77800000	486
77900000	514
78000000	519
78100000	492
78200000	494
78300000	501
78400000	467
78500000	503
78600000	522
78700000	515
78800000	467
78900000	499
79000000	465
79100000	480
79200000	508
79300000	461
79400000	487
79500000	482
79600000	473
79700000	544
79800000	490
79900000	474
80000000	424
80100000	473
80200000	446
80300000	508
80400000	488
80500000	494
80600000	520
80700000	477
80800000	461
80900000	476
81000000	521
81100000	510
81200000	466
81300000	486
81400000	476
81500000	509
81600000	523
81700000	481
81800000	482
81900000	492
82000000	471
82100000	467
82200000	490
82300000	474
82400000	484
82500000	506
82600000	539
82700000	489
82800000	488
82900000	469
83000000	498
83100000	522
83200000	478
83300000	465
83400000	483
83500000	456
83600000	477
83700000	465
83800000	492
83900000	501
84000000	473
84100000	503
84200000	451
84300000	461
84400000	480
84500000	475
84600000	523
84700000	478
84800000	470
84900000	510
85000000	506
85100000	528
85200000	500
85300000	458
85400000	457
85500000	452
85600000	469
85700000	497
85800000	457
85900000	493
86000000	464
86100000	467
86200000	501
86300000	499
86400000	497
86500000	504
86600000	445
86700000	478
86800000	531
86900000	452
87000000	472
87100000	475
87200000	471
87300000	471
87400000	455
87500000	475
87600000	484
87700000	448
87800000	467
87900000	467
88000000	454
88100000	460
88200000	435
88300000	462
88400000	479
88500000	464
88600000	439
88700000	505
88800000	466
88900000	456
89000000	466
89100000	470
89200000	434
89300000	390
89400000	437
89500000	470
89600000	454
89700000	447
89800000	446
89900000	461
90000000	437
90100000	473
90200000	457
90300000	489
90400000	423
90500000	453
90600000	450
90700000	463
90800000	455
90900000	453
91000000	416
91100000	496
91200000	443
91300000	468
91400000	429
91500000	439
91600000	425
91700000	429
91800000	459
91900000	486
92000000	451
92100000	436
92200000	442
92300000	452
92400000	481
92500000	428
92600000	459
92700000	451
92800000	456
92900000	467
93000000	437
93100000	450
93200000	447
93300000	415
93400000	405
93500000	432
93600000	448
93700000	468
93800000	424
93900000	439
94000000	424
94100000	451
94200000	428
94300000	421
94400000	435
94500000	461
94600000	463
94700000	406
94800000	441
94900000	485
95000000	437
95100000	417
95200000	437
95300000	482
95400000	435
95500000	434
95600000	437
95700000	450
95800000	452
95900000	460
96000000	438
96100000	415
96200000	409
96300000	442
96400000	416
96500000	469
96600000	484
96700000	444
96800000	441
96900000	435
97000000	458
97100000	406
97200000	428
97300000	452
97400000	451
97500000	437
97600000	449
97700000	462
97800000	435
97900000	421
98000000	439
98100000	494
98200000	457
98300000	436
98400000	406
98500000	417
98600000	483
98700000	415
98800000	441
98900000	446
99000000	379
99100000	443
99200000	464
99300000	417
99400000	410
99500000	413
99600000	420
99700000	429
99800000	425
99900000	421
